time,open,close,high,low,volume,turnover,avg_vol_last_100,MACD_12_26_9,MACDh_12_26_9,MACDs_12_26_9,PP,R1,S1,R2,S2,R3,S3,BBL_5_2.0,BBM_5_2.0,BBU_5_2.0,BBB_5_2.0,BBP_5_2.0,RSI,SMA_5,SMA_10,SMA_20,EMA_5,EMA_10,EMA_20,STOCHk_14_3_3,STOCHd_14_3_3,ATR,ROC,CCI,color_change
1672716000,-2.1192860907717956,-2.120014053655319,-2.123175227898038,-2.1140543448833102,-0.7549572682328328,-0.7997585507489614,-1.1365695586109819,-6.332299888759735,-6.94891941067504,0.6166195219153047,16675.375,16681.75,16669.25,16687.875,16662.875,16694.25,16656.75,16665.528104447414,16678.975,16692.421895552583,0.1612436681820611,0.6347894756014254,44.18532743444307,16678.975,16694.059999999998,16706.291250000002,16682.005525279117,16690.073729424494,16697.984098586043,18.609918931807268,17.79128914322045,31.37001018447232,-0.2629049880205514,-62.43827744123311,1
1672718460,-2.118338179349042,-2.1171393735706583,-2.123773333755365,-2.1110361992496003,-0.7950941345668371,-0.8282986412027911,-1.1633925156994611,-6.0058666764816735,-5.297988958717583,-0.7078777177640909,16683.43333333333,16695.36666666666,16670.66666666666,16708.13333333333,16658.73333333333,16720.066666666662,16645.96666666666,16665.17358928656,16679.129999999997,16693.086410713433,0.1673517828979763,0.914504855064972,48.03394609798743,16679.129999999997,16690.254999999997,16706.11375,16684.903683519413,16690.187596801858,16697.290374911183,22.0135908440615,18.766889206802887,30.065034376747896,-0.2274527385489227,-40.52304943469928,1
1672720920,-2.1164268123710936,-2.1160303148960202,-2.1215568238135085,-2.109327973097621,-0.6962356580639999,-0.7579580304737727,-1.1815496650818176,-5.432383485367609,-3.7796046140828143,-1.6527788712847946,16688.376399246004,16696.82360075399,16682.25279849201,16702.947201507985,16673.805596984024,16711.39440301597,16667.68199623003,16669.117235223992,16683.835,16698.552764776006,0.176431435290594,0.8393857746756342,49.48124692100096,16683.835,16686.472499999996,16704.986249999998,16687.87745567961,16690.84894283788,16696.960339205354,26.353123509773752,22.325544428547506,28.98695978217675,-0.2260685586896733,-19.645017513303607,1
1672723380,-2.1149165720663126,-2.1045759569043594,-2.1022767055891047,-2.107584300169652,-0.2741789699554937,-0.45660563456240394,-1.1689183310178632,-2.3465219141471607,-0.5549944342898929,-1.7915274798572678,16693.108333333334,16701.516666666666,16685.416666666668,16709.208333333332,16677.008333333335,16717.616666666665,16669.31666666667,16659.029052977767,16693.77,16728.510947022234,0.4162145162205271,0.965301075116164,61.42930755516905,16693.77,16688.34,16704.56625,16700.618303786407,16697.258225958263,16699.73554499532,36.72508345254921,28.36393260212815,31.830224453164448,0.111776650201905,88.77471048961064,0
1672725840,-2.1084339891202677,-2.097043230386219,-2.095943820040943,-2.1010443263333523,-0.503120399629452,-0.6193158499715903,-1.1726949031624558,1.7910792816983303,2.8660854092444783,-1.0750061275461482,16723.7565998115,16757.943400188495,16691.913199623,16789.786800376995,16657.726399246003,16823.97360075399,16625.882999057503,16658.96217604002,16708.109999999997,16757.257823959975,0.5883109934035421,0.8989495041726918,66.96296193300196,16708.109999999997,16693.6275,16705.837499999998,16716.18720252427,16706.36127578403,16704.267874043384,50.226514067713794,37.76824034334558,34.42110478308287,0.3167220243853278,140.99907827969227,1
1672728300,-2.1014261477542844,-2.105835847558748,-2.1107909183816322,-2.0993381418233255,-0.8172273788738514,-0.8438275458823378,-1.1973234584501564,3.0360251840684214,3.288825049291656,-0.2527998652232343,16742.919966572415,16778.00503342758,16712.239933144832,16808.685066855163,16677.154866289668,16843.770133710328,16646.474832862084,16673.59881178131,16716.1,16758.601188218687,0.5085060297400493,0.5758802314750885,56.73166334104378,16716.1,16697.5375,16706.311250000002,16718.30813501618,16709.304680186935,16706.009028896395,57.07558416785741,48.0090605627068,34.4441931625268,0.2343639954565665,76.48228216094076,0
1672730760,-2.10231875350701,-2.1060576592936755,-2.1093484277845516,-2.100233287994857,-0.6872646749902888,-0.7511399941079642,-1.2122305763257126,3.92695402285608,3.343803110463451,0.5831509123926286,16722.183333333334,16731.76666666667,16712.966666666667,16740.983333333337,16703.38333333333,16750.566666666673,16694.166666666664,16688.266159057264,16722.344999999998,16756.42384094273,0.4075844738609714,0.4938378185938889,56.49714670460448,16722.344999999998,16700.7375,16706.85,16719.513756677454,16711.59928378931,16707.524835668166,58.59987477207076,55.30065766921399,33.76017208127469,0.1917324373836311,88.36475676198845,1
1672733220,-2.1028759677465345,-2.108435481092099,-2.112268591676204,-2.1038496785278458,-0.6597701324088983,-0.7317139592060838,-1.224658203121641,4.045750645578664,2.7700797865488287,1.2756708590298358,16722.50833333333,16734.916666666664,16709.516666666663,16747.908333333333,16697.10833333333,16760.316666666666,16684.11666666666,16704.76322971487,16726.625,16748.48677028513,0.2614008538498322,0.2392708858587799,53.92374460197608,16726.625,16705.23,16706.703749999997,16718.084171118302,16712.258504918525,16708.25818465215,53.22371568703642,56.29972487565485,33.26609622083881,0.2694912509072978,54.5935251898862,1
1672735680,-2.1043435446793866,-2.1080628373774197,-2.1105446394992047,-2.1039212902215687,-0.6191998959327049,-0.7027074193879238,-1.2339699316054151,4.176480185938999,2.3206474615273307,1.8558327244116684,16714.141666666666,16728.283333333333,16701.083333333332,16741.341666666667,16686.941666666666,16755.483333333334,16673.88333333333,16701.251249499386,16724.659999999996,16748.068750500606,0.2799309582450112,0.3209003082036299,54.27524972450582,16724.659999999996,16709.214999999997,16706.286249999997,16717.48111407887,16712.98877675152,16709.021690875754,54.04310818231758,55.28889954714159,33.1936168466235,0.238960088867959,52.85510264265077,1
1672738140,-2.1048910020557017,-2.100521238389882,-2.1021007921016555,-2.0974699728854347,-0.6236318939047139,-0.7054729497471854,-1.2431178838360775,5.926465094358719,3.2565058959576403,2.669959198401078,16716.05833333333,16732.316666666662,16700.016666666663,16748.35833333333,16683.75833333333,16764.61666666666,16667.716666666664,16706.7611167267,16722.7,16738.638883273303,0.1906257156236977,0.9650576751770588,60.793961282928336,16722.7,16715.405,16706.931249999998,16724.162409385914,16717.449908251245,16711.73629174473,58.25248768972512,55.17310385302636,33.68934086304885,0.3712004797421473,102.81946660466764,0
1672740600,-2.1013937443963715,-2.1005389833286774,-2.1075189275150823,-2.093941753689293,-0.8186832648404401,-0.8447914013182466,-1.263433679140876,7.226009223810252,3.6448400203273374,3.581169203482913,16737.147498955386,16756.47750104461,16718.194997910774,16775.430002089222,16698.86499582155,16794.760004178446,16679.912494776938,16705.86002585122,16725.685,16745.509974148783,0.2370602357844431,0.7973522162378661,60.77200748015068,16725.685,16720.892499999998,16707.47625,16728.59993959061,16721.090834023744,16714.187597292854,64.28768448324318,58.86109345176195,32.14999354632567,0.3289355376260295,83.98987028367758,1
1672743060,-2.099653988475759,-2.1027304832697618,-2.108574408439776,-2.0951488577405555,-0.8537241940256549,-0.8698326280481149,-1.284881307142876,7.66923030273756,3.270448879403717,4.398781423333843,16735.282082811027,16742.892917188972,16729.864165622053,16748.310834377946,16722.25333124411,16755.92166875589,16716.835414055135,16707.738809319326,16727.56,16747.381190680677,0.2369884272503042,0.59434347462396,57.98696798855905,16727.56,16724.9525,16707.603750000002,16729.499959727076,16722.947046019424,16715.81734993163,66.54773899912549,63.02930372403125,30.75728455000157,0.2432492346037146,64.65807128330201,0
1672745520,-2.0998799147834886,-2.1056051633544226,-2.109137331599613,-2.0997320061387987,-0.4077551867011361,-0.5518379853280027,-1.2800628660688589,7.282930802721239,2.307319503509916,4.975611299211323,16731.100000000002,16737.900000000005,16724.500000000004,16744.500000000004,16717.7,16751.300000000007,16711.100000000002,16712.536052981624,16729.155000000002,16745.77394701838,0.1986824441327501,0.3208370243488833,54.46124581305856,16729.155000000002,16727.890000000003,16707.18125,16727.399973151383,16722.993037652257,16716.52045946195,60.46580664270712,63.76707670835859,30.30123417076661,0.175963267855052,33.66727754383796,0
1672747980,-2.1014302892039245,-2.1087903798679832,-2.112139020467016,-2.101522298481863,-0.5338128464534083,-0.6418330791258733,-1.2824578963172175,6.181323720913497,0.9645699373617383,5.216753783551758,16723.600000000002,16735.700000000004,16711.100000000006,16748.2,16699.000000000004,16760.300000000003,16686.500000000007,16710.825027901818,16728.745000000003,16746.664972098188,0.2142416791957208,0.094865440625473,50.77723531648573,16728.745000000003,16726.7025,16707.521249999998,16723.008315434257,16721.39884898821,16716.301844275098,51.07430074240839,59.36261546141367,29.61917827609789,-0.0709968253209056,-8.470390414493219,0
1672750440,-2.10379816358914,-2.108444353561497,-2.1108612837766123,-2.102381638806534,-0.6770499518346287,-0.7438918945107293,-1.2925507835941796,5.325576591621939,0.0870582464561442,5.238518345165795,16716.09776035138,16725.695520702757,16704.627239648624,16737.16604140551,16695.029479297245,16746.76380175689,16683.55895859449,16706.211148348608,16724.28,16742.34885165139,0.2160792769720552,0.2487388746339413,51.16371860208682,16724.28,16723.489999999998,16708.55875,16720.405543622837,16720.271785535806,16716.19690672509,43.77222368346367,51.770777022859725,29.43353535044669,-0.1918216789845543,-20.615157110485683,1
1672752900,-2.104809079055217,-2.1029789124128806,-2.1061468023129812,-2.0973873246132535,-0.6105727761304124,-0.6963243476419629,-1.2986866372947432,5.822919136004202,0.4675206326707259,5.355398503333476,16716.833333333332,16729.566666666666,16702.466666666664,16743.933333333334,16689.73333333333,16756.666666666668,16675.36666666666,16708.358921490653,16722.905,16737.451078509344,0.1739659288783322,0.7645042784230761,56.91765241998174,16722.905,16724.295000000002,16710.91625,16723.80369574856,16722.149642711112,16717.56862989413,43.71042452499241,46.18564965028816,29.43106964877966,0.0481385913033554,58.80430707991584,0
1672755360,-2.1025816807999576,-2.106634369804486,-2.0972103971505747,-2.1127295285494427,0.7185626607032198,0.25234226712865854,-1.2351148351809405,5.324564501137502,-0.0246672017567792,5.349231702894281,16731.082773421174,16744.11722657882,16717.56554684235,16757.634453157643,16704.531093684705,16770.668906315288,16691.01386710588,16708.81902507153,16720.704999999998,16732.590974928466,0.1421707389546969,0.4829631139880161,52.46524245362959,16720.704999999998,16724.1325,16712.434999999998,16722.63579716571,16721.813344036364,16717.828760380402,45.03945924041437,44.17403581629015,34.227292453989925,-0.0097177806980737,-32.00367363575531,1
1672757820,-2.103295800937227,-2.126659533233749,-2.1139882937601673,-2.1319214624670884,0.7379852396533968,0.2603829191308142,-1.173040900393897,0.3722973142648698,-3.981547510903529,4.353844825168399,16721.833333333332,16768.466666666664,16673.666666666664,16816.63333333333,16627.033333333333,16863.266666666663,16578.866666666665,16662.397534518495,16708.84,16755.282465481505,0.5559029290064992,0.0159064066279277,35.89833360976495,16708.84,16718.9975,16712.11375,16703.04886477714,16711.279099666113,16712.690307010842,41.75895981752381,43.50294786097686,39.095927606348525,-0.3072049583538274,-325.6215907214354,0
1672760280,-2.113665938872073,-2.1290018651545837,-2.1242681643108905,-2.124617069707387,-0.04876996082695122,-0.298071842592005,-1.152889786250073,-4.038422530888056,-6.713813884845164,2.6753913539571084,16669.262360021963,16716.924720043928,16616.212639978043,16769.974440087848,16568.550279956078,16817.636800109813,16515.500559912158,16636.278642323377,16697.45,16758.621357676624,0.7327029896975082,0.1716191897163646,34.52504717455656,16697.45,16713.0975,16711.15625,16687.79090985143,16701.46017245409,16707.412658724097,32.561863581912725,39.7867608799503,39.97292524754085,-0.3529494459740582,-241.45651627968385,1
1672762740,-2.1200222318344797,-2.1352037212631583,-2.1305691286034145,-2.1337833665038737,-0.06206170537257525,-0.3084409996265933,-1.1341544147228075,-8.842109902096126,-9.214001004842588,0.3718911027464613,16664.12284667765,16686.245693355297,16635.152153322357,16715.21638671059,16613.02930664471,16737.339233388237,16584.058613289417,16609.988528614,16682.370000000003,16754.751471386004,0.8677600531099725,0.2059330296494017,31.129449595769167,16682.370000000003,16703.325,16709.364999999998,16671.793939900956,16690.249232007893,16700.97335789323,22.362210804134232,32.22767806785692,41.34569960894239,-0.583867686530706,-201.984478431786,1
1672765200,-2.126301460029675,-2.139497996451357,-2.136793698942846,-2.1332820846478167,-0.6409908934063736,-0.719523839447505,-1.1441273327926056,-13.4701600088556,-11.073640889281648,-2.396519119573952,16643.79475667216,16671.189513344318,16612.40524332785,16702.57902668863,16585.01048665569,16729.973783360787,16553.62097331138,16597.953704681393,16661.79,16725.62629531861,0.766259751426562,0.2329888911170639,29.002440494325903,16661.79,16692.3475,16706.62,16657.095959933973,16678.876644370095,16693.994942855777,15.54363441524489,23.489236267097283,41.22521570912303,-0.6558635636498207,-159.07058497142913,1
1672767660,-2.131588318118077,-2.1387527090219995,-2.1401332880881165,-2.1371849219556953,-0.59691318445823,-0.6882865996310235,-1.151643459065428,-16.775097727724642,-11.502862886520552,-5.27223484120409,16634.33071166941,16650.861423338818,16611.16928833058,16674.022846677646,16594.63857666117,16690.553558347056,16571.477153322343,16614.62826226797,16643.690000000002,16672.751737732036,0.3492222906342774,0.261025990116744,29.89769967475361,16643.690000000002,16682.197500000002,16703.574999999997,16647.997306622652,16669.953618120988,16687.881138774275,12.21053726837716,16.705460829252093,41.21610516971702,-0.6066474213001761,-130.2676655387029,0
1672770120,-2.1338590849820562,-2.135283573487733,-2.1396055476257696,-2.1281618485466542,-0.7539122521100118,-0.799457132601766,-1.1662170100346365,-18.393495111708035,-10.497008216403156,-7.896486895304879,16628.233333333334,16649.566666666666,16608.466666666667,16669.333333333332,16587.133333333335,16690.666666666664,16567.36666666667,16617.90858991354,16638.83,16659.751410086465,0.2514769378190997,0.5178047272368375,34.065439799833705,16638.83,16673.835000000003,16700.8625,16645.18987108177,16664.43023300808,16683.280554129105,13.810319482764609,13.854830388795554,39.65269971298551,-0.5000538174512055,-88.50147113234915,0
1672772580,-2.1332598146942017,-2.135957881161912,-2.1418572402651166,-2.130739869520665,-0.6725693748767277,-0.741885576411409,-1.1765501935025686,-19.603424741762865,-9.365550277166388,-10.237874464596477,16640.391666666666,16648.683333333334,16631.283333333333,16657.791666666668,16622.991666666665,16666.083333333336,16613.88333333333,16624.656581057705,16634.91,16645.163418942295,0.123275917240249,0.6348330744878441,33.646711318141875,16634.91,16666.18,16696.441249999996,16642.684914054516,16659.565645188428,16678.937168021574,17.647659922338637,14.556172224493467,38.09582188853795,-0.4579931166416369,-83.03051506868593,0
1672775040,-2.133297350094285,-2.131033660646521,-2.1327449216152607,-2.1261278048797783,-0.20277575013723634,-0.4079544909047837,-1.1653615588485093,-19.22113684802389,-7.1866099067419285,-12.03452694128196,16635.225000000002,16645.550000000003,16627.350000000006,16653.425,16617.025000000005,16663.75,16609.15000000001,16620.36548609738,16637.260000000002,16654.154513902624,0.203092503244186,0.9229183533294671,39.49555307801414,16637.260000000002,16659.815,16691.652500000004,16645.639942703012,16658.108255154166,16676.328866305234,22.09278561209881,17.850255005734017,37.605007354330446,-0.3807911362113395,-46.4472112603007,0
1672777500,-2.130853885532144,-2.1282210878476397,-2.1330615658926697,-2.123662708105957,-0.7226642525020837,-0.7771178242072535,-1.1775776240404108,-18.070385514205555,-4.828686858338873,-13.24169865586668,16652.77691947934,16667.773080520663,16636.55383895868,16683.996161041323,16621.557677917357,16698.992322082646,16605.334597396697,16622.50645670575,16643.614999999998,16664.723543294247,0.2536533474758831,0.8756772738628901,42.60737319359985,16643.614999999998,16652.7025,16688.49875,16650.251628468675,16658.356754217042,16674.723736180924,26.159820151235948,21.9667552285578,36.578889733578336,-0.4251192425854422,-32.13859184609487,0
1672779960,-2.128225797166187,-2.125550474559111,-2.1314079791106493,-2.1210113530371673,-0.574082933187391,-0.671424365218942,-1.1829156212043355,-16.362584491824236,-2.496708668766044,-13.865875823058191,16657.41345973967,16670.16154026033,16646.72691947934,16680.84808052066,16633.97883895868,16693.59616104132,16623.29229869835,16628.494871454164,16651.055,16673.615128545836,0.2709753651745916,0.8533889438529528,45.47495074457581,16651.055,16647.3725,16685.7525,16655.834418979117,16659.928253450307,16673.98814225893,32.153075822602666,26.801893861979146,35.43234172487852,-0.3187741846737373,-12.865293938381058,0
1672782420,-2.1255763801707457,-2.127333840907929,-2.131654257993078,-2.1230058065986297,-0.6077190533582615,-0.6954369030028464,-1.1895194743838184,-15.23895024930971,-1.098459541001212,-14.140490708308498,16663.956729869835,16675.843270130164,16655.11345973967,16684.68654026033,16643.22691947934,16696.57308052066,16634.383649349176,16635.074242438164,16655.535,16675.995757561835,0.2456931892231097,0.6573744271329152,43.897649727414105,16655.535,16647.182500000003,16683.09,16657.881279319412,16660.300389186614,16672.844033472367,34.28367054976379,30.86552217453413,34.721703081970674,-0.0114019098199035,-14.513193772011851,1
1672784880,-2.125143399032843,-2.123944557598235,-2.125251007049936,-2.120606814858924,-0.48176704160592365,-0.605718650626831,-1.190601909631607,-13.423123418284376,0.5738938320192979,-13.997017250303674,16660.191666666666,16673.88333333333,16648.283333333333,16685.791666666664,16634.591666666667,16699.48333333333,16622.683333333334,16648.71561443612,16662.305,16675.89438556388,0.1631153140442303,0.8392353523513372,47.61634132784825,16662.305,16648.607500000002,16680.8525,16662.429186212943,16662.34122751632,16672.718411236903,36.7463723686894,34.39437291368529,34.89345049878811,0.0855482064143144,29.24069435036844,1
1672787340,-2.123232182834785,-2.1206794888601004,-2.124758449285079,-2.1159735297886635,-0.6884598703489959,-0.7525891049278973,-1.2002230109239775,-11.11359386784534,2.3067387059666693,-13.420332573812008,16671.675,16690.149999999998,16653.05,16708.774999999998,16634.575,16727.249999999996,16615.95,16653.06075598701,16668.14,16683.219244012987,0.1809349335077346,0.9172954555667066,50.98681668829106,16668.14,16652.7,16678.0125,16668.52779080863,16665.683731604262,16673.480943500057,39.55139995912519,36.86048095919279,34.219968021157726,0.2459464657027083,81.25746955654766,1
1672789800,-2.12064395947002,-2.123429954373204,-2.130106219303527,-2.11631011323557,-0.7548067802054799,-0.7998360550672088,-1.2122523352723766,-9.795716369721047,2.899692963272768,-12.695409332993815,16679.521674567062,16692.903325432937,16667.343349134124,16705.081650865875,16653.96169826825,16718.46330173175,16641.78337283531,16658.315639736786,16670.840000000004,16683.364360263222,0.1502546993818921,0.5852338943915917,48.17482499823401,16670.840000000004,16657.2275,16674.7875,16670.01019387242,16667.009416767123,16673.432758404815,47.379315089579016,41.22569580579787,32.87196416572628,0.2722866060850136,79.3919501388054,0
1672792260,-2.1207251486908394,-2.122063594086049,-2.125426920537385,-2.120320368084034,-0.6691374768846552,-0.7390382026367909,-1.2204675410559822,-8.344436661845975,3.480778136918275,-11.82521479876425,16671.55833333333,16677.91666666666,16666.61666666666,16682.85833333333,16660.25833333333,16689.21666666666,16655.316666666662,16660.22428459893,16672.805,16685.38571540107,0.1509130035536195,0.6597683387567468,49.66011767989632,16672.805,16661.93,16672.06375,16672.281795914947,16668.79406826401,16673.75582903293,61.21352793052779,49.38141432641066,33.0829479371846,0.28277549940467,85.88624614226296,1
1672794720,-2.1200825293041747,-2.112729756280297,-2.110227995221796,-2.1127959920918777,-0.297615497752576,-0.4736354369005972,-1.213724568703275,-5.014295162378403,5.448735709108677,-10.46303087148708,16673.541666666668,16693.083333333336,16657.283333333336,16709.341666666667,16637.74166666667,16728.883333333335,16621.483333333337,16658.03600871773,16681.035,16704.03399128227,0.2757501711646928,0.9802384532626934,58.42561897538842,16681.035,16668.284999999996,16671.06,16682.562863943298,16675.03605585237,16676.552892934556,71.56180906107483,60.051550693727215,34.87621951204638,0.3819208122803573,182.6668624950591,0
1672797180,-2.1150940694490106,-2.1085685681330557,-2.1114242069364497,-2.1077633689526536,-0.5812684387264739,-0.6757275994022932,-1.2182455992204162,-1.4127393418602878,7.240233223701434,-8.652972565561722,16703.71312598755,16732.41187401245,16674.4262519751,16761.6987480249,16645.7275039502,16790.3974960498,16616.440629937748,16656.9733136416,16689.7,16722.4266863584,0.3921782459648874,0.8842429955262158,61.63309293167514,16689.7,16676.0025,16671.09125,16693.325242628867,16682.274954788303,16680.200236464596,81.01357198305251,71.26296965821838,35.283140369958886,0.4638568790410656,168.23724257835488,0
1672799640,-2.1105191423485214,-2.0840361902500653,-2.0717029414704777,-2.1031479396108,1.4561899285711,0.7834644506516916,-1.1443395165780665,6.939337034240452,12.47384767984174,-5.534510645601288,16711.173229660442,16733.27677033956,16692.746459320886,16751.703540679115,16670.64291864177,16773.80708135823,16652.216148302214,16630.280492695412,16710.35,16790.419507304585,0.9583223248416256,0.959756794305782,74.247439119022,16710.35,16689.245000000003,16674.53,16723.541828419246,16700.76587209952,16690.083547277492,79.02477159681762,77.20005088031498,42.85431752704052,0.7952713110791445,270.0036292456206,0
1672802100,-2.095964882032627,-2.0684028991723684,-2.070541912453315,-2.0884648291184433,-0.05546859918462671,-0.29675685332663404,-1.1298228121504594,16.917865966690442,17.961901289833385,-1.0440353231429418,16776.144948163554,16850.330051836445,16709.789896327107,16916.68510367289,16635.604792654216,16990.870207345783,16569.24974081777,16629.444596234487,16741.359999999997,16853.275403765507,1.336992977458341,0.8871897749731972,78.98836579704891,16741.359999999997,16706.1,16679.401250000003,16758.3695522795,16723.903895354153,16703.22082848916,84.23973400937415,81.42602586308142,47.16641276256704,1.011736564327525,220.793770949462,1
1672804560,-2.0808707189990647,-2.056966286119503,-2.0492211977745027,-2.0732370361010686,0.1944348361926793,-0.1149952350908035,-1.106392117087361,27.113660817281925,22.526156912339893,4.587503904942031,16805.59747408178,16868.227525918228,16765.39494816356,16908.430051836447,16702.764896327113,16971.060103672895,16662.562370408894,16655.089913078013,16778.045,16901.000086921984,1.4656664339854333,0.8342887311858858,81.64979775732172,16778.045,16725.425,16686.39875,16792.329701519666,16748.69409619885,16718.17598768067,83.5727414949519,82.27908236704788,52.46524221553364,1.1594768104637907,203.9928183792788,1
1672807020,-2.067605047597683,-2.0578180431816238,-2.0600222859038677,-2.059853922516859,-0.7046725183318682,-0.7619212202963987,-1.1167118889360015,34.60137859689348,24.01109975356116,10.590278843332324,16850.715403707556,16915.934596292445,16795.03080741511,16971.61919258489,16729.81161483022,17036.83838516978,16674.127018537776,16699.93842229481,16808.989999999998,16918.041577705186,1.2975387302293335,0.7240224352007695,80.82864522766823,16808.989999999998,16745.0125,16696.097499999996,16814.16980101311,16768.540624162695,16731.478274568224,85.82838212981265,84.5469525447129,52.49121961734101,1.1755809260306995,151.1960030213802,1
1672809480,-2.0613981115315307,-2.060692723266286,-2.0669532773093566,-2.0535920358870876,-0.7202906038732342,-0.7732969792950021,-1.1273118198966272,39.42735259975598,23.069659005138924,16.357693594617054,16852.141035187113,16881.408964812894,16828.582070374225,16904.967929625782,16799.314140748444,16934.235859251563,16775.755175935556,16779.226758992925,16835.97,16892.713241007077,0.6740715385816913,0.6214241533919471,77.97827795775098,16835.97,16762.835,16705.721250000002,16826.029867342077,16783.305965224023,16742.74224841887,81.29590439902427,83.56567600792961,49.97798631122939,1.0690383753135873,114.7134228223892,1
1672811940,-2.059732054765027,-2.0583770087536415,-2.0638923826277447,-2.0519112293700847,-0.6688066078168654,-0.7361962500627232,-1.1357784542866904,43.27958462365496,21.53751282323032,21.74207180042464,16848.70385092689,16857.04614907311,16841.40770185378,16864.34229814622,16833.06540370756,16872.68459629244,16825.769254634448,16826.967702585087,16850.43,16873.892297414914,0.2784771357753284,0.6245615443499984,78.63198020898334,16850.43,16780.39,16716.545000000002,16836.111578228054,16796.573062456016,16753.554891426593,80.33192180427051,82.48540277770248,47.80080326786403,1.0524122902331838,99.17826818577494,1
1672814400,-2.05774111175037,-2.0561500189349693,-2.0552726217427466,-2.0501409082359285,-0.4413895754589562,-0.5724836525015752,-1.1359857955088732,46.305070287693525,19.65039878981511,26.65467149787841,16855.34359213011,16865.631407869885,16845.98718426022,16874.987815739776,16835.699368520443,16885.27563147955,16826.342960650552,16848.634908047312,16857.335,16866.035091952686,0.1032202534111971,0.7997094759664797,79.26930450358832,16857.335,16799.3475,16728.2875,16844.92438548537,16808.568869282193,16763.935377957394,80.73260054304025,80.78680891544501,47.18370038953088,1.137019638066996,93.0812251661652,1
1672816860,-2.055632090156901,-2.0555910533629516,-2.0598111897189297,-2.0489951211363677,-0.5833945632799075,-0.6746509013338234,-1.1411351756364776,48.27341295567385,17.294993166236345,30.978419789437503,16867.25,16884.5,16845.3,16906.45,16828.05,16923.7,16806.1,16847.942669967728,16858.11,16868.277330032273,0.1206224189102186,0.7958003714302008,79.43510059860927,16858.11,16818.077500000003,16740.00375,16851.32459032358,16818.669983958156,16773.477246723356,82.38185824498832,81.14879353076635,45.4562624972079,1.1231154611264391,79.85596106609505,0
1672819320,-2.0542980827250004,-2.054144840851225,-2.047004687832646,-2.056156290508623,-0.09914365966804244,-0.3259634291359955,-1.1294993506812214,49.59050863051744,14.889671072863948,34.700837557653486,16864.541666666668,16875.883333333335,16852.783333333336,16887.641666666666,16841.44166666667,16898.983333333334,16829.683333333338,16847.232899939176,16860.18,16873.127100060825,0.15358199094938,0.8097218667624172,79.88337837654163,16860.18,16834.585,16751.435,16856.949726882387,16827.67544142031,16782.49846132113,83.07681570312826,82.06375816371894,47.897371202353305,0.9882881197380556,76.02220333052443,1
1672821780,-2.0529079369212373,-2.056531535119045,-2.061112949526052,-2.048851897748923,-0.6554671280231551,-0.726565351355078,-1.1370450638528695,49.520819958324864,11.8559859205371,37.66483403778776,16871.366666666665,16909.53333333333,16830.03333333333,16950.866666666665,16791.866666666665,16989.03333333333,16750.53333333333,16854.78258435727,16862.525,16870.267415642735,0.0918298492394614,0.4321917055054773,76.9040445930133,16862.525,16849.2475,16762.625,16858.458151254927,16833.820815707524,16790.020036433405,82.10046439716622,82.51971278176093,45.8258558504468,0.8772139744000097,61.22809957964972,1
1672824240,-2.053406270286973,-2.060692723266286,-2.0645330290237527,-2.0552611443370914,-0.581837112501916,-0.673798185372898,-1.1419306347295655,47.96655310736969,8.241375255665538,39.72517785170415,16862.55833333333,16871.516666666663,16852.516666666663,16881.55833333333,16843.55833333333,16890.516666666663,16833.516666666663,16848.873202845072,16861.22,16873.56679715493,0.1464520023453692,0.0355070689153481,71.87109863159424,16861.22,16855.825,16772.534999999996,16855.555434169954,16836.71703103343,16795.708604392126,79.55482540909598,81.57736850313016,44.48950051675816,0.3918916704773539,41.82248019931469,1
1672826700,-2.0557361341427476,-2.06435705312729,-2.06684261246311,-2.0550821151027847,-0.770986528721254,-0.8097861658486024,-1.152948961229432,45.37854855909973,4.522696565916455,40.85585199318327,16849.443028920734,16863.186057841467,16836.00697107927,16876.62211568293,16822.263942158537,16890.365144603664,16808.827884317074,16835.488522321684,16856.595,16877.701477678318,0.250423975640595,0.0932528330475295,67.67119956312537,16856.595,16856.965,16781.5325,16850.178622779968,16837.20938902735,16799.872070640493,75.01244359084893,78.88924446570371,42.74304010573898,0.0677441351554791,27.47582870869596,0
1672829160,-2.058733321790061,-2.063150397289285,-2.068712412183846,-2.0550821151027847,-0.7317608784245363,-0.7815850788287186,-1.162410592182894,43.10500028271781,1.799318631627628,41.30568165109018,16843.9798477937,16851.7596955874,16831.6451522063,16864.0943911748,16823.8653044126,16871.8742389685,16811.5306088252,16830.44384653597,16852.335,16874.226153464027,0.2597996475150573,0.2827889696258142,68.32755590867492,16852.335,16855.2225,16790.32375,16847.727415186644,16838.230409204196,16803.962825817587,71.1974980454293,75.25492234845808,40.74137011536249,-0.1033495944603603,16.21995800829951,1
1672831620,-2.0596285577981206,-2.06423283855573,-2.068993873763764,-2.059163981644971,-0.5718903977827264,-0.66681625215763,-1.1664811802619646,40.58920034785479,-0.5731850425883209,41.16238539044311,16843.341666666664,16850.483333333326,16835.683333333327,16858.141666666663,16828.541666666664,16865.283333333326,16820.883333333328,16830.07320899613,16846.65,16863.22679100387,0.196796288922371,0.2926317585111967,67.01319086232911,16846.65,16853.415,16799.213750000003,16845.07661012443,16838.51124389434,16807.373509073055,67.77382415695661,71.32792193107828,39.64263300971805,-0.1072200784797629,-26.610609670051527,1
1672834080,-2.0606174232543784,-2.0685626036215163,-2.070999287520682,-2.062995207259128,-0.47421824218457975,-0.5969364098376928,-1.167340007227538,37.18235765988357,-3.184022184447634,40.3663798443312,16838.258333333335,16851.71666666667,16826.31666666667,16863.658333333336,16812.858333333334,16877.116666666672,16800.916666666668,16825.51115603586,16839.87,16854.228843964138,0.1705339051208702,0.0718666478058789,61.88515261233599,16839.87,16851.197500000002,16807.01625,16839.242740082955,16836.52283591355,16809.297460589907,61.33252890450327,66.76795036896306,38.98080893794656,-0.1316043264736822,-111.48275612658809,0
1672836540,-2.063276845791416,-2.0713308140734124,-2.0743176856102243,-2.06503614053022,-0.47562906592431636,-0.598107944071541,-1.168222556043905,33.46722612190206,-5.519322977943311,38.98654909984537,16828.725000000002,16843.350000000006,16812.950000000004,16859.125000000004,16798.325,16873.750000000007,16782.550000000003,16816.342972165578,16833.875,16851.407027834422,0.2082946182554222,0.0978788040618288,58.78775276358582,16833.875,16847.5475,16813.968749999996,16832.753493388638,16833.47777483836,16810.295321486108,47.39709392251567,58.83448232799184,38.09930608492727,-0.2165365716921443,-178.3501673390204,1
1672839000,-2.0659907308721897,-2.0716768403799,-2.0770079475426284,-2.0628519838716826,-0.7130949908523425,-0.7684380845744911,-1.1764711487953516,30.09733986140781,-7.111367390750047,37.208707252157865,16821.081032153776,16833.76206430755,16807.09396784623,16847.749128615094,16794.412935692457,16860.43016076887,16780.425871384912,16809.838395343737,16829.75,16849.661604656263,0.2366238911007362,0.2250347174667193,58.394314974407926,16829.75,16843.172499999997,16821.260000000002,16828.102328925757,16830.809088504113,16811.105290868385,28.922248244598645,45.88395702387253,36.2970534324296,-0.2594506762025909,-141.7305808846173,1
1672841460,-2.067520695139108,-2.07002656107204,-2.0668477292168874,-2.0692970363067125,0.0951630756922582,-0.18862583736928856,-1.1596782794800673,27.48506612613346,-7.778912900819527,35.26397902695299,16820.240516076887,16825.981032153773,16813.059483923113,16833.162064307548,16807.318967846226,16838.902580384434,16800.13793569245,16810.66326111229,16825.875,16841.08673888771,0.1808136443151828,0.4202918214050349,59.77691822750957,16825.875,16839.105,16828.591249999998,16826.551552617173,16829.471072412456,16812.28097745235,20.037312867828003,32.11888501164744,37.97916454076602,-0.2411924721857962,-95.68396512965955,1
1672843920,-2.0674604967306474,-2.0740812795865144,-2.0704715470583355,-2.0798597611307894,0.8408233085983557,0.3447917664502351,-1.120619486493762,24.213796776548406,-8.840145800323668,33.053942576872075,16825.416666666668,16854.333333333336,16794.533333333336,16885.216666666667,16765.61666666667,16914.133333333335,16734.733333333337,16809.977198301658,16820.325,16830.672801698343,0.1230392599232495,0.0989486346008821,54.94559884972652,16820.325,16833.4875,16834.036249999997,16821.70936841145,16826.299059246554,16812.256598647364,21.35551578862044,23.4383589670157,40.91461904024674,-0.3330230848578724,-139.99181546273212,1
1672846380,-2.069457857245006,-2.0636206381673303,-2.0600574686013586,-2.0658238691611683,-0.409319220451375,-0.549894510790397,-1.120006847939647,23.7261778071952,-7.462211815741504,31.188389622936704,16808.341666666667,16849.683333333334,16770.683333333334,16887.341666666667,16729.341666666667,16928.683333333334,16691.683333333334,16803.293173816477,16823.11,16842.926826183524,0.2355905202251369,0.9639996291457,63.2074039734286,16823.11,16831.489999999998,16840.36875,16828.306245607637,16829.06286665627,16815.041684490472,35.07592483868142,25.48958449837662,42.95276729639446,-0.11846531812904,-3.1140247408232904,1
1672848840,-2.0652259576154948,-2.0543222902391656,-2.053619034960726,-2.0574537702369398,-0.16155416020868282,-0.3712170790899407,-1.112051030146938,25.163784850497905,-4.8196838179510415,29.983468668448943,16841.100000000002,16876.000000000004,16806.600000000006,16910.5,16771.700000000004,16945.4,16737.200000000008,16792.60841371497,16832.695,16872.78158628503,0.4762943341518352,0.9366173730921268,68.70146948638845,16832.695,16833.285,16844.555,16841.437497071758,16836.087799991492,16820.056762158045,50.38320750400391,35.604882710435255,44.48168193927338,0.1065297704713763,95.781844336513,1
1672851300,-2.058460603457014,-2.048049454375414,-2.038807119317526,-2.0508212193262936,0.0388969623853178,-0.2257896405810886,-1.0983887040285158,27.413319886127283,-2.056119025857331,29.46943891198461,16863.725448921472,16897.874551078527,16833.550897842943,16928.049102157056,16799.401795685888,16962.19820431411,16769.22724460736,16791.572268599928,16846.01,16900.44773140007,0.6462982201728521,0.861559886751184,71.76462964639083,16846.01,16837.88,16847.4225,16856.083331381175,16845.04910908395,16826.277546714424,63.43048724852745,49.62987319707093,47.58756054202405,0.2728715499490079,179.7236749311332,1
1672853760,-2.05194135302757,-2.0416346590013092,-2.040918081166913,-2.044051555848982,-0.19490631565049366,-0.3938844630391122,-1.0918182303891941,30.30525394668075,0.6686520277569059,29.636601918923844,16889.825,16931.550000000003,16843.65,16977.725000000002,16801.925,17019.450000000004,16755.75,16797.42063090582,16862.010000000002,16926.599369094183,0.766093355349465,0.8207958258546325,74.51181655541522,16862.010000000002,16843.942499999997,16849.5825,16871.872220920784,16855.667452886864,16833.627304170193,73.29954758297983,62.37108077850373,48.68948421443591,0.3599455554516538,184.3505659573068,0
1672856220,-2.0454741711902202,-2.029559228151851,-2.0223064341948143,-2.037527119468779,0.08246926324762748,-0.19196286071761126,-1.0774273372501144,34.93990024544473,4.242638661216709,30.697261584228023,16900.1521955637,16933.297804436297,16870.3043911274,16963.145608872597,16837.158782254803,16996.291217745194,16807.310977818503,16822.20834414208,16887.1,16951.991655857917,0.768535223429938,0.8881469761713046,78.7109163769201,16887.1,16853.7125,16853.56375,16893.73981394719,16870.54155236198,16843.51756091589,76.58139680416635,71.10381054522453,52.19265906680165,0.5801740225151291,211.75036111423577,0
1672858680,-2.036202565661039,-2.047206569782689,-2.020160289647938,-2.071731833893279,1.3643185881944875,0.7288419647654202,-1.02694114156861,34.20619121746131,2.8071437065866256,31.399047510874684,16935.20109778185,16985.17390221815,16887.5021955637,17032.8728044363,16837.5293911274,17082.8456088726,16789.830488909247,16849.386961342116,16896.35,16943.31303865788,0.555895665725235,0.4084386333830742,62.50441261938079,16896.35,16859.73,16855.463750000003,16891.74320929813,16873.67036102344,16847.730174161996,71.36390120205535,73.74828186306718,62.7127202931188,0.3575975742196916,78.41933601064082,1
1672861140,-2.040390870949569,-2.067586631987835,-2.0516309228806033,-2.0627803721779596,-0.5960895750241989,-0.6843267292990245,-1.03262308775237,28.66062213607802,-2.190740299837337,30.851362435915355,16888.816666666666,16987.93333333333,16788.63333333333,17088.116666666665,16689.516666666666,17187.23333333333,16589.333333333332,16819.500602705448,16888.875,16958.249397294552,0.8215395909384394,0.078014351956056,49.761733147920815,16888.875,16860.784999999996,16854.166250000002,16871.27047286542,16865.789386291905,16846.072538527522,53.95894447017622,67.30141415879932,64.29574516417938,0.0627237879222478,-12.397139958875371,1
1672863600,-2.0526755596411013,-2.072590704727801,-2.0638086788852306,-2.0746321074890433,-0.22603428945314188,-0.41948823023827714,-1.0278971543719146,22.86439995395631,-6.389569985567238,29.253969939523547,16848.19194111213,16881.68388222426,16796.833058887874,16933.042764448517,16763.341117775744,16966.534705560647,16711.982235551488,16784.158535661336,16875.045000000002,16965.931464338668,1.0771700382270502,0.1764094608146406,47.21639382223562,16875.045000000002,16860.5275,16851.85,16852.921981910284,16856.777679693376,16843.229915810614,35.03003003003047,53.45095856742068,65.65728301632882,-0.0153102480557298,-67.14103254753257,1
1672866060,-2.061320064339788,-2.0746757350361213,-2.0723779370605744,-2.0690463953786833,-0.675541965633151,-0.741585656034452,-1.0356348267121054,17.59397630751846,-9.327994905604072,26.92197121312253,16820.920970556064,16860.24194111213,16776.904029443933,16904.25888222426,16737.583058887867,16943.579852780327,16693.566117775736,16758.565861438565,16856.425,16954.284138561434,1.1610900717255828,0.264585093036173,46.15699101250674,16856.425,16859.2175,16849.16125,16838.731321273524,16848.336283385488,16840.09849525722,23.40840840840863,37.46579430287177,64.06465020762288,-0.0778675004235073,-71.59926550879814,1
1672868520,-2.06668488350285,-2.070860573195367,-2.0765581537240685,-2.0621716727813175,-0.7788248675277842,-0.8155843792130846,-1.0460225939381065,14.121775714927937,-10.24015639855568,24.36193211348361,16816.043818611368,16834.887637222735,16791.506181388635,16859.425274445468,16772.662362777268,16878.269093056835,16748.124725554535,16777.002773888744,16833.15,16889.29722611126,0.6671030212557676,0.3926928288841426,48.43677477825112,16833.15,16860.125,16846.80625,16832.85421418235,16843.38423186085,16838.28911475653,22.02327327327316,26.82057057057075,60.796455434486376,0.0539792202307401,-57.509519720821146,0
1672870980,-2.067459617638005,-2.0677906987839685,-2.0697678931085397,-2.0618852260064275,-0.7172955434997642,-0.7713437649969589,-1.0545386563166095,11.930487208308476,-9.945155924140114,21.87564313244859,16822.06666666667,16827.733333333337,16815.433333333338,16834.36666666667,16809.76666666667,16840.033333333336,16803.13333333334,16806.10360883605,16821.55,16836.99639116395,0.1836500341995888,0.7654341688283243,50.26171023516658,16821.55,16858.95,16845.22,16831.819476121567,16840.905280613424,16837.4758657321,24.05405405405362,23.1619119119118,58.65210739781579,-0.0697681322922542,-40.05059434266881,0
1672873440,-2.066311971439429,-2.0618106544103214,-2.063716469140296,-2.058549398638999,-0.6037790562458396,-0.6896553026394744,-1.0598541314051908,11.421865304739184,-8.363022262167522,19.784887566906708,16831.649999999998,16846.099999999995,16815.299999999996,16862.449999999997,16800.85,16876.899999999994,16784.499999999996,16799.573820875958,16824.805,16850.036179124043,0.2999283394255408,0.9319060931090196,53.69936945085814,16824.805,16856.84,16845.0625,16836.746317414378,16841.940684138255,16838.34483090047,29.49699699699656,25.19144144144112,57.22470512349189,-0.1250911505421734,-14.322279867286865,0
1672875900,-2.06274797798931,-2.0557862476896878,-2.0602333820888075,-2.054953852834106,-0.5244272415351994,-0.6323399869351235,-1.0629677678137845,12.247339707300853,-6.0300382876846825,18.27737799498553,16846.105477326422,16865.694522673584,16827.010954652844,16884.789045347163,16807.42190930568,16904.378090694325,16788.327386632103,16796.57240062026,16834.275,16871.97759937974,0.4479266185177525,0.8885673730992705,56.92899062918951,16834.275,16854.659999999996,16846.269999999997,16845.689211609588,16845.874196113116,16840.747704148045,35.87462462462452,29.808558558558232,55.88927422663898,-0.129105809021116,7.641922497427451,0
1672878360,-2.057953628640787,-2.061739674655143,-2.062907267098031,-2.0588059231763585,-0.42323395282352877,-0.5600135238206722,-1.0633748898101607,11.416331450534926,-5.488837235560489,16.905168686095415,16858.411071996543,16880.263928003456,16841.722143993087,16896.952856006912,16819.869287986174,16918.805712013826,16803.180359982718,16811.959500511075,16841.565000000002,16871.17049948893,0.3515765843486315,0.588412627558581,52.994968939746485,16841.565000000002,16848.995000000003,16846.46875,16846.059474406393,16846.042524092547,16841.3241132768,36.93164837933453,34.101090000318536,54.875094202017934,-0.3351386847063421,-27.29053551356562,1
1672880820,-2.0585333149537766,-2.066983304068832,-2.0694160661336416,-2.0648571112959133,-0.6388102606646519,-0.7150311916840671,-1.057596947022608,9.456523483549972,-5.958916162036354,15.415439645586329,16846.7,16867.600000000002,16825.9,16888.4,16805.0,16909.300000000003,16784.2,16819.354406135764,16843.75,16868.145593864236,0.2896693891115185,0.2596902115757148,49.73498893690526,16843.75,16838.45,16846.08125,16841.38131627093,16843.49388334845,16840.438483440917,33.084003724072375,35.29675890934381,53.81909177799154,-0.6225839447733331,-64.89695472444302,1
1672883280,-2.0614451027354064,-2.0656790510674576,-2.071245566403111,-2.0585910880951896,-0.7714266557146315,-0.8101692882880034,-1.064350940379498,8.106457144931483,-5.847186000523877,13.95364314545536,16829.975000000002,16851.050000000003,16810.950000000004,16870.075,16789.875000000004,16891.15,16770.850000000006,16822.92812593193,16844.94,16866.95187406807,0.261347016588602,0.290113282235216,50.5498110132908,16844.94,16833.245000000003,16846.4875,16839.48754418062,16842.07681364873,16839.987199303687,27.278206364514347,32.43128615597375,51.21626660258637,-0.3082115734778125,-46.40885332415377,1
1672885740,-2.0622488378108335,-2.06714300851798,-2.0724769608152536,-2.0578033594642426,-0.8421014647922593,-0.8608879902041917,-1.070619239597035,6.627271755471156,-5.861097111987364,12.48836886745852,16835.3,16844.199999999997,16826.8,16852.699999999997,16817.9,16861.599999999995,16809.4,16817.66368771598,16841.935000000005,16866.20631228403,0.2882247471448504,0.2865793188524257,49.57831711245591,16841.935000000005,16833.37,16847.077500000003,16836.850029453748,16840.167392985324,16839.18603746524,24.831243973000028,28.39781802052892,48.39220369417367,0.0074270698872422,-45.50009213442443,0
1672888200,-2.0633827203454107,-2.0685271137439285,-2.074422638573871,-2.060023321969641,-0.718792256594452,-0.7724500909905457,-1.1328809711975956,5.081730247999076,-5.925310895567556,11.007041143566632,16833.491666666665,16838.38333333333,16826.68333333333,16845.191666666666,16821.791666666664,16850.083333333332,16814.98333333333,16821.680849932432,16834.754999999997,16847.829150067562,0.1553233185462445,0.2292367012995143,48.62678932600118,16834.754999999997,16834.515000000003,16847.521249999998,16833.7916863025,16837.896048806175,16838.089748182836,24.132111861138544,25.41385406621764,45.81792767264153,0.0680890033286132,-54.98860277016518,0
1672890660,-2.064641748518828,-2.068518241274532,-2.0747990188495793,-2.060990079834896,-0.709621520880329,-0.7658879254370675,-1.14683931330807,3.814918750711513,-5.753697914284095,9.568616664995607,16828.281595999895,16834.16319199979,16821.793404000113,16840.65138399957,16815.91180800022,16846.532979999465,16809.423616000437,16824.908674420567,16830.935,16836.961325579436,0.0716101105426922,0.2315943224969375,48.63359496566634,16830.935,16836.25,16847.733750000003,16831.761124201665,16836.042221750504,16837.1002483559,22.84635165541634,23.93656916318497,43.54419636212281,0.1032102246532555,-52.62696396037379,1
1672893120,-2.06526682615101,-2.0651910652506182,-2.071315931798091,-2.057495000585278,-0.7209559464823759,-0.7738934708217275,-1.1599535755395538,3.526791010663146,-4.83346052346597,8.360251534129116,16827.033333333333,16834.366666666665,16820.366666666665,16841.033333333333,16813.033333333333,16848.366666666665,16806.366666666665,16824.10628837185,16831.945,16839.783711628148,0.0931408892810462,0.8272221407900684,51.242108589072025,16831.945,16837.8475,16848.986249999998,16833.532416134443,16836.229999614046,16837.097843750576,30.49180591893632,25.823423145163733,41.56878626556214,0.0949700079067275,16.88174721554857,0
1672895580,-2.06391569451968,-2.065803265639018,-2.0700493546884577,-2.064033576818104,-0.4865846052518606,-0.6056461943136132,-1.1580348847012247,3.1232517156349786,-4.18959985479531,7.312851570430289,16836.712065666637,16843.962934333358,16829.824131333276,16850.85086866672,16822.573262666556,16858.10173733344,16815.685328333195,16824.166498200735,16831.875,16839.583501799265,0.0915940951232696,0.7254004792688715,50.7316093684146,16831.875,16838.407499999998,16848.67875,16834.138277422964,16836.06999968422,16836.931382441,42.24884107278915,31.862332882380603,41.17086156827611,0.0332744098991283,-15.225725225046093,0
1672898040,-2.063546244066341,-2.06695668666064,-2.0715622106805185,-2.060417186285116,-0.8187992330071836,-0.84415492952594,-1.1736952896405914,2.512236578892044,-3.840491993230597,6.352728572122641,16831.25,16851.3,16815.3,16867.25,16795.25,16887.3,16779.3,16824.27640343805,16831.98,16839.68359656195,0.0915352390146695,0.5077885698606881,49.72645098246973,16831.98,16836.957499999997,16846.89875,16833.45885161531,16835.348181559813,16836.471250779952,49.773323539865565,40.83799017719701,39.77243952663731,-0.0860707798606031,-16.012590143239112,1
1672900500,-2.063938257928109,-2.071659095441106,-2.0749733404519053,-2.0627803721779596,-0.6203944010139321,-0.7019858796557376,-1.1743836328062136,0.9479114822570408,-4.32385367189248,5.271765154149521,16832.100000000002,16842.900000000005,16821.300000000003,16853.700000000004,16810.5,16864.500000000007,16799.7,16817.177530920868,16830.215,16843.252469079132,0.1549293229959603,0.0641408646486313,45.746894451897546,16830.215,16832.485,16843.5725,16828.589234410207,16832.3485121853,16834.793036419956,39.1059564846809,43.70937369911187,38.2527948268471,-0.2652165984970694,-110.28103237212476,0
1672902960,-2.0664855857580156,-2.0737263808106303,-2.077498494939359,-2.070586046793718,-0.594184342150765,-0.6833470806789698,-1.1694926257123075,-0.7531741231687192,-4.819951421854593,4.0667772986858735,16822.25150820833,16829.80301641666,16811.29849179167,16840.75603283332,16803.74698358334,16848.30754104165,16792.79396716668,16808.126530340705,16827.28,16846.433469659292,0.2276478392145787,0.1278742114726797,44.07687049846301,16827.28,16829.1075,16839.051249999997,16823.401156273474,16828.835146333426,16832.719890094246,28.10473560261016,38.99467187571887,37.88657169953984,-0.2004831778141929,-193.0120929590951,1
1672905420,-2.0687929435776318,-2.073841722912793,-2.0774729038588036,-2.0675783556573712,-0.6953159379407206,-0.7556992926075655,-1.175748490260395,-2.1032762456743512,-4.93604283548818,2.8327665898138283,16810.65075410417,16828.401508208335,16795.274245895842,16843.77801641666,16777.523491791675,16861.52877052083,16762.14698358335,16803.2973994183,16822.405000000002,16841.512600581704,0.227168476584665,0.2460434668784129,43.98040047647467,16822.405000000002,16827.175,16832.8125,16819.834104182315,16825.901483363712,16830.813233894794,21.20025703035508,29.470316372548712,36.95154710973304,-0.1148109036197411,-139.57944790870675,1
1672907880,-2.0700042963962852,-2.077177771406103,-2.0809865767849556,-2.07148119296525,-0.4978107924693338,-0.6144221648268404,-1.1694400798173736,-3.886937153667532,-5.375762994785088,1.4888258411175563,16813.366666666665,16825.43333333333,16800.63333333333,16838.166666666664,16788.566666666666,16850.23333333333,16775.833333333332,16797.055876472492,16815.995000000003,16834.934123527513,0.2252512982729915,0.1648472147731876,41.17349047674724,16815.995000000003,16823.934999999998,16828.59,16814.322736121547,16821.79212275213,16828.192925904816,21.26692797728069,23.523973536748645,36.14858354890986,-0.1924481904524184,-172.01483922688854,1
1672910340,-2.072278079707558,-2.07755928759018,-2.0830669527596792,-2.0730566502271466,-0.5136320836420679,-0.625840482047856,-1.1723018675756836,-5.325851686669921,-5.451742022229982,0.1258903355600609,16803.271021859375,16816.142043718748,16790.428978140626,16828.984087437497,16777.557956281253,16841.85510929687,16764.715912562504,16797.36767215131,16810.019999999997,16822.672327848682,0.1505331682970713,0.1919539197362799,40.8523818415855,16810.019999999997,16821.0,16827.185,16810.290157414365,16818.234464069923,16825.71979010436,19.741930340710816,20.7363717827822,35.29490116068212,-0.1743746500253374,-156.80547499587473,0
1672912800,-2.0736057389078324,-2.0718454172984457,-2.075115663126988,-2.0661103159360583,-0.5634539129608098,-0.6611322216575068,-1.1751174450006663,-5.108182426924032,-4.187258209987274,-0.9209242169367576,16799.475,16812.949999999997,16788.749999999996,16823.675,16775.274999999998,16837.149999999998,16764.549999999996,16797.552128165727,16809.915,16822.277871834274,0.1470902361406752,0.8401313267958221,47.46110187653736,16809.915,16820.065,16827.29,16812.968438276243,16818.250925148117,16825.015524380135,28.81590786359192,23.27492206052781,34.95768755340912,-0.0555632314030439,-27.66563975396333,0
1672915260,-2.071412491792933,-2.0693256359896677,-2.076593336421559,-2.0636950743582396,-0.8506102187906206,-0.8670483972516436,-1.189204694081933,-4.313049161573872,-2.7136999557096915,-1.5993492058641805,16818.841666666664,16832.283333333326,16804.883333333328,16846.24166666666,16791.441666666666,16859.683333333323,16777.48333333333,16794.70462408566,16812.394999999997,16830.085375914332,0.2104444478533268,0.8682793419173129,50.10852636421463,16812.394999999997,16819.8375,16828.04375,16817.120625517495,16819.555302393914,16825.054522058217,45.21247797005367,31.2567720581188,33.63575640242048,-0.0135193757910933,-2.6253235251009253,1
1672917720,-2.0690559151499697,-2.0690417169689606,-2.073884268714845,-2.0619926435470113,-0.57770876911139,-0.6712009533648429,-1.1961729125396714,-3.5771122823171027,-1.5822104611623375,-1.994901821154765,16822.05679439909,16831.968205600915,16815.51358879818,16838.511411201824,16805.602177596356,16848.42282240365,16799.058971995448,16794.204498091927,16815.1,16835.99550190807,0.2485325916357477,0.7662056180546385,50.41173242554314,16815.1,16818.7525,16828.3,16820.155417011665,16820.76797468593,16825.16599614791,60.48552754434783,44.83797112599781,32.61871431072716,-0.0644411217506517,34.37285803001272,1
1672920180,-2.0677356602836414,-2.0688287777034295,-2.0757137689843144,-2.0619210318532897,-0.702403743719841,-0.760734315368813,-1.208179506078166,-2.911895499059028,-0.7335949423234105,-2.1783005567356177,16826.475,16836.049999999996,16816.649999999998,16845.874999999996,16807.075,16855.449999999993,16797.25,16801.186127853973,16819.805,16838.423872146028,0.2213922473658591,0.6885184007103832,50.65395235184159,16819.805,16817.9,16828.15375,16822.37861134111,16821.869252015757,16825.323996514777,65.61819172113132,57.10539907851094,31.288560404108257,-0.0506374978839039,29.445764097562364,0
1672922640,-2.0669690579418414,-2.071916397053622,-2.0761359613541908,-2.067685773197955,-0.41177547926970837,-0.5524793989872743,-1.20274036186458,-3.0515473583400308,-0.6985974412835301,-2.3529499170565007,16825.00833333333,16832.916666666664,16818.916666666664,16839.00833333333,16811.00833333333,16846.916666666664,16804.916666666664,16815.160321093488,16822.985,16830.809678906513,0.0930236685880944,0.1894441255630539,47.06412466285338,16822.985,16816.5025,16826.730000000003,16820.960740894076,16821.18847892198,16824.638377799085,61.64215686274397,62.58195870940771,31.11791967316548,-0.0830258850648592,-31.0744896013249,1
1672925100,-2.0681296429461486,-2.0805404373076057,-2.0791282413495016,-2.082366170411079,-0.1480761333755551,-0.3642480647234157,-1.1876438737003352,-5.06464727819548,-2.1693578889111835,-2.8952893892842964,16816.341666666667,16831.683333333334,16802.783333333333,16845.24166666667,16787.441666666666,16860.583333333336,16773.88333333333,16793.02392260915,16818.085,16843.146077390847,0.2980253386856871,0.0159825010384928,38.794243681439134,16818.085,16814.0,16823.2425,16811.915493929384,16816.213300936164,16821.70377038965,52.663161339969314,59.97450330794821,33.2809145370481,-0.1487913858557381,-168.8286158435764,0
1672927560,-2.0730221692480164,-2.0834062449228705,-2.080533798540414,-2.0789646149592578,-0.2701008245546223,-0.45141402032266753,-1.173846702585906,-7.228305081178405,-3.466412553515287,-3.761892527663118,16791.740007983277,16823.480015966554,16762.084992016724,16853.135031933107,16730.344984033447,16884.875039916384,16700.689968066894,16775.951432778696,16810.15,16844.348567221306,0.4068799769342329,0.1432599084911257,36.49908761217286,16810.15,16811.2725,16820.190000000002,16803.19366261959,16810.67451894777,16818.279601781112,40.27059473126649,51.525304311326586,34.32528940968935,-0.1622254174962652,-141.74902249818155,0
1672930020,-2.076901407210996,-2.0727592816463467,-2.0607259398536635,-2.0806832956085985,0.23678743251614015,-0.08647713192475089,-1.1484257180787376,-6.447942333303217,-2.1488398445120787,-4.299102488791139,16790.883333333335,16812.26666666667,16764.36666666667,16838.783333333336,16742.983333333334,16860.16666666667,16716.466666666667,16776.904568221446,16808.055,16839.205431778555,0.3706607549601042,0.6235135367416843,48.65316549851576,16808.055,16811.5775,16819.37625,16807.37910841306,16811.597333684538,16818.038687325767,39.11749863501513,44.01708490208364,39.65993003763145,0.018141048136226,28.6868213201294,1
1672932480,-2.0735172807607394,-2.0598853285511494,-2.0594593627440316,-2.0658184972122093,-0.5013953916100836,-0.6158927210931621,-1.1434526004877674,-2.8693339999736054,1.1438147910540266,-4.013148791027632,16818.05,16871.399999999998,16762.399999999998,16927.05,16709.05,16980.399999999998,16653.399999999998,16766.904293142557,16813.095,16859.285706857445,0.5494610820606644,0.9214051120731728,58.89745065650855,16813.095,16816.45,16820.192499999997,16822.261072275374,16818.94781846917,16821.275479009026,52.33834790412087,43.90881375680083,41.904864001674895,0.2899728029613143,183.6161761782973,1
1672934940,-2.0653879220177243,-2.0633278466772267,-2.0651237770398874,-2.0586626997889126,-0.6216214787040577,-0.7025372790700465,-1.1465938599883128,-0.8066712430918415,2.5651820383486323,-3.371853281440474,16845.18000099791,16884.14499900209,16813.06000199582,16916.26499800418,16774.09500399164,16955.22999600836,16741.97500498955,16765.94314871549,16817.934999999998,16869.926851284505,0.6182905485662419,0.734555987115498,55.69743449267487,16817.934999999998,16820.46,16820.73,16828.949048183582,16823.198215111137,16823.280195293883,65.8895059687289,52.448450835954965,41.41160101206278,0.2386588680963298,146.1317026696518,0
1672937400,-2.0630445870024814,-2.0667881097420957,-2.0711400183106417,-2.060023321969641,-0.6650998607780501,-0.733845065356644,-1.1472041266300566,0.0407901333055633,2.7301147317968297,-2.6893245984912664,16843.241666666665,16860.28333333333,16825.28333333333,16878.241666666665,16808.241666666665,16895.28333333333,16790.28333333333,16779.108905273304,16825.685,16872.2610947267,0.5536308890449,0.5739649818262897,52.60365631708448,16825.685,16821.885,16820.975,16830.15769878906,16824.90308509093,16824.165414789702,70.16908212560409,62.79897866615128,40.00347465607969,0.0847290083881934,79.10690533228065,0
1672939860,-2.0636031367601766,-2.071233216910045,-2.074641136362934,-2.067041267954452,-0.6333432873436939,-0.711304665496122,-1.1445100958797902,-0.2948545448271034,1.9155760429313309,-2.210430587758434,16833.024999999998,16843.649999999994,16821.949999999997,16854.724999999995,16811.325,16865.34999999999,16800.25,16805.514398823,16832.545000000002,16859.575601177003,0.3211706985129199,0.2688730650461061,48.84982466782724,16832.545000000002,16821.3475,16820.5925,16826.788465859372,16824.020705983487,16823.77347052402,61.08269394714362,65.7137606804922,39.385216929717366,-0.0319457012230003,5.04903610781776,0
1672942320,-2.06610507535678,-2.0681012352128674,-2.0704011816633554,-2.063997770971244,-0.6035278940221815,-0.6896522203903338,-1.1750112661765988,0.1495247477469092,1.8879642684042743,-1.7384395206573653,16818.999583458073,16835.199166916147,16803.85041654193,16850.34833383229,16787.650833083855,16866.547917290365,16772.50166616771,16813.074561556965,16835.170000000002,16857.26543844304,0.2624914205563351,0.3575497830416291,51.47722443988949,16835.170000000002,16821.6125,16820.182500000003,16827.483977239583,16824.90330489558,16824.25933047411,57.26058539357806,62.837453822108586,39.06481391024294,0.0157492247964202,49.16914541097762,1
1672944780,-2.065789976207242,-2.0652176826588087,-2.0700493546884577,-2.0580227821360415,-0.5684826008657495,-0.6643844759170441,-1.1840349918596145,1.1441293245734414,2.306055076184645,-1.161925751611204,16828.791666666668,16846.283333333336,16811.383333333335,16863.69166666667,16793.891666666666,16881.183333333338,16776.483333333334,16817.08207588065,16832.165,16847.24792411935,0.1792154974639284,0.6602805915398191,53.828720626793775,16832.165,16822.63,16820.265,16830.65598482639,16827.102704005472,16825.472727571814,58.51804489911922,58.953774746613625,37.64668893677128,0.0604689238760091,85.28738249896985,1
1672947240,-2.0641905789113757,-2.0606838507968885,-2.061148132223541,-2.056800795752126,-0.23071451503411095,-0.4212442850006502,-1.1771686684741938,2.929427732917248,3.2730827876227613,-0.3436550547055138,16837.39572919785,16846.80427080215,16827.591458395702,16856.6085416043,16818.182916791404,16866.017083208597,16808.378645989254,16814.055933695956,16833.655,16853.25406630404,0.2328557440917369,0.9112440804559488,57.3301247547529,16833.655,16825.795000000002,16821.14875,16837.02898988426,16831.22493964084,16827.787229707832,66.96504688832137,60.91455906033955,37.89337418190277,0.1881898249656335,134.69992300705,1
1672949700,-2.0611238520004225,-2.0578890229368008,-2.0629776324930105,-2.0533153483116675,-0.5922095184138559,-0.6811534170812046,-1.1916435879744451,4.922987138510507,4.213313754572817,0.7096733839376903,16851.225000000002,16871.050000000003,16829.950000000004,16892.325,16810.125000000004,16912.15,16788.850000000006,16811.408352947958,16838.670000000002,16865.931647052046,0.3237981034374363,0.848108094198518,59.37531931139898,16838.670000000002,16832.177499999998,16823.088750000003,16843.902659922842,16836.02949606978,16830.631303068993,75.14208581983648,66.87505920242569,37.05561978750576,0.3800504054317627,126.85008369235256,1
1672952160,-2.058193005369113,-2.061331541062877,-2.065827430989683,-2.0546524449404493,-0.6611028794262552,-0.7307632319467974,-1.1910173017861443,5.655001064391399,3.956262144362967,1.6987389200284322,16855.36143229946,16869.588567700535,16843.422864598924,16881.527135401073,16829.19572919785,16895.754270802146,16817.257161497313,16823.997024910146,16844.250000000004,16864.50297508986,0.2404734564003443,0.5913446045230663,55.82591893639695,16844.250000000004,16838.3975,16824.835,16845.251773281896,16838.19686042073,16832.28070277671,78.25376527422715,73.453632660795,35.9658558338158,0.3705524030799977,80.76939395225337,0
1672954620,-2.058448926409722,-2.0617041847775566,-2.067727296654132,-2.0544018040124215,-0.7145528776294182,-0.7692085646562378,-1.198052326166342,6.080311108151363,3.5052577504983446,2.575053357653019,16848.183333333334,16858.966666666667,16837.166666666668,16869.983333333334,16826.383333333335,16880.766666666666,16815.36666666667,16834.63742079689,16847.855,16861.072579203108,0.1569051870770311,0.4638738688330631,55.43957758608661,16847.855,16841.5125,16826.545000000002,16845.80118218793,16839.779249435138,16833.673016797973,77.43677181017382,76.94420763474582,34.51819993596579,0.1852430013528853,63.43718195003467,1
1672957080,-2.0587632180201383,-2.062626921594855,-2.0676921139566415,-2.055619202805704,-0.8221106242340285,-0.8464723892228554,-1.198738877728655,6.136832525822683,2.8494233345357314,3.287409191286952,16846.266666666663,16854.433333333327,16838.733333333326,16861.966666666664,16830.566666666662,16870.133333333328,16823.033333333326,16840.258311864123,16849.315,16858.371688135874,0.1075021522937335,0.223132787352258,54.43500275212616,16849.315,16840.739999999998,16828.595,16845.300788125285,16840.601204083294,16834.68511043626,73.64308042057387,76.44453916832494,33.423976283757575,-0.0458401883453305,49.34210745210659,1
1672959540,-2.0593817550960973,-2.0671696259261716,-2.070330816268376,-2.0614913616909543,-0.5094919673162933,-0.6222010871110981,-1.1934133646657301,5.090097653330304,1.4421507696346811,3.647946883695623,16844.300000000003,16853.900000000005,16834.700000000004,16863.500000000004,16825.100000000002,16873.100000000006,16815.500000000004,16828.857690635203,16845.66,16862.462309364797,0.1994853198366476,0.07862935110376,49.66384249044416,16845.66,16839.657499999998,16830.05875,16840.700525416858,16838.946439704512,16834.38176658519,68.42519951322309,73.1683505813236,33.04367079732817,-0.0642725989434183,-16.4089721612517,0
1672962000,-2.061962488351623,-2.067568887049041,-2.073014769060479,-2.0590923699512484,-0.7993685061208397,-0.8302565785452953,-1.194573857105087,4.122255828406196,0.3794471557684584,3.7428086726377376,16832.066666666666,16845.833333333332,16817.73333333333,16860.166666666668,16803.966666666664,16873.933333333334,16789.633333333328,16824.869211791036,16840.204999999998,16855.54078820896,0.1821330347102329,0.1795078327224978,49.255217211382046,16840.204999999998,16839.4375,16830.66125,16837.25868361124,16837.387996121874,16834.000169767554,63.1726615273494,68.41364715371544,31.667006748319867,-0.0130698957230294,-46.8088814299754,1
1672964460,-2.0634524954330757,-2.061420265756848,-2.062449892030664,-2.056406931436652,-0.30653849825638724,-0.4758313218368368,-1.1818076035822018,4.699049203994946,0.764992425085766,3.93405677890918,16831.382128092693,16837.764256185386,16823.99287190731,16845.15351237077,16817.610743814617,16851.535640463462,16810.221487629235,16824.919239435123,16840.155,16855.390760564875,0.1809456096440421,0.7476082492854333,55.34819180291896,16840.155,16842.2025,16831.775,16840.739122407493,16839.262905917898,16835.304915503977,59.30647776175165,63.6347796007747,32.1497440463531,0.1643871451036201,71.73964371791529,0
1672966920,-2.061123035986969,-2.0592021484075738,-2.0658977963846628,-2.0533145250739735,-0.9191068379839984,-0.9161184966868005,-1.187631361971912,5.595977926132036,1.3295369177782843,4.266441008353752,16849.666666666668,16866.833333333336,16830.533333333336,16885.966666666667,16813.36666666667,16903.133333333335,16794.233333333337,16823.125325382745,16841.565,16860.004674617252,0.2189781604886877,0.835824797808802,57.33826013942498,16841.565,16844.71,16833.161249999997,16845.14274827166,16841.933286660096,16837.08063783693,63.9934428740093,62.15752738770345,31.129245061887,0.1489998588734962,77.9943656627047,1
1672969380,-2.058849192632302,-2.0669211967830523,-2.068993873763764,-2.0672561030356196,-0.6052272140872668,-0.6911056914797515,-1.1962818523128047,4.499885296172579,0.1867554302550615,4.313129865917517,16851.36219868984,16861.58780131016,16843.72439737968,16869.22560262032,16833.498794759358,16879.451205240643,16825.860993449198,16819.631558479083,16839.144999999997,16858.65844152091,0.2317628540037402,0.3220457423527116,49.13180522175076,16839.144999999997,16844.23,16833.43,16840.828498847775,16840.16359817644,16836.615815185796,58.77621643938559,60.69204569171552,32.602217941608764,-0.0285086416820055,-78.8379596081541,0
1672971840,-2.0615719863929844,-2.0677019740899976,-2.0726276662456633,-2.0601665453570868,-0.7618924687024833,-0.8033695458239825,-1.2030437225951254,3.4143439445397235,-0.719028737102235,4.133372681641959,16828.2,16854.2,16806.2,16876.2,16780.2,16902.2,16758.2,16818.830944938865,16838.844999999998,16858.85905506113,0.2377129198722625,0.279030287141192,48.37757612054924,16838.844999999998,16842.2525,16834.02375,16837.218999231853,16838.31567123527,16835.985737549054,51.868333636058615,58.212664316484506,31.549993444856177,-0.1173606175750207,-60.03624338118876,1
1672974300,-2.063323791271653,-2.0663533587416367,-2.073356528252498,-2.058626893942052,-0.7676520023480992,-0.807472466718822,-1.2017482880976345,2.8280725842014363,-1.044240077952418,3.8723126621538544,16830.623883005796,16839.24776601159,16821.37611699421,16848.495532023175,16812.752233988416,16857.11941502897,16803.504467976833,16820.512786744894,16839.53,16858.547213255104,0.2258639434129713,0.3493470120166605,49.81074353366456,16839.53,16839.8675,16836.0225,16836.07933282124,16837.494640101584,16835.77757206819,42.389758179232985,51.01143608489239,30.1177992337662,-0.1414787944938858,-58.85440452260279,0
1672976760,-2.063525352622966,-2.0693433809284616,-2.0734620763449674,-2.064821305449053,-0.7397877454593441,-0.7875590506273755,-1.2031207476162107,1.6644346513567143,-1.7663024086377122,3.4307370599944265,16832.633333333335,16838.96666666667,16827.46666666667,16844.133333333335,16821.133333333335,16850.46666666667,16815.96666666667,16815.34694735807,16835.065,16854.783052641927,0.2342497951974501,0.2542860804774984,46.71419161313343,16835.065,16837.61,16838.003749999996,16832.511221880828,16835.29106917402,16834.786850918837,39.15362731152279,44.47057304227146,30.002238262883207,-0.1339925628934127,-116.42304978882515,1
1672979220,-2.065121218474039,-2.0724576176868457,-2.0761460038586197,-2.065644839926862,-0.7771093020489322,-0.8144008143955903,-1.2061868909097404,0.0337845939830003,-2.7175619728091407,2.751346566792141,16823.958333333332,16838.916666666664,16810.416666666664,16852.458333333332,16795.458333333332,16867.416666666664,16781.916666666664,16815.223726824224,16827.595,16839.966273175778,0.1470355469783635,0.0556237485107442,43.66915821040352,16827.595,16834.579999999998,16838.04625,16827.207481253885,16831.892692960562,16833.05476987895,32.7999051683262,38.11443021969399,29.514310030188604,-0.1798550475161559,-131.22608237209633,1
1672981680,-2.067476346938362,-2.0752524455469317,-2.0784806319894775,-2.069404453847296,-0.7121861064391815,-0.7679543245064535,-1.2086166766889463,-1.872380375112698,-3.698981553523871,1.8266011784111733,16817.72381870906,16828.747637418117,16805.576181290944,16840.89527483623,16794.552362581886,16851.91909354529,16782.40472516377,16804.657933231418,16822.9,16841.142066768585,0.2168718445521729,0.111474944702777,41.0811035454252,16822.9,16831.0225,16835.88125,16821.04665416926,16827.68038514955,16830.737648938095,23.56718941647129,31.84024063210676,29.33726333197086,-0.2111990406250012,-153.31941064744836,1
1672984140,-2.0700513943463568,-2.0773286033858547,-2.081033264768566,-2.068294472594597,-0.786120384022433,-0.8209483815015849,-1.2128625989651876,-3.811143466286012,-4.510195715757749,0.6990522494717364,16809.386909354533,16822.573818709065,16795.53809064548,16836.422637418116,16782.35118129095,16849.609546772648,16768.502362581898,16795.214654090978,16817.475,16839.73534590902,0.2647287527886385,0.172062598225794,39.22153088351699,16817.475,16828.16,16833.90875,16814.98943611284,16823.170315122356,16828.084063324943,15.643307509335754,24.00346736471108,28.433174774991468,-0.1700680272108843,-155.31658907992608,0
1672986600,-2.0723770484095443,-2.0811348927572113,-2.0833386750596863,-2.074488884101598,-0.5035611662813863,-0.6187128969601068,-1.2046282684163692,-6.142241119297978,-5.473034695015771,-0.6692064242822066,16806.051788010594,16812.80357602119,16796.123211989398,16822.732152042387,16789.371423978802,16829.48394005298,16779.442847957605,16786.38873932324,16809.145,16831.90126067676,0.2707604780226546,0.1265862779170301,36.0038286240034,16809.145,16824.3375,16831.8875,16807.376290741893,16817.53025782738,16824.66177157971,12.713276459611862,17.3079244618063,28.36135206950521,-0.2271191224200206,-174.31985633242968,0
1672989060,-2.075443114432988,-2.082084246982703,-2.086378052358137,-2.075205001038823,-0.4645298398391135,-0.5908115311742336,-1.1944583851401405,-8.111992942951474,-5.954229214935414,-2.15776372801606,16794.5258940053,16807.051788010598,16779.624105994702,16821.953576021195,16767.098211989403,16834.479470026494,16752.196423978807,16781.7058144293,16801.965000000004,16822.224185570707,0.2411525743650015,0.1917447654443972,35.22755472896434,16801.965000000004,16818.515,16830.35875,16801.40919382793,16812.429301858763,16821.31065047688,10.519269436058083,12.958617801668566,27.8204458756078,-0.3455961347839894,-152.87202225997152,1
1672991520,-2.07745084807904,-2.078047273407021,-2.0813430005826805,-2.072161504055615,-0.1737678804967311,-0.38232265515213043,-1.1883441556642484,-8.65539402480863,-5.198104237434055,-3.457289787374574,16790.08794700265,16800.175894005297,16779.38705299735,16810.876788010595,16769.2991059947,16820.964735013244,16758.598211989403,16784.658990675754,16798.815,16812.971009324243,0.1685358083203395,0.5718776017092126,41.04825532600379,16798.815,16813.205,16828.9575,16801.22279588529,16810.323974248076,16819.36201709813,15.281107720623432,12.837884538764458,27.733269292530714,-0.3150596744383278,-85.1734945977361,0
1672993980,-2.0764361280925296,-2.0793337814696007,-2.0833835970370878,-2.0733430970020366,-0.8014385740386936,-0.8319450138032121,-1.1953373773849152,-9.27167243339136,-4.651506116813428,-4.620166316577931,16801.483333333334,16814.466666666667,16787.86666666667,16828.083333333332,16774.883333333335,16841.066666666666,16761.26666666667,16786.381461625482,16796.515000000003,16806.648538374524,0.1206623918654657,0.5350321858838897,39.82016773786766,16796.515000000003,16809.7075,16826.96875,16799.89019725686,16807.942342566606,16817.25372975545,17.849099099097597,14.549825418593036,27.47374486678685,-0.2077862667981736,-87.30698461247762,1
1672996440,-2.07657205400561,-2.0854824027617935,-2.087497165019806,-2.0805400722211544,-0.4241840307239224,-0.5622809781067714,-1.188729838312035,-11.030902839731423,-5.128589218522794,-5.902313621208631,16797.241666666665,16809.28333333333,16785.18333333333,16821.341666666664,16773.141666666666,16833.383333333328,16761.083333333332,16777.54226026152,16791.920000000002,16806.297739738482,0.1712459294527386,0.0819927116974408,34.50659466690105,16791.920000000002,16804.697500000002,16823.475,16793.226798171243,16802.84373482722,16813.696231683505,19.04973017858621,17.393312332769078,27.833339777874297,-0.2976827094474283,-126.15693198079832,0
1672998900,-2.0797144799489846,-2.0813921943697284,-2.0869018667860666,-2.073915990551818,-0.6275588107025404,-0.7075530152343669,-1.1891736936430959,-11.364135746811373,-4.369457700482192,-6.994678046329179,16780.869326708664,16796.63865341733,16764.130673291336,16813.377306834656,16748.36134658267,16829.14663354332,16731.622693165344,16777.39484005696,16791.775,16806.155159943042,0.1712762342639867,0.4878304552456816,40.22116273129901,16791.775,16800.46,16820.16375,16792.626198780832,16800.76760122227,16811.57516199936,20.56820152533291,19.155676934338903,27.230947976834884,-0.2517256947332368,-77.9173147561836,1
1673001360,-2.0792404873839745,-2.0907349046448784,-2.0869018667860666,-2.097762684561429,0.15989913063088665,-0.14573779025394634,-1.20377190872614,-13.595709839286428,-5.280825434365799,-8.31488440492063,16791.441666666666,16799.283333333333,16783.583333333332,16807.141666666666,16775.741666666665,16814.983333333334,16767.88333333333,16760.885792343663,16786.899999999998,16812.914207656333,0.3099346235020784,0.0809981936026725,33.11382010815719,16786.899999999998,16794.4325,16816.021249999998,16783.450799187223,16794.282582818218,16807.14895609466,26.139397721529168,21.91910980848276,31.164514682352937,-0.3582386722435693,-177.27983957829272,1
1673003820,-2.0836750777178277,-2.098675764755286,-2.094538360106996,-2.0928572835414334,-0.4670724652841666,-0.593711843787196,-1.2352607935686506,-16.974057520408678,-6.927338492390438,-10.04671902801824,16760.466666666667,16803.933333333334,16721.633333333335,16842.766666666666,16678.166666666668,16886.233333333334,16639.333333333336,16736.011289019174,16775.275,16814.53871098083,0.4681140664558697,0.0854951151217324,28.50350832818292,16775.275,16787.045000000002,16810.8125,16769.875532791484,16784.90847685127,16801.013341228503,28.36091210931924,25.022837118727107,32.28811944936563,-0.4392980745216037,-177.00964963486277,0
1673006280,-2.0898629996859315,-2.1004857485122943,-2.1006724189989545,-2.0959723922183646,-0.4635731081961934,-0.5914261095053295,-1.2460998500605533,-19.834312170627527,-7.830074514087428,-12.0042376565401,16750.339915838584,16769.979831677167,16723.08508416142,16797.23466335433,16703.445168322836,16816.874579192914,16676.19033664567,16721.85958579572,16763.355,16804.85041420428,0.4950729040133157,0.1899657408728161,27.561581932260484,16763.355,16779.935,16805.47875,16759.125355194323,16776.31148106013,16794.976356349598,24.70708935155939,26.40246639413593,32.707536262469795,-0.4229946054802025,-172.60757297787828,0
1673008740,-2.0938619973933807,-2.102597396228805,-2.104636607230924,-2.1025606680408404,-0.37065838775166976,-0.5253235779472037,-1.2541636675477992,-22.32386425076401,-8.255701275379135,-14.068162975384883,16739.928291252625,16757.85658250525,16719.696708747375,16778.0881650105,16701.76841749475,16796.016456263125,16681.5368349895,16709.736444310427,16753.71,16797.68355568957,0.5249411108294473,0.2494516914261581,26.46286216721312,16753.71,16772.815,16800.4875,16749.975236796217,16768.195757231013,16788.947655744872,19.659098866676235,24.24236677585162,33.60646926045997,-0.423737009291569,-160.49657633853752,1
1673011200,-2.096917372424403,-2.0956236352826827,-2.082398481507374,-2.1104379543503216,3.002861560658804,1.8843289100553366,-1.1589476045833271,-22.452443638328987,-6.707424530355283,-15.745019107973704,16728.05581229298,16752.51162458596,16707.21918770702,16773.34824917192,16682.76337541404,16797.8040614649,16661.926750828083,16722.387519445703,16745.69,16768.992480554294,0.2783101867321737,0.6209098745274925,35.59426697631544,16745.69,16768.732500000002,16796.534999999996,16750.425157864145,16765.128346825375,16785.364545673932,28.355349897788624,24.240512705341416,40.52751813960716,-0.2431195528863448,-85.39709369584034,0
1673013660,-2.094958006682119,-2.0908147568694515,-2.0907719635099435,-2.089419922242751,-0.2751739268497209,-0.45606900352542895,-1.150540363676408,-21.216402490259497,-4.377106705828634,-16.839295784430863,16748.341666666664,16815.08333333333,16684.58333333333,16878.841666666664,16617.841666666664,16945.58333333333,16554.08333333333,16722.492237746148,16745.644999999997,16768.797762253846,0.2765227885082812,0.9152852214600554,41.03189470053746,16745.644999999997,16766.2725,16792.39375,16755.24177190943,16765.082283766216,16783.413160371652,42.26252247610004,30.09232374685497,41.06127274457828,-0.1465203646927527,-32.520470397305886,1
1673016120,-2.091573765457637,-2.091666513931574,-2.09137006936727,-2.095829168830919,-0.30944926967741715,-0.4805657239455412,-1.1389262778004927,-20.197664810257265,-2.6866952206611217,-17.510969589596144,16764.491666666665,16788.68333333333,16740.68333333333,16812.491666666665,16716.491666666665,16836.68333333333,16692.68333333333,16723.26216118639,16749.595,16775.92783881361,0.3144295586085583,0.7445615547029463,40.38157807001293,16749.595,16762.434999999998,16787.82,16757.652847939622,16764.60823217236,16781.419049860066,55.33469061670877,41.98418766353248,42.71405594351856,-0.2284110625355264,-44.796923428462655,1
1673018580,-2.090307544479937,-2.07593562569051,-2.069099421856233,-2.082757406647239,-0.005934468101326887,-0.26127599269418417,-1.1215067055049601,-15.633438254011708,1.5020250684675496,-17.135463322479257,16757.158333333333,16791.916666666664,16727.716666666667,16821.35833333333,16692.958333333336,16856.11666666666,16663.51666666667,16714.12387056374,16763.43,16812.73612943626,0.5882582435248592,0.9398033317142184,54.67067361127568,16763.43,16763.392499999998,16786.55,16774.03523195975,16772.279462686474,16783.836283206725,64.45660193950812,54.01793834410565,46.162560547323714,0.0570034633696978,98.95209946315094,0
1673021040,-2.081808600115681,-2.0696982797043457,-2.0757489516818035,-2.07418322036362,-0.4879875599138483,-0.6069783739285997,-1.1289594621629866,-10.477324134400988,5.326511350462617,-15.803835484863605,16805.202446601645,16851.497553398356,16760.504893203288,16896.195106796713,16714.209786406576,16942.490213593424,16669.51223300822,16725.217040605912,16781.97,16838.72295939409,0.6763563442681517,0.8735928527139984,58.87908604725647,16781.97,16767.84,16786.26875,16790.815154639837,16781.75137856166,16787.69711337751,73.13608100292213,64.30912451971301,46.30425962655299,0.2650492553591034,111.125365955558,1
1673023500,-2.074440300401454,-2.068624710907296,-2.0715622106805185,-2.066749688428875,-0.6139699628507206,-0.6972341632957677,-1.1261192147990253,-6.076923338299821,7.781529717251029,-13.85845305555085,16812.74288996749,16842.63211003251,16794.485779934977,16860.889220065023,16764.596559869955,16890.778440130045,16746.339449837444,16740.6630697429,16797.185,16853.706930257104,0.6729928884762799,0.7672856346427014,59.57476098053164,16797.185,16771.4375,16785.94875,16803.010103093227,16790.051127914085,16791.47834067489,81.95187165775359,73.18151820006129,45.80292732196524,0.2142462596236006,124.7190028282816,0
1673025960,-2.0702193395466395,-2.0672583506201425,-2.071632576075498,-2.0624939254030696,-0.6574892199456897,-0.7285198948873344,-1.128298671391114,-2.2529406822322926,9.284409898654848,-11.53735058088714,16824.638111650413,16845.66188834959,16806.376223300824,16863.92377669918,16785.352446601646,16884.947553398357,16767.090558252057,16759.6366136509,16810.46,16861.2833863491,0.604663838456538,0.7045318257346781,60.49089873475864,16810.46,16778.052499999998,16786.2425,16812.42340206215,16797.541831929706,16795.266117753472,86.79441473559085,80.62745579875552,44.474136657707895,0.3945696715200116,123.22022285766025,1
1673028420,-2.0674256451221584,-2.0617041847775566,-2.0658977963846628,-2.059672931775072,-0.48220312181149466,-0.6021908582023957,-1.1250188643759127,2.017164711349324,10.843612233789171,-8.826447522439848,16829.816666666666,16844.13333333333,16816.93333333333,16857.016666666666,16802.616666666665,16871.333333333332,16789.73333333333,16801.59904109395,16827.344999999998,16853.090958906047,0.3060014388015347,0.8797683370691198,64.05675447721609,16827.344999999998,16788.469999999998,16787.7575,16823.915601374767,16806.51604430612,16800.18363034838,89.57628990124458,86.10752543152968,43.84179500531572,0.6222105421907084,131.42407658918637,0
1673030880,-2.063251577376358,-2.0587851423459087,-2.0625554401231327,-2.0554619106318515,-0.6341904842872311,-0.7113342821477753,-1.1290017808903872,5.995826604197646,11.857819301309997,-5.86199269711235,16843.092861245936,16862.807138754062,16827.18572249187,16878.714277508127,16807.471444983745,16898.428555016253,16791.56430622968,16813.158153111483,16837.01,16860.861846888514,0.2833263968901351,0.8797399858524911,65.80359523370913,16837.01,16800.219999999998,16790.0775,16834.318734249846,16815.354036250465,16805.41614174377,91.647206793708,89.33930381018115,43.09314101627369,0.7020111873697732,121.60823573521915,0
1673033340,-2.0597049499642526,-2.032948511461543,-2.017204943058795,-2.0518838846080696,1.4856242798506447,0.8206667149389615,-1.0721916504185767,14.85209074697923,16.571266755273264,-1.7191760082940344,16852.921430622966,16870.70356937703,16837.342861245932,16886.282138754064,16819.560722491868,16904.06427750813,16803.982153114834,16784.658317840356,16857.719999999998,16930.78168215964,0.8668038401354555,0.980450202656202,76.62984045599761,16857.719999999998,16819.845,16796.329999999998,16865.520822833234,16835.821484204924,16817.08365205389,88.00777976503656,89.74375881999639,50.89138245716081,1.172925006014064,185.35926334679567,0
1673035800,-2.045012680677161,-2.019036479446886,-2.006755681904329,-2.037061543338674,0.20963853272590366,-0.0986883312885482,-1.0469901125408796,24.74857016657552,21.174196939895644,3.574373226679876,16923.485715311486,17001.83928468852,16849.57143062297,17075.753569377037,16771.217861245936,17154.107138754072,16697.30357655742,16780.524909644322,16885.665,16990.80509035568,1.245317733778074,0.887387911330625,80.25476583342802,16885.665,16841.425,16805.078749999997,16899.388881888823,16859.69485071312,16831.373304239234,84.49506107718867,88.0500158786444,57.29713627370376,1.2882563021134326,186.0865310629844,1
1673038260,-2.030710185336133,-2.0359474061177654,-2.040460706099546,-2.0358543753382783,-0.49565729483788823,-0.6106315849297801,-1.0424569707232338,28.419047544703066,19.87573945441855,8.543308090284514,16960.251190989075,17033.973809010924,16893.40238197815,17100.822618021848,16819.6797639563,17174.545236043698,16752.830954945377,16811.90565874641,16903.31,16994.71434125359,1.0814963608144232,0.588425778132077,66.70952417452834,16903.31,16856.885,16811.57875,16906.084254592548,16870.56396876528,16839.763941930734,76.4969699996979,82.99993694730772,58.72056261104862,0.9221661360433558,108.2816433969236,1
1673040720,-2.032014819993043,-2.0309522058471963,-2.034725926408711,-2.0250410095861735,-0.5127857810018078,-0.6225444085587376,-1.0480795000369785,32.093705917370244,18.840318261668585,13.25338765570166,16913.55833333333,16937.21666666666,16895.816666666662,16954.95833333333,16872.158333333333,16978.616666666658,16854.416666666664,16847.569256196446,16920.640000000003,16993.71074380356,0.8636877068900108,0.5883390487628222,68.40578887185768,16920.640000000003,16873.9925,16818.21375,16915.239503061697,16882.01597444432,16848.69594746114,74.80463096960946,78.59888734883202,56.53515458966766,1.0205831776035506,110.75017651708878,0
1673043180,-2.0301694134231036,-2.0250697586369166,-2.0280060311881605,-2.0220868673037202,-0.6578136560806376,-0.7269622284140309,-1.0500796727462471,35.92919374874691,18.1406448744362,17.788548874310713,16933.75,16947.4,16919.9,16961.25,16906.25,16974.9,16892.4,16905.62450941105,16939.640000000003,16973.655490588957,0.4016081875288256,0.6541209581055079,70.32347067268883,16939.640000000003,16888.325,16825.85875,16926.868002041134,16894.39943363626,16858.355857226747,73.16449589966253,74.82203228965663,55.2361771733748,0.8527798272127992,106.71106628616396,0
1673045640,-2.026305340787094,-2.02000357861117,-2.022517530379754,-2.018188585684897,-0.44095851208577175,-0.5699364510515149,-1.099653306052121,39.66350251978293,17.49996291637777,22.163539603405155,16948.391815540304,16968.433184459704,16930.083631080608,16986.7413689194,16910.04226216121,17006.7827378388,16891.734077701512,16910.536667620505,16946.935,16983.333332379498,0.4295565231057583,0.7399148375522606,71.90509681187923,16946.935,16902.3275,16835.08375,16939.378668027424,16907.12680933876,16868.455299395628,76.68879229425649,74.8859730545095,54.366609184830295,0.832274601582534,100.72347408450038,0
1673048100,-2.0218400889344825,-2.0243333436769566,-2.0284634062555273,-2.0203862494942073,-0.6967294221405014,-0.7551312935007651,-1.1164098382292396,41.16401790997406,15.200382645255123,25.96363526471894,16961.979241103483,16984.720758896514,16941.658482206967,17005.04151779303,16918.916964413937,17027.78303558606,16898.59620551742,16912.561068829797,16943.95,16975.338931170205,0.3705031137391713,0.6314157521845039,68.54291132539625,16943.95,16914.807500000003,16843.122499999998,16943.652445351618,16915.32193491353,16876.430985167473,77.5205072294787,75.79126514113257,52.79041664026033,0.7416475510179782,75.90121299821284,1
1673050560,-2.021772452817087,-2.023383989451467,-2.028639319742976,-2.016232771258298,-0.791416435039388,-0.8235231376257697,-1.1421707267115693,42.08392007710063,12.896227849905353,29.18769222719528,16950.233333333334,16967.36666666667,16935.066666666666,16982.533333333336,16917.93333333333,16999.66666666667,16902.766666666663,16931.004431343685,16951.03,16971.055568656313,0.2362755379031732,0.5960022675508099,68.88643792262846,16951.03,16927.170000000002,16852.611249999998,16947.39329690108,16922.513401292887,16883.901843722953,75.97018661449557,76.72649537941025,50.462521269947786,0.7344968436687709,71.93457653847987,1
1673053020,-2.0212639341240592,-2.0205536717137913,-2.0238192901868763,-2.015659877708518,-0.7203999323552938,-0.7720904823102954,-1.1425816935283657,42.96123465160417,11.018833939527113,31.94240071207706,16954.825,16964.95,16944.75,16975.025,16934.625,16985.15,16924.55,16945.44471275985,16956.890000000003,16968.335287240156,0.1349927638871578,0.7603691753181397,69.94038040397523,16956.890000000003,16938.765,16863.6175,16952.545531267388,16929.847328330543,16891.420715749337,74.06092219170408,75.85053867855946,49.16519394028582,0.6882571867821423,73.90141263115373,1
1673055480,-2.019594445783606,-2.024714859861032,-2.028322675465569,-2.0210665605845706,-0.6435884945832427,-0.7166865734793826,-1.1405774211381607,42.22367502021734,8.22501944651222,33.99865557370512,16962.583333333332,16978.866666666665,16946.566666666666,16994.88333333333,16930.283333333333,17011.166666666664,16914.266666666666,16946.098612462043,16957.090000000004,16968.081387537964,0.1296376623342883,0.2286511835106074,66.38019556927757,16957.090000000004,16948.364999999998,16874.292500000003,16952.072020844927,16933.715995906805,16897.106838058924,70.92295106504695,73.65135329041554,48.124819681613616,0.5695597036509666,51.76843797540644,0
1673057940,-2.0208403987862873,-2.027900076374592,-2.0322506287797193,-2.0210665605845706,-0.7089919234625192,-0.7640516459897079,-1.1416274876798218,40.448679012490175,5.160018751028041,35.288660261462134,16949.375,16967.55,16932.95,16983.975,16914.775,17002.149999999998,16898.350000000002,16939.320292795674,16952.64,16965.959707204325,0.1571402118410563,0.1062225753509379,63.70695707196422,16952.64,16949.7875,16884.816249999996,16948.764680563287,16935.249451196476,16901.396663005693,66.51753918637026,70.50047081437377,46.36129555799592,0.0840327447102851,35.47518533177091,0
1673060400,-2.0230560624626257,-2.0264982262098505,-2.0327205126517924,-2.0182737045293915,-0.7596475747834822,-0.8006383901646749,-1.1499437612075338,38.91215873278634,2.898798777059362,36.013359955726976,16942.661851284483,16954.123702568966,16930.688148715515,16966.097405137934,16919.226297431032,16977.559256422417,16907.252594862064,16937.08391266737,16951.420000000002,16965.756087332633,0.1691432025474089,0.3144542553150377,64.38672153470952,16951.420000000002,16947.684999999998,16894.555,16947.876453708857,16937.222278251662,16905.65412367182,62.03261634724055,66.49103553288592,44.07119682509762,-0.1239161024628595,34.89027115453986,1
1673062860,-2.023462934485615,-2.0253536776576233,-2.0331075223241797,-2.016877276501801,-0.8032002194145961,-0.8320925369627871,-1.1556874156113004,37.522153855723445,1.2070351199971725,36.31511873572627,16946.133333333335,16953.26666666667,16938.96666666667,16960.433333333334,16931.833333333336,16967.56666666667,16924.66666666667,16936.361645258003,16950.31,16964.258354742,0.1645793468319886,0.4646911761917433,64.96371439429312,16950.31,16950.670000000002,16903.777500000004,16948.35930247257,16939.422773114995,16909.813254750694,59.859071375331325,62.80307563631405,41.58753367227704,0.1764239138625884,31.51619294083748,1
1673065320,-2.023094067863197,-2.0271192990676465,-2.0339167243664447,-2.018345316223114,-0.8380380503532545,-0.8573038267733483,-1.174995171815614,35.608649705820426,-0.5651752239246761,36.1738249297451,16948.141666666666,16953.38333333333,16944.083333333332,16957.441666666666,16938.841666666667,16962.68333333333,16934.783333333333,16940.09750431799,16946.61,16953.12249568201,0.0768589786631181,0.3264874089482268,63.2609970298724,16946.61,16951.75,16912.87125,16947.02286831505,16940.31863254863,16913.102468583962,58.08288397168301,59.99152389808497,39.40984761788494,0.0637787114928819,-8.877422160456966,0
1673067780,-2.0237924890027523,-2.0301980459484423,-2.035177022379301,-2.020636890422235,-0.9219019558025539,-0.9179055083878962,-1.1819572746058815,33.0116461729267,-2.529743005454719,35.54138917838142,16944.350000000002,16949.900000000005,16938.800000000003,16955.450000000004,16933.25,16961.000000000007,16927.7,16934.378260558962,16943.52,16952.66173944104,0.1079083855189267,0.0709241085572764,60.29341533397516,16943.52,16950.305,16919.315,16943.240245543366,16939.474335721607,16915.25223348073,49.65690685378198,55.86628740026544,37.58898649665957,-0.0852501087750133,-64.9510992655704,0
1673070240,-2.0256811492932107,-2.0325226329304833,-2.037049242731835,-2.0244323101895314,-0.7565056677380136,-0.7985294761456995,-1.1865214693319113,30.0782485768068,-4.370512481259702,34.4487610580665,16938.130949038616,16943.86189807723,16929.944050961392,16952.048796154453,16924.213101922778,16957.779745193067,16916.026203845555,16926.059071890064,16940.915,16955.770928109938,0.1753851915311178,0.103188709828412,58.07810001094657,16940.915,16946.7775,16924.552499999998,16938.53516369558,16937.592638317677,16916.573449339707,43.9793743956099,50.57305507369164,36.27522935968408,-0.2079354412770357,-100.93150672964916,0
1673072700,-2.02778783052437,-2.031919305011481,-2.039137586250892,-2.022534600305884,-0.8897109272064512,-0.8946834928920699,-1.1896238094908749,27.57284306899965,-5.500734391253488,33.073577460253134,16930.640474519303,16939.480949038607,16920.28452548069,16949.83689807722,16911.444050961385,16958.677372596525,16901.08810192277,16922.26174368696,16937.859999999997,16953.458256313035,0.1841821376849058,0.2744940248827867,58.50424913345358,16937.859999999997,16944.64,16929.72375,16935.965109130386,16936.362158623553,16917.930739878782,31.55198450220721,41.72942191719971,34.25276004240972,-0.1260898290487584,-126.9177269579334,1
1673075160,-2.028539492232151,-2.0285388941711844,-2.035218484173567,-2.020442516273771,-0.903988440376343,-0.9049543161281568,-1.1941242195897321,26.0555271518424,-5.614440246728591,31.66996739857099,16930.99523725965,16934.8904745193,16926.92976274034,16938.95594903861,16923.03452548069,16942.85118629826,16918.96905096138,16924.653575899254,16936.065,16947.476424100743,0.1347588604642769,0.6877504491188022,60.902373910717,16936.065,16943.1875,16935.17875,16937.426739420258,16937.087220691996,16920.065907509375,30.11840699979988,35.216588632539,32.90434627323805,-0.0856685761469869,-58.7877320167858,0
1673077620,-2.027225033911462,-2.0288760480082733,-2.033846358971466,-2.0217468716749356,-0.7456809286165702,-0.7905904276218643,-1.198665471008418,24.494034314731834,-5.740746467071325,30.23478078180316,16939.830951963162,16946.719048036844,16933.461903926323,16953.088096073683,16926.57380785264,16959.976192147366,16920.204759815802,16926.11481026948,16935.075,16944.035189730523,0.1058181287124144,0.7413453358731937,60.52665923724732,16935.075,16940.842500000002,16939.80375,16938.08449294684,16937.507726020725,16921.90724965134,25.664943796338065,29.111778432781723,32.03974871908255,-0.138243278694306,-52.97915470539374,1
1673080080,-2.026736390023123,-2.032114499338216,-2.0380952980660556,-2.0229284646213572,-0.7856302681965777,-0.8195216303932154,-1.206802855123291,22.26358796867862,-6.376954250499633,28.64054221917825,16939.6,16949.899999999998,16929.1,16960.399999999998,16918.8,16970.699999999997,16908.3,16924.311849685833,16933.995000000003,16943.678150314172,0.1143634483672556,0.3079137533082751,56.89588894064398,16933.995000000003,16938.7575,16943.56125,16935.481328631227,16936.192684926045,16922.704178255975,24.890946921198733,26.891432572445563,30.70833610614487,-0.123000685795182,-109.9992966867772,0
1673082540,-2.0281113739811087,-2.033454242217179,-2.039458313407435,-2.023393940630554,-0.8097605244868916,-0.8369854926269411,-1.215533911717367,19.96123156685644,-6.943448521857455,26.904680088713896,16931.432737990788,16936.865475981576,16924.842262009206,16943.45595196316,16919.409524018418,16948.888689953947,16912.819048036836,16922.578379367296,16933.47,16944.361620632706,0.1286401503378205,0.180029252071452,55.41491469775137,16933.47,16937.192499999997,16943.49,16932.48755242082,16934.430378575853,16923.06568508874,17.428777208709782,22.661555975415528,29.18981763273888,-0.0923731639727039,-115.51773999244728,1
1673085000,-2.029468770593597,-2.0341285498913595,-2.0402144272171174,-2.0250768154330343,-0.872601851983085,-0.8823406896479347,-1.2197019222293586,17.778345707116387,-7.301067505278009,25.0794132123944,16928.44970232873,16932.19940465746,16922.75029767127,16937.898809314916,16919.000595342543,16941.648511643645,16913.301190685084,16919.19534152379,16932.225,16945.254658476206,0.1539036774695264,0.2073983169273549,54.64395780819522,16932.225,16935.042500000003,16941.36375,16929.858368280547,16932.643037016605,16923.211810318382,10.348417295583396,17.556047141830643,27.96197193360368,-0.126872849800249,-123.32658014447438,1
1673087460,-2.0304846394438516,-2.036577351444959,-2.041810920662303,-2.027440001325878,-0.732961191586217,-0.7816520890251341,-1.2413413089415253,15.315077917213785,-7.811468236144492,23.12654615335828,16925.533333333333,16931.066666666666,16919.066666666666,16937.533333333333,16913.533333333333,16943.066666666666,16907.066666666666,16913.4241766178,16927.695,16941.9658233822,0.1686091742815704,0.1498099747886724,51.82417292647148,16927.695,16931.879999999997,16941.275,16925.805578853702,16929.926121195404,16922.686876002346,8.110194703028933,11.962463069107375,26.96913537488189,-0.1865856014915048,-148.92677718106182,0
1673089920,-2.032217035318282,-2.0365152441591796,-2.043521600781158,-2.02833514749741,-0.8487932113862204,-0.8652227644906688,-1.2854920079560213,13.224596567091794,-7.921559669013188,21.146156236104986,16919.520758915518,16925.641517831034,16911.579241084488,16933.583035662065,16905.45848216897,16939.70379457758,16897.51696433794,16913.537863175665,16923.390000000003,16933.24213682434,0.1164321902921132,0.2201114794518955,51.89197843363641,16923.390000000003,16929.2325,16940.49125,16923.162052569136,16927.735008250784,16922.22860209736,10.66801979905908,9.708877265890472,25.878481636054595,-0.1562467725230072,-140.56611211861258,1
1673092380,-2.033052178073811,-2.036745928363505,-2.043521600781158,-2.02833514749741,-0.7127251847146613,-0.767090046770975,-1.2934201888473356,11.38419554842767,-7.809568550141851,19.19376409856952,16917.125,16923.35,16911.65,16928.824999999997,16905.425000000003,16935.049999999996,16899.950000000004,16912.88700310369,16920.78,16928.672996896308,0.093293534887982,0.2748003675471758,51.60147059213007,16920.78,16927.3875,16938.84625,16921.18303504609,16925.82409765973,16921.752068564278,13.02389429194209,10.600702931343372,24.865731902681176,-0.1089416276587778,-121.41705968754246,1
1673094840,-2.033585097269263,-2.0368967603432555,-2.043662331571116,-2.0286215942723014,-0.776889300342608,-0.8133607139460801,-1.309499267291327,9.778648362313106,-7.532092589005131,17.310740951318238,16916.908333333333,16922.916666666664,16911.216666666667,16928.60833333333,16905.208333333336,16934.61666666666,16899.51666666667,16913.031161905776,16918.84,16924.648838094225,0.0686670964939024,0.3244055035697095,51.39885571160228,16918.84,16926.155,16936.46625,16919.722023364062,16924.183352630687,16921.28044298673,15.593355105587705,13.095089732196294,23.95389303589249,-0.0728035264669658,-111.60075928222273,1
1673097300,-2.03392697659394,-2.033090470971897,-2.038525657737608,-2.025877696519489,-0.8316665302385795,-0.8527721624139835,-1.3322476165653958,9.264858990143694,-6.436705568939635,15.701564559083328,16916.36666666667,16922.63333333334,16910.533333333336,16928.46666666667,16904.266666666666,16934.73333333334,16898.433333333334,16911.290198219685,16919.425,16927.559801780313,0.0961593172381906,0.997860932494022,56.084995551571375,16919.425,16925.825,16935.232500000002,16922.323015576043,16924.790924879653,16921.87516270228,24.79814738045154,17.805132259327113,23.6714718534664,-0.0194910761879331,-14.892470305263444,0
1673099760,-2.0321946772644277,-2.0337292887684897,-2.040003331032179,-2.0291228761283584,-0.6830372872579505,-0.745658373419609,-1.3450027733433914,8.613145277016883,-5.670735425653158,14.28388070267004,16927.362755765553,16936.962244234448,16917.925511531106,16946.399488468895,16908.32602306221,16955.99897693779,16898.888778827764,16911.79731891566,16921.03,16930.26268108434,0.1091267030947948,0.754259838345485,55.12433055742135,16921.03,16924.3625,16933.775,16923.45701038403,16924.960756719716,16922.24181387349,33.53339257232201,24.641631686120423,23.68779530599109,-0.0863323366990646,-50.71980694427886,0
1673102220,-2.0316479523255766,-2.029417268641497,-2.0356406765434447,-2.0235784958441654,-0.6568878428715211,-0.7264919543036488,-1.3643226205811498,8.973618632524449,-4.248209656116474,13.221828288640925,16922.341666666667,16935.983333333334,16912.083333333336,16946.241666666665,16898.44166666667,16959.88333333333,16888.183333333338,16909.528954873764,16925.03,16940.531045126234,0.1831730298408347,0.9143269016829496,60.0932310401362,16925.03,16924.21,16932.52625,16928.263006922687,16927.308800952494,16923.730688742682,51.71890096618561,36.68348030631972,23.482626425002323,-0.0090026801421623,85.69088348381496,0
1673104680,-2.029218472956294,-2.029949616805323,-2.035675859240934,-2.024861980351867,-0.7101494496831998,-0.7649915469910574,-1.4185297219394897,9.034119197294784,-3.350167273076911,12.384286470371697,16935.686522274722,16947.188477725278,16926.373044549444,16956.501955450556,16914.871089098888,16968.003910901112,16905.55761137361,16913.50292996676,16928.86,16944.217070033243,0.1814306460475431,0.744675578861475,59.22140916842356,16928.86,16924.82,16931.78875,16930.967004615126,16928.957200779314,16924.934908862426,59.48067632850261,48.24432328900341,23.541010293380896,0.0360301294574278,63.5087609874463,1
1673107140,-2.0282699205432393,-2.0330549810943093,-2.0390533981999543,-2.0250768154330343,-0.7647117274177796,-0.8044614149877509,-1.4229359205114431,8.280561301344278,-3.282980135221935,11.563541436566211,16933.958333333332,16947.316666666666,16923.016666666663,16958.258333333335,16909.65833333333,16971.61666666667,16898.71666666666,16920.927673620903,16931.025,16941.1223263791,0.119276019958607,0.3316386005388759,54.27485933571721,16931.025,16924.932500000003,16931.0625,16929.85300307675,16928.7149824558,16925.191108018385,61.0104669887293,57.403348094472506,23.02915207667952,0.0066463828907334,3.801451123832963,0
1673109600,-2.029348403420972,-2.0356457421582643,-2.0406845750626923,-2.0261509908388726,-0.8433671180572636,-0.8612891052718028,-1.4390671997603683,7.013465385127347,-3.6400608411510937,10.65352622627844,16927.641666666666,16935.283333333333,16919.983333333334,16942.941666666666,16912.341666666667,16950.583333333332,16904.683333333334,16916.3391100712,16929.585,16942.8308899288,0.1564821574633925,0.1504576117657151,50.48611667137346,16929.585,16924.504999999997,16929.77375,16926.67700205117,16927.189531100197,16924.727669159493,46.88003220611753,55.79039184111648,22.360190506926816,-0.0252590903182435,-37.6941672570112,1
1673112060,-2.031183089581564,-2.03354296691115,-2.0403903407045663,-2.0243606984958085,-0.8864826434853109,-0.8923560566892454,-1.4445792069333623,6.413450460626336,-3.392060612521684,9.80551107314802,16922.662898617673,16928.325797235346,16914.662101382324,16936.326594470695,16908.99920276465,16941.989493088367,16900.998405529303,16916.56035415535,16929.69,16942.819645844647,0.155107929851623,0.368998751348622,53.333536284223975,16929.69,16925.36,16928.620000000003,16926.534668034114,16927.018707263796,16924.872653049064,40.71312598980325,49.5345417282167,21.561247872152435,0.0505387848229917,19.20136396461744,0
1673114520,-2.0310489929390902,-2.0310320580717707,-2.03824419615769,-2.022974233816324,-0.8543840002502107,-0.869168825143295,-1.4465536126562981,6.434653007407178,-2.696686452592674,9.131339459999852,16926.583333333332,16931.166666666664,16921.666666666664,16936.083333333332,16917.083333333332,16940.666666666664,16912.166666666664,16917.55278306944,16928.78,16940.007216930557,0.1326405911182958,0.702409912808748,56.54695605081879,16928.78,16926.905,16928.06875,16928.79811202274,16928.165305943105,16925.677638472964,48.08809438255511,45.227084192825295,20.858860226177107,0.0913235261520556,91.68663355888918,0
1673116980,-2.029726427986866,-2.029559228151851,-2.03824419615769,-2.0216399600775468,-0.8900282812355674,-0.8948818213411732,-1.4510672233031643,6.708989441412996,-1.937880014869485,8.64686945628248,16932.265724654415,16938.659275345577,16926.93144930883,16943.99355069116,16920.53789861767,16950.387101382323,16915.203623272086,16917.15972973257,16929.0,16940.84027026743,0.1398815082689872,0.8578887900605001,58.358285734461184,16929.0,16928.93,16928.15875,16931.69040801516,16929.85797758981,16926.801196713634,65.15151515151042,51.31757850795626,19.94047068822737,0.1197004827919472,110.89190810084165,1
1673119440,-2.0283286940593617,-2.028405807130228,-2.0356406765434447,-2.020229851885786,-0.6841652844193462,-0.7461759512069993,-1.453167763942428,7.106728933111299,-1.2321124185369463,8.338841351648245,16934.89119566054,16940.183804339456,16932.182391321083,16942.892608678914,16926.889782642167,16948.18521735783,16924.18097830271,16916.74712536172,16931.62,16946.49287463828,0.1756816493434218,0.8060941553479106,59.77251597065778,16931.62,16931.322500000002,16928.73875,16934.701938676775,16931.83379984621,16928.1272732171,78.4435261707931,63.89437856828622,19.334951541763967,0.1414274567294008,135.8380529064905,1
1673121900,-2.027053088007171,-2.027456452904738,-2.0347611091062,-2.0189429527784104,-0.6663927272999678,-0.7332879746399619,-1.4568774077333777,7.550750142469042,-0.630472967343362,8.181223109812404,16939.753931163603,16945.971068836392,16934.507862327206,16951.21713767279,16928.290724654416,16957.43427534558,16923.04465581802,16924.19495847156,16936.234999999997,16948.275041528435,0.1421808510384799,0.7975488075799912,60.948113449734535,16936.234999999997,16932.909999999996,16929.3675,16937.60129245118,16933.936745328716,16929.581818624993,85.64203421278849,76.41235851169735,18.694533535387084,0.0937821683914001,135.737581734893,0
1673124360,-2.0259405843467446,-2.0276072848844886,-2.0358869554258736,-2.017820600022953,-0.8445818210509612,-0.86202986754051,-1.4678874817297416,7.778678438771749,-0.3220357368325253,8.100714175604274,16942.676965581803,16948.2230344182,16937.853931163605,16953.046068836396,16932.30786232721,16958.592137672793,16927.48482790901,16932.044192146357,16939.579999999998,16947.11580785364,0.0889727827211892,0.7252578665710074,60.64487816835055,16939.579999999998,16934.635000000002,16929.49875,16939.39252830079,16935.580064359856,16930.857359708327,88.66458635085156,84.25004891147773,17.647391558185323,0.101915870664329,113.5828219011748,1
1673126820,-2.0254597522434814,-2.0286808536815384,-2.0348314745011797,-2.020457861187929,-0.6905973366948756,-0.7508276300160588,-1.469240709269605,7.627298289848113,-0.3787327086049288,8.006030998453042,16942.5134827909,16944.761517209095,16940.726965581798,16946.548034418196,16938.4789311636,16948.796068836393,16936.6924139545,16936.595081206433,16940.905,16945.214918793565,0.0508818011029031,0.3892090494341297,58.41705728346661,16940.905,16934.842499999995,16929.52625,16939.578352200526,16936.37459811261,16931.72332545039,86.10395189002845,86.80352415122285,17.415434933500286,0.0122506512770763,81.10806744813965,0
1673129280,-2.025756147189551,-2.0295769730906437,-2.037123587805237,-2.020708502115958,-0.8336426750385145,-0.8541625415574386,-1.4708664513895233,7.220350329414941,-0.6285445352304802,7.848894864645421,16940.05,16947.199999999997,16932.8,16954.449999999997,16925.65,16961.599999999995,16918.4,16936.55318010425,16940.894999999997,16945.236819895745,0.0512584476292179,0.1003979801888856,56.54965956175179,16940.894999999997,16934.947500000002,16929.88375,16938.860568133685,16936.565580273953,16932.266342074163,80.97079037800525,85.24644287296177,16.784697373608054,0.0061996737790873,41.18775606648346,1
1673131740,-2.0263524265697566,-2.028627618865154,-2.0356406765434447,-2.020457861187929,-0.6936275069307223,-0.7530067030417212,-1.4669867372961174,7.032623576029437,-0.6530170308927881,7.685640606922225,16936.803370697726,16941.40674139545,16932.821629302278,16945.3884827909,16928.218258604553,16949.991853488624,16924.236517209105,16936.380079726565,16940.77,16945.159920273436,0.0518266911531832,0.4236888191281535,58.078564154179794,16940.77,16936.195,16930.563749999998,16939.273712089125,16937.208202042326,16933.012404733767,78.50085910653065,81.85853379152147,16.45007602713713,0.07369610326317,62.752441654319696,0
1673134200,-2.0261758656255298,-2.026081220148187,-2.0330371569292,-2.0180579642680745,-0.8034147971456218,-0.8322544346062843,-1.4691979753335809,7.377765024790278,-0.2463004657055574,7.624065490495836,16939.333333333332,16945.766666666663,16933.666666666664,16951.43333333333,16927.233333333334,16957.86666666666,16921.566666666666,16934.822842607675,16941.545000000002,16948.26715739233,0.0793570762563516,0.9262024574533448,61.94638155847626,16941.545000000002,16938.89,16931.6975,16941.940808059415,16939.038528943718,16934.370747140074,80.16131302541487,79.8776541699836,16.189175661440007,0.1592759004333588,134.21842854105782,0
1673136660,-2.024814322704323,-2.030526327316135,-2.033459349299078,-2.02776225394763,-0.5397709550343318,-0.6420640546910681,-1.4647596775770126,6.564952598324453,-0.8472903137371066,7.41224291206156,16946.42584267443,16953.24915732557,16940.45168534886,16959.22331465114,16933.628370697723,16966.046629302276,16927.654213372152,16931.55344382353,16939.9,16948.246556176473,0.0985431575920931,0.1914895262719829,52.79003401857399,16939.9,16939.739999999998,16932.549999999996,16939.543872039612,16938.258796408496,16934.406866460067,74.0716149830551,77.57792903833355,17.79709212273023,0.0502178568791078,-33.83275115669082,1
1673139120,-2.026356214961474,-2.033436497278385,-2.0377184322572384,-2.025971961604566,-0.7310291983001322,-0.7801635044455614,-1.4650228977242132,5.199188416925608,-1.7704435961087608,6.969632013034369,16932.816666666666,16953.13333333333,16914.43333333333,16971.516666666666,16894.116666666665,16991.833333333332,16875.73333333333,16923.67336204047,16937.22,16950.766637959532,0.1599629450350284,0.1061753465370031,47.80778168713486,16937.22,16939.0625,16932.98375,16935.21258135974,16936.129924334222,16933.65859346387,58.83334749302139,71.02209183383046,18.068327182847465,-0.0400098622095649,-83.65491957571821,1
1673141580,-2.0285823181747276,-2.03265571997144,-2.039925158243775,-2.0255780972890927,-0.639141817711491,-0.7138541682840982,-1.4690093097236987,4.245393819910532,-2.179390554499069,6.424784374409602,16927.71479400194,16937.929588003877,16916.335205998053,16949.309176007762,16906.120411996115,16959.5239700097,16894.74082399223,16920.35788527159,16935.484999999997,16950.612114728403,0.1786440096449085,0.2773864969983396,49.19322548700122,16935.484999999997,16938.19,16933.56,16933.05838757316,16934.788119909816,16933.191108372073,43.901420217207466,58.93546089776133,17.7936031055999,-0.051512991163078,-93.03230361384574,0
1673144040,-2.029304961783026,-2.0332679203598394,-2.0401440618221374,-2.0251126212798947,-0.7542945647029865,-0.7969585126893743,-1.4673237638251806,3.3121314567797526,-2.49012233410388,5.802253790883633,16926.724063667636,16934.848127335274,16920.625936332362,16940.946254670547,16912.501872664725,16949.070318338185,16906.40374532945,16917.323444111124,16932.87,16948.416555888874,0.1836257632507123,0.3120162419967243,48.11474462087208,16932.87,16936.82,16934.07125,16931.04725838211,16933.376643562577,16932.603859955685,37.44778613199588,46.72751794740825,17.401202798363023,-0.0808702106904934,-104.48829127197858,1
1673146500,-2.0299723989495,-2.0324960155222915,-2.0392996770823832,-2.023716193252306,-0.8705518595729136,-0.8808592520252303,-1.4738605291375664,2.7167021813147585,-2.468441287655099,5.185143468969858,16926.375000000004,16932.850000000006,16920.550000000007,16938.675000000003,16914.075000000004,16945.150000000005,16908.250000000007,16923.40740220214,16929.254999999997,16935.102597797853,0.0690827540592423,0.4952972141811105,49.61465807472221,16929.254999999997,16935.4,16934.155,16930.431505588076,16932.617253823926,16932.27968281705,39.66165413533871,40.33695349484736,16.92968821746823,-0.0838084445860753,-76.27086415369855,1
1673148960,-2.029920145988935,-2.0296923151928077,-2.0364498785857097,-2.021835393082523,-0.6796210448916847,-0.7429188360925234,-1.4760930417242326,2.8494376243943407,-1.868564675660414,4.718002300054755,16929.199999999997,16934.599999999995,16923.799999999996,16939.999999999996,16918.399999999998,16945.399999999994,16912.999999999996,16922.08366503773,16929.725,16937.366334962266,0.0902712236881241,0.9825727465434836,54.73328772608192,16929.725,16934.8125,16934.723749999997,16932.654337058717,16933.43229858321,16932.738760644,46.63742690058368,41.24895572263944,16.69522659540662,-0.0346751382210031,5.744516571569314,0
1673151420,-2.0284920998782936,-2.0294971208660706,-2.037540542207894,-2.020394704351139,-0.9034047344377334,-0.9045396928509093,-1.4815305275168742,2.964835049893736,-1.4025338001288148,4.367368850022551,16936.284257958458,16943.51574204155,16929.868515916914,16949.931484083092,16922.637031833823,16957.162968166183,16916.22128979228,16922.952981316415,16931.945,16940.937018683584,0.106213653346787,0.8172257643557114,55.07546672663111,16931.945,16934.5825,16934.7125,16934.319558039148,16934.199153386264,16933.20649772552,55.51378446115145,47.2709551656913,15.96868264500142,-0.0135773718340115,10.286424147333214,1
1673153880,-2.02768047482339,-2.029914126927734,-2.038560840435097,-2.0195758939065787,-0.9207658886912728,-0.9170845546570578,-1.4925825993503765,2.9277266505014268,-1.1517137596168991,4.079440410118326,16936.775462312562,16940.47453768744,16933.950924625125,16943.299075374878,16930.251849250246,16946.998150749758,16927.42731156281,16924.5704372301,16933.49,16942.409562769903,0.1053481918954798,0.6673288297310638,54.13400126991999,16933.49,16934.4875,16934.7175,16935.038038692765,16934.61294367967,16933.517783656425,61.59147869674141,54.58089668615886,14.991405621584171,-0.0056088809249382,6.19961183955043,0
1673156340,-2.027483175658682,-2.029355161355716,-2.0374349941154235,-2.019376848034608,-0.8480423199640066,-0.8645571696239371,-1.5013209405754913,2.990929737581609,-0.8708085380293733,3.861738275610983,16936.17939782295,16936.99560217706,16935.6587956459,16937.51620435411,16934.842591291792,16938.33240870822,16934.321989114742,16929.114088208567,16935.695,16942.275911791432,0.0777164656240242,0.6789265739034201,55.23853223989296,16935.695,16934.2825,16935.23875,16936.042025795177,16935.23786301064,16933.949423308193,62.38512949039583,59.83013088276291,14.204941049408648,-0.0121014633915931,35.51663726075875,1
1673158800,-2.027105029441161,-2.0275540500681055,-2.034514830223771,-2.019204656547784,-0.852962824058734,-0.8681075621631188,-1.508885983083489,3.411206461216352,-0.3604254515157046,3.771631912732057,16937.956365578142,16939.993634421862,16936.012731156283,16941.93726884372,16933.975462312563,16943.97453768744,16932.031827890703,16933.715611266176,16938.480000000003,16943.24438873383,0.056255209839693,0.987470718648254,58.690576452455154,16938.480000000003,16933.8675,16936.37875,16938.403017196786,16936.671887917793,16934.823287755033,66.95906432748718,63.645224171541486,14.033159521911015,-0.0244877126263533,98.76787223443456,0
1673161260,-2.026015356063531,-2.0256908314947135,-2.0340926378538935,-2.0178960337004774,-0.8565221768645702,-0.8706242814141913,-1.509040466114652,4.120412367639801,0.2790243639261955,3.8413880037136057,16942.575,16948.75,16936.95,16954.375,16930.775,16960.55,16925.15,16931.837550926957,16940.735,16949.632449073044,0.1050420666286721,0.929336540017202,61.95895540200012,16940.735,16935.23,16937.485,16941.727011464525,16938.79972647819,16936.113927016457,76.90058479532125,68.74825953773477,13.698307070990072,0.0804558673733004,131.0770747545412,0
1673163720,-2.0245388639241595,-2.024989906412343,-2.0330371569292,-2.0164064700433117,-0.8393876219888675,-0.8582233816760944,-1.5158782924114482,4.786651612073911,0.756210886688244,4.030440725385667,16945.9432580612,16951.831741938797,16942.4865161224,16955.288483877597,16936.598032244805,16961.176967755193,16933.141290306005,16932.334113381094,16943.275,16954.21588661891,0.1291472471397392,0.823328458032378,63.14043428560021,16943.275,16937.61,16938.33625,16944.60134097635,16940.89977620943,16937.46974349108,87.17627401837488,77.01197438039445,13.304507440556463,0.1406075071411437,139.0869451131205,0
1673166180,-2.023450137946884,-2.02622317965854,-2.033459349299078,-2.0170563057361073,-0.7961928082983012,-0.8270579124382099,-1.5183290572519177,4.976877212557156,0.7571491897371914,4.2197280228199645,16948.98829569727,16953.761704302735,16945.576591394536,16957.173408605468,16940.80318278907,16961.946817210934,16937.391478486337,16936.65020821569,16945.355,16954.059791784308,0.1027395623674845,0.5873082342268348,59.6311457609278,16945.355,16939.4225,16938.80625,16945.359227317567,16941.986180534986,16938.365482206216,90.30910609857524,84.7953216374238,12.982756873143984,0.1070663811563169,98.68483221872462,1
1673168640,-2.023522442137423,-2.02873408849792,-2.0289911467178743,-2.023035882161941,-0.6249896599796231,-0.7033019611195708,-1.5239004724261913,4.504810350117623,0.228065861838127,4.276744488279496,16946.825,16951.25,16942.45,16955.625,16938.025,16960.05,16933.65,16938.136684466917,16945.704999999998,16953.27331553308,0.0893242922980277,0.1098867724139962,53.15373262476954,16945.704999999998,16940.700000000004,16938.760000000002,16943.506151545047,16941.588693164987,16938.50210294848,78.04262602029927,85.1760020457498,14.783988711912416,0.0754710293155342,65.97684006961856,0
1673171100,-2.0248141108636797,-2.03118289005152,-2.036189751481663,-2.022462988612161,-0.7202626494526582,-0.7722896298032199,-1.538852051291971,3.533193174698681,-0.5948410508646518,4.128034225563333,16943.133333333335,16960.56666666667,16922.36666666667,16981.333333333336,16904.933333333334,16998.76666666667,16884.166666666668,16930.760364345926,16943.66,16956.559635654074,0.1522650437281412,0.0829339568749633,47.71058047555918,16943.66,16941.07,16938.235,16939.9707676967,16940.008930771353,16937.96856933434,57.48512594828321,75.27895268905259,14.880801019421137,0.0218557285636694,-27.63939707756402,1
1673173560,-2.0266844066761096,-2.0295503556824537,-2.0380437672106857,-2.0190256273134777,-0.9118629135038361,-0.9106517502481326,-1.5556216818519095,3.0986419042201305,-0.8235138570745617,3.922155761294692,16934.546453628827,16941.792907257655,16925.653546371177,16950.685814515306,16918.40709274235,16957.932268144134,16909.5141854847,16928.83392889881,16941.485,16954.13607110119,0.1493502027855363,0.3425034541294472,51.29165611625397,16941.485,16941.11,16937.96125,16939.147178464467,16939.5527615402,16937.92394368345,42.674783314658434,59.40084509441365,14.194292345432103,0.0023616793902229,-3.19075537126827,1
1673176020,-2.0268032469494566,-2.029914126927735,-2.038161573032932,-2.01938368578209,-0.9297567227748026,-0.9235782798092237,-1.5861041844068917,2.64110296689978,-1.02484223551593,3.6659452024157098,16937.523226814414,16938.146453628826,16936.876773185588,16938.79290725765,16936.253546371176,16939.416134072064,16935.60709274235,16929.41179587195,16938.71,16948.008204128048,0.1097864492402123,0.3798155015085859,50.4623443753514,16938.71,16940.9925,16937.7875,16938.256452309644,16938.99316853289,16937.78594904693,37.52732134083336,45.89574353459168,13.318617121001392,-0.006937207936183,-23.585190320353085,0
1673178480,-2.027044561721716,-2.03152004388861,-2.037751638392832,-2.022821047080774,-0.7507481966397976,-0.7943359896541176,-1.5926199236371092,1.891565589037782,-1.4195036907023426,3.3110692797401247,16936.736613407207,16937.573226814413,16935.638386592793,16938.671453628827,16934.801773185587,16939.508067036033,16933.703546371173,16929.89061914113,16935.725,16941.559380858867,0.0689002786579119,0.1764866665963835,46.86024994170352,16935.725,16940.54,16937.513750000002,16936.154301539762,16937.712592436,16937.230144375793,33.23883279209041,37.813645815860745,13.27443018037922,-0.026717484010111,-92.75560099019216,0
1673180940,-2.027968217377133,-2.0337559061766814,-2.0393164029172763,-2.02357296986486,-0.8803758312608905,-0.8879608183709347,-1.599381330976173,0.7802007990976563,-2.024694784513975,2.804895583611631,16932.416666666668,16938.533333333336,16925.833333333336,16945.11666666667,16919.716666666667,16951.233333333337,16913.133333333335,16924.532918918965,16932.895,16941.257081081036,0.0987672938506414,0.0667944420896695,42.32980753048586,16932.895,16939.299999999996,16936.791250000002,16932.652867693174,16935.51939381127,16936.12727348286,20.549012339576944,30.43838882416691,13.065718013648528,-0.0732079548708682,-150.86532445509042,0
1673183400,-2.02954803174551,-2.0329130215839566,-2.03982741754473,-2.0236087757117223,-0.8301813622672604,-0.8517189451793429,-1.6036950102039174,0.0900409118330571,-2.1718837374228595,2.2619246492559166,16928.1341533518,16932.068306703597,16921.715846648192,16938.486613407204,16917.781693296394,16942.420766759,16911.363386592788,16922.695283201872,16931.92,16941.144716798124,0.1089624425124366,0.2888824077075322,44.50789328316191,16931.92,16937.79,16935.82875,16931.11024512878,16934.156776754673,16935.355628389254,11.279463839502158,21.689102990389845,12.77530956479031,-0.0891216939024069,-128.22192171132323,1
1673185860,-2.0299164757496837,-2.03054407225493,-2.037822003787812,-2.021831690350313,-0.8228959481230406,-0.8464215689311057,-1.6086481355873874,0.0807698786593391,-1.744923816477262,1.8256936951366007,16928.40833333333,16932.71666666666,16923.71666666666,16937.40833333333,16919.40833333333,16941.71666666666,16914.71666666666,16923.290638190938,16931.359999999997,16939.429361809056,0.0953185309279236,0.7069556477347753,50.200614270830265,16931.359999999997,16936.4225,16935.826250000002,16932.306830085854,16934.25554461746,16935.293187590276,13.382455940486514,15.07031070652188,12.632430301339864,-0.08068620147951,-49.60353634609806,0
1673188320,-2.028916164393208,-2.027172533884031,-2.031383570147181,-2.02082252314737,-0.671658089031296,-0.7370354403975615,-1.610428418685989,0.8304205520544201,-0.796218514465745,1.626639066520165,16934.187705004617,16939.312294995383,16929.575410009234,16943.924589990766,16924.45082001847,16949.04917998153,16919.838525023086,16920.000411668487,16932.905,16945.80958833151,0.1524202531285926,0.93763503762521,56.96687312518522,16932.905,16935.807500000003,16936.708749999998,16936.271220057235,16936.063627414285,16936.14145543882,28.9991624790568,17.887027419681832,13.531431223725418,-0.0362824366458595,67.0035852587394,0
1673190780,-2.0267301559949167,-2.018193594854161,-2.016677202596448,-2.018617161819988,-0.24825271771074764,-0.4301989180147064,-1.602060618644147,3.42652383688619,1.4399078162928198,1.9866160205933705,16944.393852502308,16956.90614749769,16931.687705004617,16969.612294995382,16919.175410009233,16982.124589990766,16906.469262511542,16908.61006956449,16940.414999999997,16972.219930435505,0.3754917507688937,0.957240427847804,69.03374912275432,16940.414999999997,16938.07,16938.74625,16947.34748003816,16942.142967884414,16939.318459682745,45.943621852573926,29.441746757372425,16.911987833917106,0.1335054397934722,239.61721996932235,0
1673193240,-2.0211474598149968,-2.0182645746093373,-2.00978139388845,-2.0220691242966864,0.9019161357100073,0.4026189531902204,-1.572464296423024,5.405504771308188,2.735111000571853,2.670393770736334,16968.81359291782,16999.58640708218,16938.72718583564,17029.67281416436,16907.95437167128,17060.44562832872,16877.8679645891,16914.507269127298,16949.144999999997,16983.782730872696,0.4087254061806509,0.7909399590013584,68.86934524466547,16949.144999999997,16941.019999999997,16940.86,16954.664986692107,16947.080610087247,16942.173844474866,53.02635188692964,42.65637873952013,22.13970324709451,0.1741460938145883,196.2297416647302,1
1673195700,-2.018391603361249,-2.0293374164169236,-2.029823149016889,-2.0250052037393114,-0.4830841182982089,-0.6010041893393615,-1.5696127838825416,4.405498326519592,1.3880836446266058,3.0174146818929857,16972.06666666667,17015.733333333337,16925.63333333334,17062.166666666668,16881.96666666667,17105.833333333336,16835.53333333334,16920.75800006562,16951.159999999996,16981.561999934373,0.3587011146656201,0.2852114987798816,49.189156640671776,16951.159999999996,16941.54,16941.305,16949.143324461405,16945.447771889565,16941.785859286785,42.26203522052034,47.07733632000798,24.065438817852502,0.0307094472889882,-17.88740780967286,1
1673198160,-2.0225503703833922,-2.030162556070853,-2.033945715843565,-2.0246471452706984,-0.407875395204916,-0.5467028135679318,-1.562995796947449,3.3863422991053085,0.2951420937698579,3.0912002053354506,16939.945064896125,16959.69012979225,16918.354935103882,16981.28025958449,16898.609870207758,17001.025324480615,16877.019740415515,16921.429883536544,16951.375,16981.320116463456,0.3533060470133618,0.2395234708965576,48.08640265191388,16951.375,16941.3675,16941.23875,16944.687216307604,16943.68908609146,16941.21339649757,27.311757504699383,40.866714870716464,24.390593012165706,-0.0101845018450098,-41.89945015204034,1
1673200620,-2.0250423441654237,-2.0326912098490277,-2.036415998115221,-2.024539727730115,-0.6598371064290569,-0.728786469395261,-1.5615660408359053,1.9808913682354607,-0.8882470696799918,2.869138437915453,16935.59753244806,16949.99506489612,16921.377467551938,16964.215129792243,16906.97993510388,16978.612662240303,16892.759870207756,16913.19396351676,16948.265000000003,16983.336036483248,0.4138599022760715,0.2203532891111921,44.77372567293657,16948.265000000003,16940.585,16940.78875,16939.341477538404,16940.954706802106,16940.01688254542,14.216683621566476,27.93015878226208,24.16957197912578,-0.0462020579843036,-66.79483396631258,1
1673203080,-2.02755272059648,-2.0318571977257003,-2.0389045228491236,-2.023071688008803,-0.7142812853518081,-0.7680587819906032,-1.5587483951573673,1.0446447258946137,-1.459594969616672,2.5042396955112856,16930.982099557365,16940.46419911473,16919.167900442637,16952.278398229457,16909.685800885272,16961.76049778682,16897.871601770545,16911.060058040945,16940.565000000002,16970.06994195906,0.3483348041704365,0.3379085101527211,46.09280588437651,16940.565000000002,16940.489999999998,16940.515000000003,16936.560985025604,16939.144760110812,16939.158131826807,11.809087826382145,17.779176317549346,23.16625603916997,-0.0056106945744626,-61.73469054059471,1
1673205540,-2.0283908820865206,-2.031537788827404,-2.038490475040117,-2.0214604249000456,-0.7857953124516263,-0.8196367626723673,-1.565968368259832,0.3710082428515306,-1.706585162127804,2.0775934049793348,16930.774383112013,16935.948766224028,16925.82561688798,16940.89753244806,16920.651233775967,16946.071915560075,16915.702467551935,16926.28458824734,16933.085,16939.885411752657,0.0803210017862423,0.4128729227657053,46.61867077204968,16933.085,16941.115,16940.207499999997,16935.007323350404,16937.827530999755,16938.466881176635,10.495083079010143,12.173618175652932,21.997237710757865,0.0369262037204103,-45.32063003650309,0
1673208000,-2.028650250468589,-2.024883436779577,-2.024980319204039,-2.0226420178464672,-0.05295929125376559,-0.2897596233346084,-1.546464245165946,1.334728853085835,-0.5942916415147999,1.9290204946006348,16932.966666666667,16935.833333333336,16929.033333333333,16939.76666666667,16926.166666666664,16942.63333333334,16922.23333333333,16919.854974586862,16935.595,16951.33502541314,0.1858809851456525,0.9782393803326764,56.20396931220916,16935.595,16943.3775,16940.583749999998,16940.22154890027,16940.1588889998,16939.627178207433,17.955239064089888,13.419803323160735,23.89029221998677,0.1336541031809891,65.65143605062188,1
1673210460,-2.025452593764781,-2.0181758499153672,-2.023537828606957,-2.017328289216448,-0.5002369974378993,-0.6126802221128363,-1.551525703808053,3.582262335708947,1.3225934728866493,2.2596688628222976,16950.916666666668,16975.033333333336,16926.533333333336,16999.416666666668,16902.416666666668,17023.533333333336,16878.033333333336,16910.92459626341,16942.35,16973.77540373659,0.3709686523603862,0.9327708917917672,63.34821809013477,16942.35,16946.8625,16941.642499999998,16949.997699266845,16945.50272736347,16942.476970759108,31.02746693794528,19.825929693681783,24.88095754292792,0.2057904775402114,112.37407005719784,1
1673212920,-2.0204998057908767,-2.0207843559181167,-2.02153241485004,-2.015982130330269,-0.33316942379975495,-0.4918411469949993,-1.5362148056788036,4.716002103170467,1.965066592278536,2.750935510891932,16963.530131222335,16985.419868777662,16947.660262444668,17001.28973755533,16925.77052488934,17023.179475110657,16909.900656111673,16917.874657288896,16949.06,16980.245342711107,0.3679890532112751,0.7106758954314212,59.29718218740204,16949.06,16948.6625,16942.235,16954.065132844564,16948.538595115566,16944.355354496336,41.302136317394535,30.09494743980991,25.93946060450192,0.1062310407100955,94.88909316013562,0
1673215380,-2.019327729434704,-2.021378811367721,-2.0273023772383647,-2.0134757210499794,-0.6459319569085845,-0.7182301978913291,-1.5372784451659358,5.416897908413375,2.132769918017156,3.28412799039622,16964.233333333334,16983.066666666666,16943.36666666667,17003.93333333333,16924.533333333336,17022.766666666663,16903.66666666667,16928.940480791945,16954.965,16980.989519208055,0.3069840510794885,0.6068223384945468,58.38093035491278,16954.965,16947.765,16942.9175,16956.218421896378,16950.717941458188,16945.89532073478,44.65072906069738,38.99344410534574,25.25092768670844,-0.0528890067473911,64.45442810652445,1
1673217840,-2.0190389337098886,-2.002356236980332,-1.9884958619071282,-2.0108578484518596,1.0033353643103131,0.4805028201509156,-1.4911519769256336,10.180085244050131,5.51676580292313,4.663319441127003,16960.541666666668,16968.683333333334,16952.383333333335,16976.841666666667,16944.24166666667,16984.983333333334,16936.083333333336,16927.02697847133,16971.41,17015.79302152867,0.5230328125791422,0.9812087880543316,72.84227873140614,16971.41,16952.2475,16946.63375,16975.520614597586,16962.246497556698,16952.393385426705,47.63181794110201,44.52822777306465,31.967911638188863,0.2641535007336607,236.5157256184159,0
1673220300,-2.009382777342761,-1.974922561604489,-1.9589072133182168,-2.0011162052633584,0.7001175614351043,0.2651383248475247,-1.4527982727171653,19.962296572604828,12.23918170518226,7.723114867422568,17017.612099736125,17075.512900263875,16956.22419947225,17136.90080052775,16898.3233989445,17194.8016010555,16836.935498680625,16899.67939242803,16999.564999999995,17099.450607571962,1.1751548651035113,0.9598260061331648,82.36115885189128,16999.564999999995,16967.579999999998,16954.56,17014.155409731728,16985.733498000933,16965.634491576544,56.88702597123415,49.72319099101119,42.26890748911821,0.9052077859972532,295.4627862035932,0
1673222760,-1.9908371817633952,-1.9559975843804673,-1.950885558290544,-1.9824064238572228,0.29393437602101974,-0.028516830480868734,-1.4257864900373165,31.652777851984865,19.143730387649835,12.50904746433503,17080.48104986806,17174.043950131934,16997.86209973612,17256.662900263873,16904.299199472247,17350.225800527747,16821.68024934031,16888.974799148564,17034.605,17180.235200851435,1.7098159992724904,0.8781667516628797,86.00527994322748,17034.605,16988.4775,16964.9225,17057.686939821153,17014.64558927349,16982.693111426397,71.38376855016261,58.63420415416626,49.73030176276809,1.2339264072650855,234.7196856978348,0
1673225220,-1.972101426468783,-1.9488818639239895,-1.9467691826842397,-1.9635047992347672,0.6401932554339274,0.22605399761277845,-1.3887515191502706,42.05070161386902,23.633323319627195,18.41737829424183,17123.273858267366,17207.37614173264,17060.64771653473,17270.002283465274,16976.54543306946,17354.104566930546,16913.919291336824,16920.18218151512,17075.125,17230.06781848488,1.8148367111207708,0.7893809499430063,87.08562924876817,17075.125,17012.092500000002,16976.338750000003,17093.391293214103,17041.946391223762,17000.036624623885,81.06016648662124,69.77698700267268,53.72379546926463,1.39497242839802,182.25736219990705,1
1673227680,-1.959175512291259,-1.9442415624293055,-1.938008691009282,-1.9504644507756959,0.18846747097685146,-0.10338525307954344,-1.3652168978072055,50.76103274795241,25.87492356296847,24.886109184983944,17151.45359580035,17210.946404199654,17105.307191600703,17257.092808399302,17045.8143832014,17316.585616798606,16999.66797900175,16998.64402918255,17118.595,17238.545970817453,1.4014113987444867,0.7471009596504828,87.7497643415613,17118.595,17036.780000000002,16988.635000000002,17121.552528809403,17066.660683728533,17016.973612754944,85.97556715142058,79.47316739606816,56.60921057911286,1.4581241509656842,152.035603505804,1
1673230140,-1.9503922894851606,-1.9360434007063827,-1.92833344919959,-1.9416034693076039,0.4673800423229715,0.10287554117335163,-1.332462175428767,58.84962799262576,27.170815046113447,31.67881294651231,17176.251797900175,17224.123202099825,17130.00359580035,17270.37140419965,17082.1321916007,17318.2428083993,17035.883989500875,17081.801972822992,17155.965,17230.12802717701,0.8645742419853175,0.803453093227782,88.84156060453866,17155.965,17063.6875,17002.40125,17148.026685872937,17091.081468505163,17034.49755439733,86.16793781472226,84.40122381758803,59.48514580951152,1.5891601060719531,134.67894521534473,0
1673232600,-1.9419013940996672,-1.9377912771776118,-1.9413862299683011,-1.9330374032610813,-0.521013843022352,-0.6233127951464738,-1.3329182244012254,64.1233179650335,25.95560401481695,38.16771395021655,17201.367565616754,17249.607434383244,17152.73513123351,17298.23986876649,17104.49526246702,17346.47973753298,17055.862828083773,17135.636532266213,17176.89,17218.143467733786,0.4803368681267242,0.7322229021283946,87.06002347366868,17176.89,17088.2275,17015.802499999998,17164.03445724863,17110.166656049678,17049.883501597586,84.6349195765845,85.59280818090912,57.79682476724925,1.447732092869582,105.6799610182336,1
1673235060,-1.9385299279486323,-1.937498485687507,-1.9378679602193223,-1.9305851855661207,-0.5129216984229112,-0.6171575667274333,-1.3341827328608757,67.59018825150633,23.53797944103183,44.0522088104745,17195.33378280838,17213.616217191626,17177.767565616756,17231.18243438325,17159.48513123351,17249.464868766496,17141.918914041886,17159.742140154405,17187.315000000002,17214.8878598456,0.3208512771843318,0.6733588763286052,87.10666538622947,17187.315000000002,17110.96,17028.911249999997,17174.98130483242,17125.93180949519,17063.882691921626,84.0967325180299,84.96652996977889,56.45419440789957,1.339605351939213,93.08972464029402,1
1673237520,-1.9366977918737416,-1.929948014230573,-1.9306203245364264,-1.9277877330763247,-0.35008095239493453,-0.49706947554325315,-1.3387898997994245,71.23328960698927,21.74486463721181,49.48842496977746,17201.225000000002,17218.550000000003,17179.550000000003,17240.225000000002,17162.225000000002,17257.550000000003,17140.550000000003,17172.295223822155,17197.984999999997,17223.67477617784,0.2987533269489635,0.8924713057133162,88.2798744991643,17197.984999999997,17136.555,17042.60875,17189.37086988828,17142.698753223332,17078.57481650052,85.78196605050717,84.83787271504053,56.120835009687646,1.5089434153588612,91.28405732499394,0
1673239980,-1.932006301034283,-1.923728413183203,-1.9259410257702847,-1.9230547080462295,-0.44502299224820824,-0.5666605477079595,-1.3294765456213702,74.67380161362598,20.14830131507881,54.52550029854717,17217.78761236876,17243.862387631238,17192.07522473752,17269.574775262477,17166.000449475043,17295.649550524955,17140.288061843803,17178.912837163032,17209.545,17240.177162836964,0.3559903859976079,0.9265124885087788,89.1552658013687,17209.545,17164.07,17055.9175,17204.80557992552,17159.603525364546,17093.536738738567,89.12250615474596,86.33373490776103,55.81710260866942,1.6222964796195742,89.34286563527219,1
1673242440,-1.9265506009915074,-1.9313055020483287,-1.9336460365205477,-1.9264675131770739,-0.3137869003464476,-0.47092802101138476,-1.3265918020019096,74.81524205627647,16.231793406183442,58.58344865009303,17232.46880618438,17260.00619381562,17208.137612368762,17284.33738763124,17180.60022473752,17311.87477526248,17156.269030921903,17182.730485419106,17212.215,17241.699514580894,0.34259988712544,0.5357814946251118,81.19840101272536,17212.215,17184.09,17068.16875,17207.978719950348,17169.552884389173,17105.040382668227,90.08886914171894,88.33111378232404,54.70695240986865,1.176669384996294,70.21069495234751,0
1673244900,-1.9276114831357123,-1.9384833297905848,-1.93983322888653,-1.9314803317376528,-0.6991738949813292,-0.7538470961339775,-1.328463147359565,72.46007155343978,11.101298322677389,61.35877323076239,17214.875,17234.35,17194.85,17254.375,17175.375,17273.85,17155.35,17181.45717162735,17211.825,17242.192828372652,0.3528716841200892,0.2081615487533286,74.42239253129641,17211.825,17194.357500000002,17080.96875,17203.3524799669,17174.015996318412,17113.522250985538,86.66210395797565,88.62449308481354,53.364606126472026,0.600739844688216,50.90709934541171,0
1673247360,-1.9317310159197185,-1.9381639208922898,-1.9424065281955054,-1.9297616510883115,-0.6132156542503049,-0.6908414725099506,-1.3486651031094161,69.86089156912567,6.801694670690623,63.05919689843505,17197.604701546097,17213.809403092193,17177.895298453906,17233.518806184384,17161.69059690781,17249.72350773048,17141.98119381562,17180.31633654594,17211.45,17242.58366345406,0.361778507378057,0.2358165057531095,74.52427318188252,17211.45,17199.3825,17093.93,17200.568319977934,17177.831269715065,17121.28203660596,82.02853104089421,86.25983471352963,51.25284852556136,0.293092637687922,44.747376599898544,1
1673249820,-1.9336310699487689,-1.9379154917491708,-1.9441656630699948,-1.929367786772838,-0.4909025855694014,-0.6011583577225292,-1.3492877985292042,67.08420193390339,3.220004028374668,63.86419790552872,17197.066666666666,17207.93333333333,17184.13333333333,17220.866666666665,17173.266666666666,17231.73333333333,17160.333333333332,17174.537745296326,17206.96,17239.382254703673,0.376850468690267,0.3263538408585344,74.60898656784435,17206.96,17202.472499999996,17107.282499999998,17198.945546651958,17181.08012976687,17128.36946169111,79.66554766545596,82.78539422144195,48.85621646647214,0.1800195749440588,36.25596191403826,1
1673252280,-1.9344568762365533,-1.9352892408076288,-1.9332590268481604,-1.928150387979554,-0.41630147209204904,-0.5460670920012957,-1.3480525621587789,64.73455390706295,0.6962848012273781,64.03826910583557,17196.0,17204.7,17187.0,17213.7,17178.3,17222.4,17169.3,17185.157737325848,17200.445,17215.73226267415,0.1777542694290974,0.5868369981137298,75.53514742785143,17200.445,17204.995,17120.8875,17200.330364434638,17185.083742536528,17135.486655815766,79.74464061840773,80.47957310825264,48.6022010024604,0.1468458700508563,54.59339918217596,1
1673254740,-1.9335565888406157,-1.929442283474937,-1.9263632181401624,-1.9280429704389705,-0.26284087333230294,-0.432969092497715,-1.3452352254605888,63.47019087854278,-0.4544625818342354,63.924653460377016,17209.93333333333,17229.16666666666,17183.86666666666,17255.23333333333,17164.63333333333,17274.46666666666,17138.566666666662,17182.313435932683,17201.495000000003,17220.676564067322,0.2230220578771718,0.9712858642951308,77.50265346322547,17201.495000000003,17206.855,17135.271249999998,17206.74524295643,17191.35488025716,17143.495069547596,80.81043765545137,80.07354197977169,49.74490093971513,0.1081334052284953,91.4732393849999,0
1673257200,-1.930182821609712,-1.9190526218109298,-1.9234782369459995,-1.9212150851941996,-0.2913921729540918,-0.453326324932602,-1.4313160629463928,64.09161368094647,0.1335681764555545,63.95804550449091,17222.058333333334,17253.11666666667,17188.51666666667,17286.658333333333,17157.458333333336,17317.716666666667,17123.91666666667,17171.96574111263,17212.445,17252.924258887368,0.4703487376414902,0.949674734674546,80.50315571619223,17212.445,17212.135000000002,17150.18125,17220.780161970953,17201.808538392223,17153.528872447823,84.765855999371,81.77364475774338,50.02960867678907,0.3070472579458612,150.5834956676441,0
1673259660,-1.9233008497437807,-1.913099194845473,-1.9166176109354907,-1.9142721866119605,-0.30756601081526924,-0.46468269214936736,-1.4321624876425885,65.18627127620857,0.9825806173741256,64.20369065883445,17240.906396923314,17271.743603076684,17218.01279384663,17294.63720615337,17187.17558769326,17325.47441230674,17164.281984616573,17173.09537611097,17226.57,17280.04462388903,0.6208389004779166,0.8651732088948146,81.985771549213,17226.57,17219.010000000002,17164.985,17235.72844131397,17213.411531411817,17164.20469411946,87.59534017418855,84.39054460967031,50.30180838848289,0.3997819371252044,189.3266996576463,0
1673262120,-1.9168830028235628,-1.914013059193375,-1.9193970440371833,-1.9077975219153511,-0.5144799044224077,-0.6170520826476855,-1.4375200618236577,65.09563239755516,0.7135533909765712,64.38207900657859,17259.46153179499,17289.46346820501,17235.62306358998,17313.30193641002,17205.621127179962,17343.303872820037,17181.782658974953,17190.68375824604,17240.04,17289.396241753962,0.5725768821181565,0.7331012166070316,80.96793796281865,17240.04,17223.5,17180.0275,17244.83562754265,17222.43670751876,17173.618532774748,88.11151956699574,86.82423858018511,48.6986579441768,0.2607713372226485,160.9769663720016,1
1673264580,-1.9141310341796791,-1.9183162068509687,-1.9243226216857536,-1.9113216399547535,-0.529372793177327,-0.6283836379732968,-1.4511978210487468,63.31555199521972,-0.8532216090871003,64.16877360430682,17261.997432564163,17276.45256743584,17248.594865128325,17289.85513487168,17234.139730256647,17304.310269743357,17220.73716282081,17216.84500305133,17249.605000000003,17282.364996948676,0.3798347492440873,0.5201465220230002,76.17252680864313,17249.605000000003,17225.025,17194.5475,17246.86541836177,17227.616397060803,17180.981053462867,80.85452568889515,85.52046181002648,47.03089665283687,0.0884792733676147,96.22928278837884,0
1673267040,-1.914906730303067,-1.9203746197510978,-1.9272390652101075,-1.9136490200007366,-0.6453277759629982,-0.7137137200103758,-1.4553092158176173,60.73667929258954,-2.74567544937382,63.48235474196336,17250.008333333335,17262.31666666667,17238.61666666667,17273.708333333336,17226.308333333334,17286.01666666667,17214.916666666668,17238.485871863286,17254.715,17270.944128136714,0.1881123870978371,0.2045435860998223,73.91730217148344,17254.715,17228.105,17206.0975,17246.285278907846,17230.799779413384,17187.09000075212,72.1698404092041,80.37862855503167,45.23658791253949,0.1789207535003508,61.63977590958597,1
1673269500,-1.9163238358148995,-1.9150067757658502,-1.9148936587584906,-1.907920084502932,-0.11364100258958496,-0.3217081943627542,-1.4422353182370429,59.23059179859047,-3.4014103546983137,62.63200215328878,17243.145191474377,17255.090382948754,17233.17980852563,17265.0557658975,17221.234617051254,17277.000957371878,17211.269234102507,17241.51658276573,17256.995000000003,17272.473417234276,0.1793871671663967,0.6051464096984651,75.91950865036813,17256.995000000003,17234.72,17214.53875,17250.940185938565,17236.154364974587,17194.057619728108,68.6318046185999,73.88539023889973,45.08218877516222,0.3847249928754503,112.91023434258288,0
1673271960,-1.9143483335823097,-1.9232226824275684,-1.9259410257702847,-1.9279713587452478,-0.0772297816849453,-0.2967124326165669,-1.427072789044203,55.5288925733912,-5.682487663918067,61.21138023730927,17265.216666666667,17283.233333333334,17242.233333333334,17306.216666666667,17224.216666666667,17324.233333333334,17201.233333333334,17232.146839339406,17251.29,17270.433160660596,0.2219330920829077,0.1293715481056439,67.39229936546349,17251.29,17238.93,17219.15625,17246.32679062571,17236.32629861557,17198.156894039716,62.83998228416525,67.8805424373231,46.79417529912275,0.2448386158766999,-5.099374256890865,1
1673274420,-1.9174687393575136,-1.913516200907138,-1.9073645614956767,-1.9174086339211707,0.11221894973251988,-0.155563950480588,-1.4115401816993411,54.177659361932456,-5.626976700301455,59.80463606223391,17228.366666666665,17265.53333333333,17199.93333333333,17293.966666666664,17162.766666666666,17331.133333333328,17134.333333333332,17231.719120924317,17251.57,17271.420879075682,0.2301341741729282,0.8244188821787649,71.46943306877282,17251.57,17245.805,17224.13875,17252.36786041714,17241.439698867285,17204.47052317879,63.588245777020354,65.02001089326184,49.80173421921644,0.39980925463922,95.3411440375004,1
1673276880,-1.9141754609931732,-1.906258520940306,-1.906309080570983,-1.9138996609287657,-0.1926381424789347,-0.3802515282633555,-1.4000021526189306,54.13293067076302,-4.537364313176724,58.67029498393974,17264.916666666668,17309.133333333335,17220.233333333337,17353.816666666666,17176.01666666667,17398.033333333333,17131.33333333334,17225.232725703194,17258.364999999998,17291.497274296802,0.3839561197923917,0.9004403646169715,74.07921157921805,17258.364999999998,17253.985,17229.489999999998,17263.21190694476,17249.341571800505,17212.130473352237,65.27411481267787,63.9007809579545,52.108753212738144,0.4754956955432621,108.9403467883654,0
1673279340,-1.9088998020083616,-1.8998792154437891,-1.897443040803556,-1.9036233828795786,0.691059678338439,0.2729256569321439,-1.4207646050180456,54.91489046348943,-3.004323616360253,57.91921407984968,17276.0,17321.5,17239.4,17358.1,17193.9,17403.6,17157.300000000003,17225.095232038966,17269.915,17314.734767961036,0.5190502438608969,0.8676948978032832,76.14476844432531,17269.915,17262.315,17234.585,17276.432937963174,17259.07492238223,17220.772809223454,73.54372914700359,67.46869657890062,54.00098513310566,0.4837517766843797,153.76296437831058,1
1673281800,-1.903072161711434,-1.8937217216822,-1.8921656361800878,-1.8938644121838792,-0.15237745370660669,-0.34814159720630194,-1.430224301148126,56.285771891256445,-1.3067537508745914,57.59252564213104,17299.958333333332,17340.716666666664,17262.116666666665,17378.55833333333,17221.358333333334,17419.316666666662,17183.516666666666,17223.742667242826,17281.909999999996,17340.077332757166,0.6731586121808273,0.8293515293193461,77.96961479314301,17281.909999999996,17269.4525,17240.79375,17291.03029197545,17270.193118312734,17230.24444644027,78.72227224038944,72.51337206669031,54.88268310159727,0.4137957023221838,175.51567720795356,1
1673284260,-1.8970794421216106,-1.8876795700227722,-1.886114212211844,-1.8878186385081819,0.3297703723559972,0.00933236175717748,-1.4086553782230304,58.076510652139405,0.3871880080066887,57.68932264413272,17319.826747783452,17353.19825221654,17286.853495566906,17386.17150443309,17253.481991133816,17419.543008866178,17220.50873891727,17250.731615919973,17301.939999999995,17353.148384080017,0.5919380610500601,0.8447677624900903,79.61730863909195,17301.939999999995,17276.614999999998,17247.8125,17306.436861316968,17282.38527861951,17240.435451541194,79.67138158159379,77.31246098966228,55.72391133450755,0.414841628959276,185.70573288894488,0
1673286720,-1.8910618567941826,-1.8790555297687868,-1.8774592686293565,-1.8817477789562667,0.14479109878448732,-0.12643413435022008,-1.3914724976374402,60.7561320670502,2.4534475383339824,58.30268452871622,17336.863373891727,17370.386626108273,17303.726747783454,17403.523252216546,17270.203495566908,17437.046504433092,17237.066869458635,17268.14313613063,17321.360000000004,17374.576863869377,0.6144651906013487,0.8776058666163588,81.71895344891064,17321.360000000004,17286.465,17254.982500000002,17324.807907544648,17296.778864325053,17251.970170442033,81.9396447530396,80.11109952500762,57.05112761185547,0.5705828344354192,177.57258066077864,0
1673289180,-1.8837408303307532,-1.8822318738129513,-1.8807664421933958,-1.8846462840431013,0.5221758567400973,0.15144407247920136,-1.3606386597786073,61.449212867140886,2.517222670739727,58.93199019640116,17358.8150202792,17397.334979720807,17323.0300405584,17433.119959441607,17284.51008111679,17471.639918883215,17248.72510139599,17292.28553062522,17334.9,17377.514469374782,0.4916609772745275,0.707675940351751,78.50814815957509,17334.9,17296.6325,17260.82875,17334.0719383631,17306.928161720498,17261.553963733266,81.61758205456333,81.07620279639892,58.19033278556673,0.5893886849545495,124.54516165141438,1
1673291640,-1.881668567819511,-1.8909712561690981,-1.8942902259736765,-1.8830350209343438,-0.623273339332718,-0.6961644556979828,-1.3654026562052837,59.32756149550914,0.3164570392863837,59.01110445622276,17350.0,17387.8,17314.8,17423.0,17277.0,17460.8,17241.8,17309.37371708219,17339.920000000002,17370.466282917812,0.3523232277635705,0.3044770286430065,70.32131323873033,17339.920000000002,17304.917500000003,17266.51125,17332.039625575402,17310.7548595895,17267.87977671105,76.78752304471703,80.11491661743999,56.59816615396468,0.4804256275324101,73.90302083709685,0
1673294100,-1.885002344272448,-1.9125047393958674,-1.8975949834028023,-1.9232449869595587,1.4650773928269483,0.839794842551032,-1.3089133399100186,52.14903051778674,-5.489659150748814,57.63868966853556,17330.4787550698,17344.257510139596,17314.1962449302,17360.540020279193,17300.417489860403,17374.31877534899,17284.134979720806,17263.051339871028,17329.335,17395.61866012897,0.7649879251450902,0.0320490760521091,55.08024541263401,17329.335,17305.622499999998,17270.171250000003,17310.459750383605,17302.85397602777,17267.82455988143,61.33644706653525,73.24718405527187,62.05316377050941,0.04084529482481,-36.13311581896294,0
1673296560,-1.8974365076346242,-1.9326629898660859,-1.9099209129683297,-1.9325903129903532,-0.17038792008549986,-0.365767954417083,-1.2926854901471632,41.3994802586858,-12.99136752787981,54.39084778656561,17269.6893775349,17334.978755069802,17202.010622465106,17402.657510139597,17136.721244930206,17467.946887674498,17069.04248986041,17189.659492784464,17303.984999999997,17418.31050721553,1.3213777891686045,0.0911454832920473,45.203315961606165,17303.984999999997,17302.9625,17270.94625,17277.13983358907,17286.06234402272,17262.365077987957,39.84834671427152,59.32410560850794,66.48037110394979,-0.1543183018024989,-98.01427338180446,0
1673299020,-1.9137332139998193,-1.9357772266244682,-1.9260757638381931,-1.9368512087668444,-0.25219852338468984,-0.4261493397627412,-1.2804511048643934,31.80567899860762,-18.068135030366392,49.87381402897401,17230.37802210078,17282.45604420156,17158.421977899212,17354.41208840313,17106.34395579843,17406.49011050391,17034.387911596863,17150.784776570163,17272.02,17393.25522342984,1.4038337545908095,0.2100883802112183,43.89379431402766,17272.02,17296.69,17271.2475,17252.00155572605,17270.728281473133,17256.589832465295,22.5935120901446,41.25943529031713,68.16156125361361,-0.3633188430560772,-122.91565431644786,0
1673301480,-1.9234387627212024,-1.9374896132181094,-1.9356968301254889,-1.9354547807392553,-0.6276651454521311,-0.7014524423126908,-1.2800350181450253,23.541809874630417,-21.06560332347488,44.6074131981053,17208.18067771706,17249.96135543412,17159.944322282947,17298.197710868233,17118.163644565888,17339.978388585292,17069.927289131774,17140.186984353044,17240.879999999997,17341.57301564695,1.1680728088932055,0.2816134529419738,43.15351864309813,17240.879999999997,17287.89,17270.9375,17233.634370484033,17257.30495756893,17250.90508651622,14.577347507391332,25.67306877060249,67.49080806105405,-0.5091148921891362,-124.79535179255448,1
1673303940,-1.9291477728055,-1.941375754814041,-1.9395215470013425,-1.950242595492963,-0.17121686444401019,-0.36761533589606016,-1.2659826314126525,15.925481531059631,-22.94554533363653,38.87102686469616,17198.757005525196,17227.214011050393,17168.442994474804,17257.528022100785,17139.985988949607,17285.985027625982,17109.671977899216,17155.4038163775,17212.475,17269.546183622497,0.6631374467936565,0.2676147723214442,41.44521059095891,17212.475,17276.197500000002,17269.25625,17217.73958032269,17244.331328920034,17244.71888780039,16.7624430676258,17.97776755505392,69.04146463085242,-0.6757547517392298,-130.83932119296458,1
1673306400,-1.9339454449302365,-1.9431147588158737,-1.9461120563939387,-1.935490586586116,-0.6514000511153063,-0.719022975704692,-1.2631540583133662,9.385902554971835,-23.588099447779463,32.9740020027513,17177.716666666664,17226.433333333327,17137.233333333326,17266.916666666664,17088.516666666663,17315.633333333328,17048.033333333326,17173.958359455,17195.225,17216.491640545,0.2473551877919594,0.1667315655708495,40.66934972355151,17195.225,17262.28,17265.86625,17205.50972021513,17232.825632752756,17238.655184200354,18.13487517114922,16.491555248722126,66.20048530570992,-0.803540369712283,-111.4647200560207,1
1673308860,-1.9372138260797902,-1.9371347144422253,-1.9404714798335672,-1.9316951668188211,-0.5713377709007971,-0.6601404502589799,-1.2570953526508588,5.499498484761716,-21.979602814391665,27.47910129915338,17183.572584714635,17196.94516942927,17167.677415285372,17212.840338858532,17154.304830570738,17226.212923573166,17138.409661141475,17177.022768013776,17192.705,17208.387231986228,0.1824289079144417,0.6656333105058845,44.515859729264726,17192.705,17248.345,17262.48,17202.973146810087,17226.4755177068,17234.773738086034,22.32680722891596,19.074708489230336,63.95045063759987,-0.8037606886905279,-79.36449688996636,0
1673311320,-1.935857846303735,-1.9311812874767698,-1.934208959680385,-1.9269403513925916,-0.5263821274029972,-0.626825347039592,-1.2489515953618455,3.730099301723385,-18.999201597944,22.729300899667383,17198.06666666667,17215.33333333334,17180.63333333334,17232.76666666667,17163.36666666667,17250.03333333334,17145.933333333338,17172.05373497268,17195.295000000002,17218.536265027324,0.2703212131844412,0.9169308335242248,48.1218111446108,17195.295000000002,17233.6575,17260.06125,17206.873764540058,17224.329969032835,17232.85957255403,25.93185240963868,22.13117826990129,62.184029979853726,-0.8459786136606675,-53.03029987747389,1
1673313780,-1.932202995428456,-1.9360256557675875,-1.9421602493130767,-1.9289739224573632,0.06524372954349238,-0.19317263387231481,-1.223156883057796,1.2124207474698778,-17.213504121758003,18.42592486922788,17214.01814617866,17233.956853821343,17194.73629235732,17253.238707642682,17174.797584714637,17273.177415285365,17155.515730893298,17172.421067533112,17196.120000000003,17219.818932466893,0.2756311594346893,0.6034856740245917,45.52886984043035,17196.120000000003,17218.5,17257.56625,17204.92417636004,17220.092701935955,17229.827708501263,28.438755020080738,25.5658048862118,59.61909926364871,-0.8735002247501649,-59.73438719067122,0
1673316240,-1.9327978741622616,-1.9430171616525063,-1.941175133783363,-1.9436901255173493,-0.4028120563219238,-0.5370525668615282,-1.2139146556077918,-2.345446162526059,-16.617096825403152,14.271650662877091,17200.041666666668,17211.683333333334,17189.383333333335,17222.341666666667,17177.74166666667,17233.983333333334,17167.083333333336,17169.68838517031,17195.195,17220.70161482969,0.2966714227979395,0.2281097454010688,42.01060957992994,17195.195,17203.835,17254.37625,17197.057784240027,17213.04402885669,17225.208402929715,26.358559236947645,26.90972222222236,60.089163602531045,-0.846319318904843,-72.31576355665669,0
1673318700,-1.9365912396960117,-1.9435583822857276,-1.9466988172892599,-1.93756732570407,-0.5701174595762931,-0.6594143796230234,-1.2055634854875643,-5.227872417795879,-15.59961846453838,10.3717460467425,17180.708333333332,17214.116666666665,17147.916666666664,17246.908333333333,17114.50833333333,17280.316666666666,17081.716666666664,17168.870541231503,17194.945,17221.019458768496,0.3032805137614188,0.2095816995769233,41.74170415151302,17194.945,17195.085,17250.353750000002,17191.305189493352,17206.999659973655,17220.883793126886,21.9816767068276,25.592996987952,58.18279477162656,-0.5067381698354483,-67.44707115914764,1
1673321160,-1.938758546189,-1.937108097034035,-1.9426528070779343,-1.929866731435004,-0.6370800450431645,-0.7083091990187468,-1.1985890080914126,-5.976749142944755,-13.078796151749804,7.10204700880505,17180.666666666668,17196.933333333334,17163.533333333336,17214.066666666666,17147.26666666667,17230.333333333332,17130.13333333334,17168.87867334528,17194.96,17221.04132665472,0.3033601317446427,0.5577999739030504,46.16451602735459,17194.96,17193.8325,17248.3975,17193.528459662237,17205.358812705716,17218.70200330528,21.91650334750383,23.41891309709304,56.134023714362456,-0.0727753406350858,-40.562722612167626,0
1673323620,-1.9366168969947617,-1.933763176071326,-1.941456595363281,-1.9277061220277005,-0.4393980910406837,-0.5631653534671044,-1.190585652764819,-5.743512968711002,-10.276447982012842,4.53293501330184,17197.727175802833,17209.547824197165,17186.154351605666,17221.12064839433,17174.333703211334,17232.941296788664,17162.760879014168,17171.490790950615,17193.504999999997,17215.51920904938,0.2560758734113,0.8155916246828241,48.35413171738475,17193.504999999997,17194.4,17245.545000000002,17198.152306441494,17205.72993766831,17217.62562203811,27.35052072243501,23.749566925588823,53.6072531820021,0.0329908773683992,-20.15699971287309,0
1673326080,-1.9338735290411675,-1.932033044538891,-1.938114239101751,-1.9249384667907097,-0.5061846637144853,-0.6119496095929462,-1.1832835705298952,-5.106436046233284,-7.7114968476281,2.605060801394815,17204.013587901416,17216.086412098583,17195.32717580283,17224.772824197167,17183.254351605665,17236.845648394334,17174.56793950708,17169.278871127557,17195.755,17222.231128872445,0.3079379634385806,0.8119791431668522,49.498282771743234,17195.755,17195.9375,17241.91375,17202.859870960998,17206.919949001345,17217.116038986864,34.2967934917362,27.85460585389169,51.38742210612934,0.0894056486924969,30.50064900632008,1
1673328540,-1.9316367364317124,-1.9305069798025907,-1.9353699886975477,-1.9226818716549714,-0.7365189073215577,-0.7810305484652592,-1.1813697228866262,-4.2060887588704645,-5.448919648212224,1.242830889341759,17211.38179395071,17223.093206049292,17200.56358790142,17233.911412098583,17188.852175802836,17245.622824197166,17178.033969753546,17176.68272215003,17202.805,17228.92727784997,0.3036978893845354,0.7635681328995073,50.53913249260008,17202.805,17199.0,17237.598749999997,17207.431580640667,17208.67541281928,17217.064511464305,42.16395966024108,34.60375795813744,49.43312831647526,0.1781978883913683,95.86551769714546,1
1673331000,-1.9297552699484353,-1.9338252833571068,-1.9371291235720371,-1.928221999673277,-0.8040006860586995,-0.8306518000252752,-1.1795771330338714,-4.198624772940093,-4.353164529825482,0.1545397568853885,17217.515896975354,17229.059103024643,17205.031793950708,17241.54320604929,17193.48858790142,17253.08641209858,17181.004484876772,17195.869146564277,17208.29,17220.710853435725,0.1443589506653361,0.4571285497605482,48.21228746053965,17208.29,17201.6175,17231.948750000003,17207.36272042711,17208.411701397592,17216.12741513437,50.62734664231886,42.36269993143205,48.36647629303859,0.1523480811708206,57.62659348859447,1
1673333460,-1.9304737706996906,-1.9373121638301674,-1.9426706015253037,-1.9272194359611614,-0.7357968509929693,-0.780688219045272,-1.1796512305249258,-4.928690028718847,-4.066583828483389,-0.8621062002354586,17207.575,17224.65,17190.15,17242.075,17173.075,17259.15,17155.65,17195.369571460833,17208.175,17220.980428539166,0.1488295945289528,0.0792799918002856,45.82477498326928,17208.175,17201.5675,17224.95625,17204.041813618074,17206.409573870755,17214.34385178824,59.16559104044118,50.65229911433372,46.05097246553981,-0.002907331709104,13.435339491538295,0
1673335920,-1.9325765477042156,-1.938305880402644,-1.943180547540281,-1.9295110101602824,-0.6725782754687101,-0.7343619967176505,-1.1750466279387584,-5.667872892605374,-3.844613353895932,-1.8232595387094417,17199.983140910506,17206.666281821013,17190.716859089498,17215.93256364202,17184.03371817899,17222.61570455253,17174.767436357983,17188.741689712107,17205.614999999998,17222.48831028789,0.1961372527269788,0.1735969465367865,45.13873807389008,17205.614999999998,17199.56,17216.60875,17200.89454241205,17204.262378621526,17212.463484951262,63.28948069207113,57.69413945827707,44.25447443107957,-0.116615620103201,-9.207005444923078,0
1673338380,-1.934124819113441,-1.9280670507183861,-1.923794881223407,-1.9282936113669997,-0.25600050968687804,-0.4276348249724902,-1.1631121366378392,-3.8809891205200975,-1.6461836654485251,-2.234805455071573,17196.43333333333,17205.96666666666,17185.066666666662,17217.33333333333,17175.533333333333,17226.866666666658,17164.166666666664,17185.85652369288,17207.85,17229.843476307116,0.2556214321616915,0.8546506196238178,52.95398112042273,17207.85,17201.802499999998,17210.151250000003,17208.4130282747,17207.751037053975,17213.50981971781,64.78308457216315,62.41271876822517,46.27915483012314,0.1303701378260846,156.1825300963106,1
1673340840,-1.9297792862945236,-1.9163199012366219,-1.9195729575246323,-1.9208079773445474,-0.6851939830218248,-0.7428224322605405,-1.1607160826763725,0.2036746794947248,1.9507841076530383,-1.7471094281583135,17225.55,17260.8,17188.199999999997,17298.15,17152.949999999997,17333.4,17115.599999999995,17170.408402415313,17215.844999999998,17261.281597584682,0.5278462670253472,0.9479318673029552,59.99530772864901,17215.844999999998,17209.325,17206.58,17224.458685516467,17216.62357577143,17217.60888450659,71.46277281572439,66.51177935998624,47.52305964001812,0.4378300276608596,219.45816936402025,0
1673343300,-1.9217326540920379,-1.9200019760364198,-1.9245689005681825,-1.913255155685263,-0.7634290635754551,-0.8005256687534819,-1.1589329965047346,2.573953443843493,3.456850297601445,-0.8828968537579522,17247.552059280482,17283.897940719526,17220.204118560963,17311.245881439045,17183.85823712192,17347.591762878088,17156.5102964024,17173.652687127615,17223.635000000002,17273.61731287239,0.5803921515102637,0.7254797617863878,57.11002259696954,17223.635000000002,17215.9625,17205.52375,17231.697457010978,17221.996561994805,17220.329466934534,76.32702306443413,70.85762681744056,46.15712680785344,0.3863549051793173,162.14538091982243,1
1673345760,-1.9195504666192746,-1.9165239680327555,-1.9202062460794493,-1.91092777563928,-0.6180244094552876,-0.6933935609641962,-1.1572341707854181,5.183443034784432,4.853071910833908,0.3303711239505245,17246.391666666666,17260.483333333334,17232.083333333332,17274.791666666668,17217.991666666665,17288.883333333335,17203.68333333333,17188.070543572554,17235.35,17282.629456427443,0.54863355171139,0.7181179899101771,59.1103781684913,17235.35,17221.7625,17207.797499999997,17239.78997134065,17228.17445981393,17223.724279607435,82.75862068965355,76.84947218993737,45.31018917829786,0.3372490075139661,154.85506491062782,1
1673348220,-1.9167202827085221,-1.9124958669264698,-1.9167935244229397,-1.9076333612244871,-0.7640378870299659,-0.8007556721928812,-1.1600340660830049,8.074257466039853,6.195109073671463,1.8791483923683905,17255.958333333332,17273.116666666665,17238.816666666666,17290.25833333333,17221.658333333333,17307.416666666664,17204.516666666666,17220.253991243957,17249.895,17279.536008756044,0.3436659615150521,0.7940183335772356,61.358206434199154,17249.895,17227.754999999997,17211.0775,17248.968314227102,17235.29273984776,17227.87672916863,83.74535853508928,80.94366742972566,44.55940622020123,0.3482513337285079,145.67013982533456,1
1673350680,-1.9132910403981345,-1.9207916258127613,-1.9256374391587312,-1.9139712726224885,-0.6721925898487804,-0.7334197608496692,-1.1590422304361208,8.382453872680344,5.202644384249563,3.1798094884307813,17266.041924076726,17284.083075923274,17249.283848153453,17300.841151846547,17231.242696306905,17318.882303693095,17214.48462038363,17237.25721639295,17253.995,17270.732783607047,0.1940163261557475,0.199930401903142,54.69014557718816,17253.995,17230.9225,17213.43,17247.295542818072,17236.866787148167,17229.407516866857,80.31177703038773,82.2719187517102,44.02123434709799,0.1840256444891757,67.02809697770148,0
1673353140,-1.915724504225176,-1.9259908928794631,-1.928049720778226,-1.9176950806960606,-0.6336657813048588,-0.7052963999593894,-1.1556179208040427,7.35973078531606,3.3439370375082227,4.015793747807837,17243.970962038362,17257.641924076725,17230.279037961634,17271.333848153452,17216.608075923272,17285.004810191815,17202.916151846544,17223.167935550468,17248.545000000002,17273.922064449536,0.2942516536848107,0.1208190266003738,50.95278088103291,17248.545000000002,17232.195,17215.5975,17241.297028545385,17235.491007666682,17229.39727716525,66.8505193522656,76.96921830591421,43.08446354032665,0.0739113325385904,26.57239930721577,0
1673355600,-1.9195409984912,-1.9282090102287401,-1.9318329941791006,-1.9206669659855478,-0.5904367933734898,-0.673613645599279,-1.1490086988269437,5.976004938685946,1.568168952702487,4.40783598598346,17233.335481019185,17246.77096203837,17215.864518980823,17264.24192407673,17202.42903796164,17277.677405095914,17184.958075923278,17211.14904639661,17243.920000000002,17276.690953603393,0.3800870521713254,0.1815777738331788,49.40173142496399,17243.920000000002,17233.7775,17217.6975,17235.214685696927,17233.22900627274,17228.792774578083,49.88924614203527,65.68384750822953,42.03937482482773,0.0919671823899596,-8.193897929901976,0
1673358060,-1.9225583592558273,-1.9183516967285592,-1.9107421004546958,-1.9179457216240898,-0.16672379059870102,-0.3611557760921888,-1.1302009657697967,7.03945614217082,2.105296124949888,4.934160017220933,17224.901073842924,17238.20214768585,17209.748926157074,17253.3542953717,17196.447852314148,17266.655369214626,17181.295704628297,17211.400690701834,17242.89,17274.379309298165,0.3652439851807395,0.6259951421109754,55.83581513249455,17242.89,17239.12,17220.34375,17240.41812379795,17236.428277859515,17230.891081761125,46.33367216620142,54.35781255350077,44.80799090972347,0.3106574249595615,90.07360538487644,1
1673360520,-1.9191381386592485,-1.9118215592522894,-1.904057387931636,-1.9194853730391246,0.41304665042352146,0.0663447619707757,-1.097082238225541,9.260228952396574,3.4608551481405128,5.799373804256061,17256.675,17294.149999999998,17213.35,17337.475,17175.875,17374.949999999997,17132.55,17210.587139046966,17243.27,17275.952860953035,0.3790796171843836,0.8970735615419194,59.50911791264212,17243.27,17246.582499999997,17223.07125,17250.020415865303,17242.391318248694,17234.541931117208,52.17883539860139,49.46725123561271,49.04313441752808,0.4340025356798276,109.51429192344774,0
1673362980,-1.9141627978294868,-1.900455925954601,-1.8860790295143546,-1.9050532347016438,0.2689034520462714,-0.0370991673775922,-1.0667986528502387,13.44932184983918,6.119958436466495,7.329363413372685,17267.708333333332,17320.516666666663,17216.416666666664,17371.80833333333,17163.608333333334,17424.61666666666,17112.316666666666,17197.8809243692,17254.73,17311.579075630798,0.6589390344653128,0.9091535304999572,64.970215886088,17254.73,17254.3625,17228.0825,17267.096943910205,17253.09289674893,17240.895080534618,60.41970410129289,52.977403888698575,53.74672105402502,0.4517097329512918,195.00686302373853,0
1673365440,-1.9059920291662173,-1.8987701567691513,-1.897513406198536,-1.8990044286344745,-0.2586519145029055,-0.42711686000991583,-1.0556797317816897,16.95702344356323,7.702128024152435,9.254895419410795,17308.8522175637,17362.497782436305,17247.604435127403,17423.745564872603,17193.9588702548,17477.391129745207,17132.7110878185,17207.8116881045,17270.07,17332.3283118955,0.7209966363251662,0.7885558482561171,65.70895751546841,17270.07,17259.3075,17234.31625,17280.06462927347,17262.712370067307,17247.09554905513,63.24975042064918,58.61609664018116,54.58624097896936,0.286557857740978,156.14453250444691,0
1673367900,-1.9010637184745554,-1.8972707094410413,-1.8993077237705145,-1.8946361153173983,-0.3746762197702005,-0.5130562874636619,-1.0480570034470826,19.84901730253841,8.475297506502095,11.37371979603632,17305.233333333334,17338.36666666667,17272.86666666667,17370.733333333334,17239.733333333334,17403.86666666667,17207.36666666667,17240.799375070248,17287.504999999997,17334.210624929747,0.5403396838323324,0.7432255219170569,66.3879544944945,17287.504999999997,17265.7125,17240.8375,17290.118086182316,17271.35103005507,17253.107877716546,64.91539301310038,62.86161584501416,54.13008090892605,0.3713866987897274,139.89125350033692,1
1673370360,-1.8978498023137538,-1.8961527782970058,-1.89842815633327,-1.8904826370814893,-0.6484150091728258,-0.7149428103937263,-1.0429310463050776,22.1399068809078,8.612949667897187,13.526957213010617,17309.008333333335,17333.71666666667,17285.51666666667,17357.208333333336,17260.808333333334,17381.91666666667,17237.31666666667,17268.164056527647,17300.015,17331.865943472352,0.3682186804156275,0.7097269114115458,66.91397213484177,17300.015,17271.4525,17246.607500000002,17297.87039078821,17278.991751863236,17258.847603648304,66.92637116608633,65.03050486661198,53.05650370088989,0.332638404958291,127.38906352138235,1
1673372820,-1.8956838509630192,-1.880271058076191,-1.8757704991498456,-1.88641069205546,0.16378102887204088,-0.11313332218971975,-1.0206056241655106,27.252257326854306,10.980240091074954,16.27201723577935,17314.758333333335,17333.61666666667,17294.51666666667,17353.858333333334,17275.658333333336,17372.716666666667,17255.41666666667,17276.649314927563,17317.795000000002,17358.94068507244,0.4751838796156085,0.9900878418842124,73.30537697694771,17317.795000000002,17280.5325,17254.14375,17317.955260525476,17293.37961516083,17268.302593777036,71.27867354182531,67.70681257367069,55.84730409478684,0.5258486766189857,169.44600636441965,0
1673375280,-1.886659621685297,-1.8624551395268085,-1.8588476216572578,-1.8773065704637604,0.6903746936628476,0.2809034453587228,-0.9807821308801751,34.95165146739237,14.94370738529041,20.00794408210196,17354.932430264398,17402.592569735603,17310.464860528795,17447.060139471207,17262.80472105759,17494.720278942412,17218.337151321986,17260.49460379264,17339.21,17417.92539620736,0.9079467427565704,0.939018307282146,78.35637367225758,17339.21,17296.97,17263.94625,17348.078507016984,17314.27877604068,17281.638061036367,76.63742263862865,71.6141557821801,60.05830770340987,0.9532328729786176,184.98445692431807,0
1673377740,-1.873239106357313,-1.8547893259677106,-1.8566662944128907,-1.8637672421057296,-0.1741011807694843,-0.3608774982202862,-0.9672065945468412,42.30870782858619,17.84061099718739,24.468096831398803,17396.17454846553,17459.650451534464,17344.84909693106,17510.975903068935,17281.373193862124,17574.45180613787,17230.047742327653,17266.835469329642,17363.995,17461.154530670356,1.1190918987290266,0.8392873532072112,80.101062195149,17363.995,17317.0325,17274.61375,17375.360671344657,17335.305362215102,17295.76062665195,83.88029633508937,77.2654641718478,61.7104412464602,1.1644408072295238,171.83143912662766,0
1673380200,-1.8626957519824636,-1.8474163038987172,-1.8420654749546286,-1.8531305464656966,0.10671732548696143,-0.1511921023304444,-0.9434242930988522,49.2478977659448,19.8238407476368,29.424057018308005,17418.045607566102,17465.57939243391,17382.391215132204,17501.233784867807,17334.857430264397,17548.767569735614,17299.2030378305,17292.170564452725,17392.09,17492.009435547276,1.1490216017428094,0.7932862844900184,81.63448837269326,17392.09,17339.797499999997,17286.7875,17400.47378089644,17356.28620544872,17310.516757447003,85.96065020068909,82.15945639146905,64.08695177576625,1.3217751791930086,169.7710705614776,0
1673382660,-1.8537373810835527,-1.8434059477312268,-1.8447393599638533,-1.8440928663029632,-0.36005316809375776,-0.4980399227511446,-0.9387281589021785,55.02477993605862,20.48057833420049,34.54420160185813,17448.706137116384,17497.19386288362,17402.212274232767,17543.68772576724,17353.72454846553,17592.175451534476,17307.23068558191,17348.312098015867,17421.815,17495.31790198413,0.843803036413041,0.7733565540628378,82.42769058094012,17421.815,17360.915,17300.0175,17420.982520597627,17375.506895367133,17324.94373292824,87.59397817288642,85.81164156955496,63.94794052929034,1.224144352516491,137.59328390110957,1
1673385120,-1.84725291818814,-1.8431397736493138,-1.8438949752240978,-1.8375509958739351,-0.6076225108313362,-0.6823803383011685,-0.9355034677072437,58.98359326094942,19.551513327273028,39.43207993367639,17458.35306855819,17491.246931441805,17429.10613711638,17520.493862883613,17396.212274232767,17553.38772576723,17366.965342790958,17400.946931195587,17442.739999999998,17484.53306880441,0.4792030243460686,0.7393937627988955,82.48177081842995,17442.739999999998,17380.267499999998,17313.425,17434.905013731754,17391.369278027654,17338.068139316027,87.05336154207795,86.8693299718845,62.68525886005633,1.1206351182522538,116.8015176281757,0
1673387580,-1.84387759310464,-1.849350502227286,-1.8499815818898309,-1.8464772512889793,-0.22169221655935295,-0.3957363254840211,-0.9245952577813855,60.01703853531217,16.46796688130862,43.54907165400355,17465.493200945763,17487.256799054237,17440.986401891525,17511.763598108475,17419.22280378305,17533.52719621695,17394.716004728813,17425.916860870966,17450.125,17474.333139129034,0.2774551944932653,0.3993107240912792,76.56099286866589,17450.125,17394.6675,17324.515,17438.353342487837,17401.165772931716,17348.275935571644,86.41278796426876,87.0200425597444,62.05774036996347,0.8323098042048985,84.17209550574073,0
1673390040,-1.8452954487314084,-1.8551264798048008,-1.8582337185191993,-1.8506307295248872,-0.38585402630822824,-0.5182349097293161,-0.9149676842325934,58.84447242792885,12.236320619140244,46.608151808788605,17445.583333333332,17472.366666666665,17418.466666666664,17499.483333333334,17391.68333333333,17526.266666666666,17364.566666666662,17425.0891633248,17449.934999999998,17474.780836675196,0.2847670971289964,0.0781989499085407,71.42594579437694,17449.934999999998,17406.965,17333.13625,17435.227228325224,17406.22199603504,17355.9615607553,82.43950710342715,85.3018855365913,60.62825182258672,0.710591702299772,57.97483339926295,0
1673392500,-1.8488925084415162,-1.8540884008853387,-1.8617994674432206,-1.8464056395952566,-0.40017044132322754,-0.5288385733801447,-0.9026763339921595,57.48853633322142,8.704307619546249,48.78422871367517,17428.47330023644,17449.74660047288,17407.70169976356,17470.518200945764,17386.428399527118,17491.791501182204,17365.656799054235,17417.530524091188,17446.175,17474.81947590881,0.3283754279526799,0.2508245560951861,71.792127597904,17446.175,17419.1325,17342.4225,17434.11815221682,17410.890724028668,17363.193793064318,78.72591551365197,82.52607019378263,57.7340874316669,0.7029082522035556,51.487730528104095,1
1673394960,-1.8501719731169735,-1.8512403382088694,-1.8567718425053599,-1.8425386081342388,-0.2363221187346644,-0.40663843859524734,-0.891092665609001,56.41122416405415,6.101596360303176,50.30962780375097,17430.003316784885,17441.00663356977,17420.89668321511,17450.113267139546,17409.893366430224,17461.11658392443,17400.786732860448,17417.813338435386,17441.760000000002,17465.706661564618,0.2745899675791443,0.4616856822598982,72.82122989872434,17441.760000000002,17431.7875,17351.620000000003,17436.053768144546,17416.169683296182,17370.501527058193,76.91956436210087,79.36166232639333,55.29593832912845,0.7309377865378603,56.96478150552279,0
1673397420,-1.8493876035517103,-1.8418710105255276,-1.8387231186930986,-1.839704579799151,-0.11583817772367651,-0.3156204298914822,-0.8705130763423888,57.030296120814455,5.376534653650779,51.65376146716368,17441.041666666668,17452.283333333336,17428.683333333334,17464.64166666667,17417.441666666666,17475.88333333334,17405.083333333332,17415.985662520732,17442.475,17468.964337479265,0.3037337015448369,0.9501811345540434,75.93202457651655,17442.475,17442.607500000002,17361.57,17446.144178763032,17425.288831787784,17379.62757210027,79.29562813809686,78.31370267128324,56.13087219223102,0.6233392143448715,84.5474857924927,0
1673399880,-1.8443105227891425,-1.8422170368320154,-1.8471317833931586,-1.8395309169978908,-0.621427305156278,-0.6928340761510391,-0.8626911785633592,56.78762832488064,4.107093486173568,52.68053483870708,17469.57999586289,17501.44500413711,17434.459991725776,17536.56500827422,17402.594983451556,17568.430016548442,17367.474979314444,17414.09908358928,17446.495000000003,17478.890916410724,0.3713744956877795,0.791008900025369,75.58792878213787,17446.495000000003,17448.309999999998,17372.64,17452.546119175357,17432.57268055364,17387.791612852627,80.87197642019595,79.0290563067979,55.164381321262695,0.3275731582446988,70.10985325737256,1
1673402340,-1.8419450041343903,-1.8513822977192222,-1.8538516786137076,-1.848589796253794,-0.7182822988990482,-0.7652214128068311,-0.8593004709285842,53.890237563678966,0.9677621799775054,52.92247538370146,17461.45,17484.7,17442.100000000002,17504.05,17418.850000000002,17527.3,17399.500000000004,17419.882336472907,17448.605,17477.327663527092,0.3292259011776891,0.3419366645535259,66.93561888474868,17448.605,17449.27,17383.151250000003,17448.205746116906,17433.836738634796,17392.718602104756,78.14457907810494,79.43739454546592,54.97049694115468,0.0550776896630489,24.31794079577839,0
1673404800,-1.8453451023328422,-1.8633512589359154,-1.858282939908377,-1.859224132771594,-0.53427355343324,-0.6289822237136321,-0.8509729280215914,48.31575491528565,-3.685376374732648,52.0011312900183,17438.041666666668,17463.183333333334,17414.383333333335,17486.841666666667,17389.24166666667,17511.983333333334,17365.583333333336,17399.129304320344,17443.385000000002,17487.64069567966,0.5074209584854997,0.0753653916994163,57.65433788909273,17443.385000000002,17444.78,17392.28875,17434.07049741127,17428.739149792105,17393.96444952335,66.94591073297893,75.32082207709328,55.751532763179725,-0.2572962689175875,-60.3896889502407,0
1673407260,-1.8530299285882572,-1.8660839795102233,-1.8659008732094384,-1.8649172624225376,-0.5295609561155089,-0.6256026701562042,-0.8424292340673942,42.783430847001,-7.374160354413846,50.157591201414846,17412.70166614953,17442.203332299057,17376.298333850475,17478.606664598112,17346.796667700946,17508.10833074764,17310.39333540189,17377.49016947626,17435.019999999997,17492.549830523734,0.6599342074025437,0.1791229900741265,55.75349515700627,17435.019999999997,17438.39,17399.6525,17422.080331607514,17423.168395284447,17394.35831147351,52.2384593698456,65.77631639364317,56.06588751042666,-0.3659374642080028,-133.3895351177861,1
1673409720,-1.8582387697101137,-1.8617187245668474,-1.867467382542256,-1.8549274311482404,-0.6663529712404876,-0.7268960032307735,-0.8379077342513651,38.942625028859766,-8.971972938044068,47.91459796690384,17397.61749974143,17427.934999482863,17367.78250025857,17457.769998965723,17337.46500051714,17488.087498707155,17307.63000103428,17373.733327372338,17423.835,17473.93667262766,0.5750935156084889,0.3659226399501461,58.12833071216728,17423.835,17433.155000000002,17406.71125,17418.186887738346,17420.846868869092,17395.886091333174,39.76590880015262,52.98342630099239,54.04689554524926,-0.2997809623341028,-101.49587705303972,1
1673412180,-1.8586604546440249,-1.861177503933625,-1.86845249807197,-1.852814886183426,-0.5496422211528035,-0.6402651862878335,-0.831465218665043,35.61130850434711,-9.842631570045384,45.45394007439249,17409.533333333333,17423.866666666665,17396.066666666666,17437.333333333332,17381.733333333334,17451.666666666664,17368.266666666666,17385.07540293987,17413.15,17441.224597060133,0.3224528251365324,0.4781831241000817,58.42626673298994,17413.15,17429.8225,17412.245,17416.099591825565,17419.224710892893,17397.4136064443,33.956725894748104,41.98703135491545,51.550688720420126,-0.1910262105730828,-91.25725860460462,1
1673414640,-1.8586006733848668,-1.861727597036245,-1.863843564700808,-1.8571831995005008,-0.6968429029243632,-0.7495092363523185,-0.8333427872523206,32.47182907910974,-10.385688796226203,42.85751787533594,17411.075,17421.050000000003,17401.95,17430.175000000003,17391.975,17440.150000000005,17382.85,17397.226665561462,17407.32,17417.413334438537,0.1159665524450354,0.651337499941344,57.974735236566296,17407.32,17427.9625,17417.46375,17414.191394550377,17417.61567254873,17398.648024878177,31.732168850073133,35.15160118165796,51.03992524035792,-0.1067188403219268,-78.24600131139218,1
1673417100,-1.8588458429359274,-1.860769370341359,-1.8650749591129507,-1.8540322849767086,-0.7441037079687024,-0.7845412596713003,-0.8339657684946788,29.8574582578658,-10.400047693976113,40.25750595184192,17410.858333333334,17432.816666666666,17388.416666666668,17455.25833333333,17366.458333333336,17477.216666666664,17344.01666666667,17397.909688219464,17408.775,17419.64031178054,0.1248256902686951,0.6978774326429457,58.57529480184368,17408.775,17426.079999999998,17422.60625,17413.819263033583,17416.790095721688,17400.022022508827,32.38112566715115,32.690006803990805,49.68707343739631,-0.1079916704432928,-60.75176550671412,1
1673419560,-1.8584892906226016,-1.8542924676814723,-1.861486323968992,-1.8488868449248337,-0.6054846713379357,-0.6813242550831442,-0.8259599201885908,28.92474655167097,-9.06620752013675,37.99095407180773,17413.524999999998,17429.349999999995,17397.249999999996,17445.624999999996,17381.425,17461.449999999993,17365.149999999998,17399.386647259886,17415.420000000002,17431.453352740118,0.1841282350941434,0.9959973206416066,62.47840415877748,17415.420000000002,17425.219999999998,17428.50375,17419.65450868906,17419.43280559047,17403.00325846037,37.08757884522036,33.73362445414822,48.13296886315834,-0.0493121386703127,-2.338193964159577,0
1673422020,-1.8550724026616254,-1.8491286904923585,-1.854414601773545,-1.8454397069472188,-0.5206681899684384,-0.6180258694240425,-0.8152701900228486,29.025046536258746,-7.172726028439193,36.197772564697935,17427.798463533585,17443.526536466412,17415.59692706717,17455.728072932827,17399.868854134344,17471.456145865654,17387.66731766793,17394.63028016835,17422.515,17450.39971983165,0.3200998229205224,0.91886739657118,65.28663506643313,17422.515,17423.175,17432.89125,17428.394672459373,17424.240477301293,17407.086281464144,45.69990295972779,38.38953582403311,47.43792142287062,-0.1170824429294698,58.92261049104038,0
1673424480,-1.850781942146741,-1.8544255547224289,-1.8599734679769313,-1.8503442827499972,-0.5881079602911014,-0.6685470955212499,-0.8110203025260434,27.58226109357201,-6.892409176900742,34.47467027047276,17442.557565100127,17463.417434899875,17425.015130200256,17480.959869799746,17404.15526040051,17501.819739599494,17386.612825500637,17400.112245420678,17426.32,17452.52775457932,0.3007835800022239,0.5883326342588339,60.30108936701319,17426.32,17419.735,17434.0225,17429.24644830625,17425.460390519238,17409.359016562797,50.03639010189261,44.27462396894693,46.75485560691944,-0.1969614121675078,-1.471566359871709,1
1673426940,-1.8512852752415914,-1.849856232982922,-1.8511777936044842,-1.8434695601526314,-0.7627060791085547,-0.7980260865552282,-0.8079455209120264,27.16461140379033,-5.84804709334594,33.01265849713627,17427.75,17447.5,17411.2,17464.05,17391.45,17483.8,17374.9,17409.567141810556,17433.010000000002,17456.45285818945,0.2689479119147671,0.7306672657531122,62.93086360104456,17433.010000000002,17420.165,17434.7175,17434.1059655375,17428.79941042483,17412.641491175866,53.06889859291548,49.60173055151197,46.422365920696414,0.0246566348567156,65.9501622648736,1
1673429400,-1.8492521677078932,-1.8468307209185093,-1.8530072938739535,-1.8395679449296192,-0.32917626431028774,-0.47536690577871504,-0.7948539554455452,27.207881744801853,-4.6438214018675374,31.85170314666939,17446.774999999998,17466.349999999995,17424.249999999996,17488.874999999996,17404.675,17508.449999999993,17382.149999999998,17424.010665243295,17440.865,17457.719334756708,0.1932740693389521,0.8407135364813773,64.60287671046467,17440.865,17424.82,17434.8,17440.187310358335,17433.081335802133,17416.42325392102,54.63973799126543,52.58167556202452,44.963869289691736,0.2674395891024789,77.28166066243347,0
1673431860,-1.8467227829475232,-1.8484100204711926,-1.855892275068115,-1.839566722844753,-0.6214857824133503,-0.6930065788141802,-0.789590986304601,26.57673592371429,-4.219973778364075,30.79670970207837,17451.515528970845,17464.934471029144,17438.931057941692,17477.518942058297,17425.512115883394,17490.937884116596,17412.92764485424,17429.796140987506,17444.18,17458.563859012495,0.1649129854483755,0.6293116122999353,63.005325544966965,17444.18,17429.8,17434.094999999998,17442.758206905557,17435.775638383562,17419.421039261877,62.86927670798309,56.85930443072135,43.02359291178437,0.28623815244195,75.22205092557272,1
1673434320,-1.846247779473046,-1.8507079900450432,-1.8591777596502832,-1.8425386081342388,-0.6512200814939313,-0.7153112788014534,-0.78905692883738,25.262855455075623,-4.4270833976022,29.689938852677823,17447.3,17456.5,17438.699999999997,17465.100000000002,17429.499999999996,17474.300000000003,17420.899999999994,17428.885118879654,17443.29,17457.694881120347,0.1651624334669267,0.435264998564711,60.65496899749768,17443.29,17432.9025,17433.028749999998,17442.313804603706,17436.802795041094,17421.51665457027,68.5281159350866,62.01237687811172,41.243336275166776,0.1781980884988157,54.53342991044247,0
1673436780,-1.8471593194581593,-1.852580081087831,-1.8568422079003397,-1.8454388817300018,-0.5825355832452659,-0.6642237000945396,-0.7977919417869763,23.52476841605312,-4.932136349299764,28.456904765352885,17439.262215576047,17448.724431152095,17431.96278442396,17456.023862304184,17422.50056884791,17465.486077880232,17415.20113769582,17433.278420923172,17444.329999999998,17455.381579076824,0.1267068334160827,0.1299171393005119,58.73274427844111,17444.329999999998,17435.325,17432.57375,17440.259203069138,17436.684105033622,17422.910306515958,70.39492816216195,67.26410693507722,40.54738368406103,0.1391287867366887,45.15375973085809,0
1673439240,-1.8485511813557982,-1.8587464473188178,-1.8614611114561854,-1.8521345750930611,-0.6649214198802252,-0.7258003355773,-0.8387343523891786,20.508890896409863,-6.358411095154416,26.867301991564283,17437.016666666666,17452.333333333332,17420.833333333332,17468.516666666666,17405.516666666666,17483.833333333332,17389.333333333332,17415.9966340317,17439.32,17462.6433659683,0.2674802224891703,0.0595618568108319,52.79750532918095,17439.32,17436.165,17432.06375,17433.097802046093,17433.427904118416,17422.516467800153,63.545751633988345,67.48959857707898,40.299117826766064,0.0482470940459436,-31.214103985984263,0
1673441700,-1.8523304482005043,-1.858409293481729,-1.8646175840455836,-1.8486614079475168,-0.7332875293784289,-0.7764743777394093,-0.8452723184686676,17.988087815247127,-7.103371341053727,25.091459156300854,17420.61555389401,17438.231107788022,17401.159446105987,17457.687215576047,17383.543892211976,17475.302769470058,17364.08778442395,17409.449263770635,17432.795,17456.14073622936,0.2678369845955621,0.220077365057329,53.0767145793169,17432.795,17436.829999999998,17431.454999999998,17428.64020136406,17430.936467005977,17422.250613723947,52.101746171105816,62.01414198908538,38.73489512481062,0.0381896936641084,-40.808319584664105,0
1673444160,-1.8540514963508525,-1.8660751070408257,-1.8669135486843698,-1.8611576485021033,-0.2848049316124852,-0.4440480042654585,-0.8420564130064662,14.085030269434355,-8.805143109493201,22.89017337892756,17421.175,17429.649999999998,17411.25,17439.574999999997,17402.775,17448.049999999996,17392.850000000002,17392.381937026614,17422.84,17453.298062973387,0.3496337333452686,0.0942782044019743,46.361807071688666,17422.84,17433.510000000002,17429.364999999998,17418.468467576044,17424.970745732164,17419.95293622643,37.006117755804816,50.88453852029968,39.30912871737532,-0.1904617118893757,-139.9189886295173,0
1673446620,-1.8587451171368847,-1.8645312973657289,-1.8641602089782154,-1.8616231245112997,-0.39763110616163105,-0.5276260973935027,-0.8352048120303419,11.213574582321598,-9.341279037284767,20.55485361960637,17400.166388473503,17422.532776947006,17375.758611526497,17446.940553894012,17353.392223052993,17469.306942367515,17328.984446105987,17387.839303572113,17415.05,17442.260696427886,0.3124963342383333,0.2689327791862429,47.794241022053136,17415.05,17429.170000000002,17426.172499999997,17413.137311717364,17420.880610144497,17418.28837087153,29.514322905681,39.54072894419723,40.49419095187699,-0.2487694082411906,-115.53223652223654,1
1673449080,-1.8603199844422973,-1.871629272883413,-1.8635269204233995,-1.877162862049095,-0.325039570507902,-0.47421449117980796,-0.8250336911915636,7.240626968974539,-10.65138132050546,17.89200828948,17403.791666666668,17431.083333333336,17375.183333333334,17459.69166666667,17347.891666666666,17486.983333333337,17319.283333333333,17376.526556357185,17404.315000000002,17432.10344364282,0.3193282084680446,0.107030888798108,42.212530865315216,17404.315000000002,17424.322500000002,17422.02875,17402.91654114491,17413.897771936405,17414.87757364567,28.818417338071978,31.779619333185945,44.823177312553575,-0.2780972924596891,-176.34180295962773,1
1673451540,-1.864656581716168,-1.8847427826523304,-1.877426321553907,-1.882104068915951,-0.3082287822824455,-0.4630106229147975,-0.8125545896418882,1.0978261098680375,-13.43534574368957,14.533171853557608,17383.258333333335,17433.41666666667,17332.31666666667,17484.358333333337,17282.158333333333,17534.516666666674,17231.216666666667,17339.550674701844,17389.665,17439.779325298157,0.5763690709183469,0.0596069613090932,34.253416615376835,17389.665,17414.4925,17417.328749999997,17383.786027429942,17401.46635885706,17408.272566631797,27.24182353115052,28.52485459163451,47.00678219581359,-0.563523195170759,-216.70864908775303,1
1673454000,-1.8733819601432036,-1.8829771612423074,-1.8860757494881875,-1.873546471516105,-0.6439107489196637,-0.7110532342231476,-0.8279965077522903,-3.330554347950965,-14.29098096120686,10.960426613255894,17353.172881892522,17387.045763785045,17311.652118107482,17428.566527570085,17277.77923621496,17462.439409462608,17236.25847242992,17328.396963402913,17375.82,17423.243036597087,0.5458509192324397,0.2330411355232049,36.00304565970372,17375.82,17404.307500000003,17414.56375,17372.690684953297,17392.199748155774,17402.77041742877,24.845056289770515,26.968432386331017,45.57124938456959,-0.5835890295576157,-154.2850675947129,1
1673456460,-1.8768617949059576,-1.8767043253785545,-1.8786554803440085,-1.8728303545788796,-0.6235271647959177,-0.6957046382233122,-0.831218154206434,-5.3521566513954895,-13.050066611721109,7.697909960325617,17354.60310761293,17366.006215225858,17339.096892387075,17381.512430451712,17327.693784774146,17392.91553806464,17312.187569548292,17327.947182519696,17369.83,17411.712817480307,0.4822478686355096,0.4802424944217631,41.91693676874487,17369.83,17396.335,17413.0675,17371.185456635532,17387.83161212745,17399.475615768886,23.622222222223662,25.23636734771492,45.60187442852945,-0.4569317797557215,-98.47328636267476,1
1673458920,-1.8754651389371306,-1.8484987451651635,-1.8227853567302248,-1.8660129819523197,1.1340373675619773,0.6153207626969766,-0.7928791555808599,-0.5351538218819769,-6.586451025766076,6.051297203884099,17368.19166666667,17391.183333333338,17345.183333333338,17414.19166666667,17322.19166666667,17437.183333333338,17299.183333333338,17305.245365390143,17378.865,17452.48463460986,0.847231791142386,0.9671647744825173,59.87286806401186,17378.865,17396.9575,17414.93,17396.673637757023,17398.707682649732,17404.063652362325,36.33945239127415,28.26891030108946,55.61318120453596,0.0356908910825932,89.38648910647505,0
1673461380,-1.8606633220131144,-1.8370177697653125,-1.8377731858608741,-1.8510801232109098,-0.5242212886379463,-0.6201042953571392,-0.7896987823907828,5.82557664365595,-0.1805764481825198,6.00615309183847,17453.963276903232,17543.68672309677,17357.926553806465,17639.723446193537,17268.203107612928,17729.446892387074,17172.16638451616,17288.50519489805,17398.370000000003,17508.234805101954,1.2629321609087722,0.8715020471034686,64.6617282765661,17398.370000000003,17401.342500000002,17418.333749999998,17424.449091838018,17413.488103986143,17411.295685470675,52.6253070365565,37.528993883351454,58.88760287891599,0.2514890041666224,105.73262456353643,0
1673463840,-1.8475216413938729,-1.8254569421408866,-1.8227853567302248,-1.8378220981103934,0.1095266798910157,-0.14566695176160324,-0.8130545425503125,13.341242089376465,5.868071198030396,7.473170891346069,17464.448305118283,17522.951694881718,17421.496610236565,17565.903389763436,17362.99322047313,17624.40677952687,17320.041525591412,17306.060019885103,17431.780000000002,17557.499980114902,1.442422748737076,0.8213291949543614,68.71102992995453,17431.780000000002,17410.7225,17423.44375,17453.82439455868,17431.50390326139,17420.941334473468,69.6900736887737,52.88494437220146,62.32616998208353,0.5384994065311669,161.16532172677304,0
1673466300,-1.8351701008362797,-1.814002584149227,-1.8122305474832883,-1.8253612082526036,-0.17053084189341278,-0.35413239699767546,-0.8358051105923197,21.65219089056336,11.343215999373832,10.308974891189528,17501.84915255914,17560.72584744086,17453.698305118283,17608.876694881717,17394.821610236566,17667.753389763435,17346.670762795708,17349.387000696453,17470.65,17591.91299930355,1.388191043876993,0.8059465806806335,72.11979658576044,17470.65,17423.235,17430.0325,17484.166263039122,17452.11228448659,17432.74215976171,79.98408888476537,67.43315653669853,65.1761772092071,0.7182949214181051,179.31546404883844,1
1673468760,-1.82326686776383,-1.8157770780286477,-1.8175431348042457,-1.81371490141091,-0.3233369611214939,-0.46860965339201005,-0.851934783032255,27.51800900099988,13.767227287848282,13.7507817131516,17534.207909612905,17590.642090387097,17488.41581922581,17636.43418077419,17431.98163845162,17692.868361548382,17386.189548064525,17431.37007216539,17504.985,17578.59992783461,0.8410738750659799,0.7368065895434225,70.83235910532115,17504.985,17437.4075,17435.458749999998,17502.727508692748,17468.06459639812,17442.94290645107,84.96461961219718,78.21292739524542,64.4207359799689,0.8145992743470837,145.76823509751833,1
1673471220,-1.818202542132897,-1.8119974060654813,-1.819302269678735,-1.8082434342249374,-0.4265917580216265,-0.5457461356171008,-0.8798105190262904,32.64971254620468,15.119144666442466,17.530567879762216,17538.35,17566.399999999998,17511.799999999996,17592.95,17483.749999999996,17621.0,17457.199999999993,17473.07540015305,17525.555,17578.03459984695,0.5988923015213953,0.7376637786182543,71.97974124047826,17525.555,17452.21,17440.69,17518.651672461834,17483.052851598462,17453.186439170015,86.60017900524194,83.84962916740152,62.27061682354129,0.8505974006570778,122.63868893660288,0
1673473680,-1.8137804496891594,-1.8109415822072263,-1.8094159316841052,-1.811888803220984,0.4408974354627159,0.10389116837336507,-0.8732143717630304,36.53552344291529,15.20396445052246,21.331558992392832,17545.326977403227,17565.073022596778,17530.753954806452,17579.646045193553,17511.0079096129,17599.392090387104,17496.434887016127,17511.03098221882,17540.249999999996,17569.46901778117,0.3331653514764653,0.7263080863813726,72.30745277668177,17540.249999999996,17469.31,17446.816249999996,17530.25944830789,17495.85687858056,17462.737730677632,86.8115218219797,86.12544014647295,63.00842990758176,0.9837494372924456,107.223043240766,1
1673476140,-1.8110414653786426,-1.806665051957823,-1.8088881912217583,-1.80101895981368,-0.4200068511370946,-0.5402134110348537,-0.8964023266505226,40.12485649939481,15.03463800560158,25.09021849379323,17552.291666666668,17589.183333333334,17516.583333333336,17624.891666666666,17479.69166666667,17661.783333333333,17443.983333333337,17533.418903590835,17550.839999999997,17568.26109640916,0.1985215113255171,0.9214717505460368,73.65163462278446,17550.839999999997,17491.31,17452.901250000003,17542.01463220526,17508.523809747727,17472.52699442262,88.98745078432557,87.46638387051576,61.63227541042538,1.268338663718719,102.50481557428776,1
1673478600,-1.8075336021416328,-1.7370072947211646,-1.6648150450010746,-1.798425804801144,3.8623582012861433,2.7207634780892307,-0.7818621706401007,58.13701366330861,26.4374361356123,31.699577527696302,17566.92757768414,17588.09742231586,17544.355155368277,17610.66984463172,17523.185310736557,17631.83968926344,17500.612888420696,17425.863378010665,17594.23,17762.596621989334,1.913884517700801,0.997634263905985,85.76877332802962,17594.23,17532.44,17468.37375,17615.276421470175,17554.57402615723,17500.07680447761,81.12676395898008,85.64191218842846,89.08711288136004,2.3705368721362454,217.34561761269524,0
1673481060,-1.770949066035924,-1.6739683996547459,-1.6713942094316654,-1.7605716188512595,0.16105768756402236,-0.08672201656128185,-0.7642506826718396,85.75608820867637,43.24520854478405,42.510879663892325,17771.266666666666,17989.533333333333,17543.533333333333,18217.266666666663,17325.266666666666,18435.533333333333,17097.533333333333,17364.688034655697,17674.144999999997,17983.601965344296,3.5018040798499683,0.9286217951256226,90.1731504448445,17674.144999999997,17589.564999999995,17492.95,17723.325947646783,17624.546930492277,17541.919489765456,82.48809924016531,84.20077132782366,105.69369887118188,3.2890617465565395,214.34724196671823,0
1673483520,-1.7211357885726024,-1.6234219414994486,-1.5631722319530754,-1.7103173399593543,3.9387377363302574,2.8429494729955613,-0.652181262886941,117.77922538001803,60.214676572900565,57.56454880711747,17859.48189442104,18060.24310557897,17738.663788842077,18181.06121115793,17537.902577684144,18381.822422315865,17417.084472105184,17366.48434566269,17780.414999999997,18194.345654337303,4.656029168467732,0.8641129218644029,92.24549913462988,17780.414999999997,17652.984999999997,17524.971250000002,17842.833965097856,17707.692943130045,17593.341443121128,78.35479447217779,80.65655255710773,133.06037454977348,3.6348734643347216,230.99703254280087,0
1673485980,-1.6709546684037249,-1.580745363699382,-1.5767527531841345,-1.659691961817315,-0.29737342822692964,-0.430138402783979,-0.6483230907019386,151.11895706263385,74.84352660441311,76.27543045822074,18056.27428054385,18313.475719456143,17824.6485610877,18545.101438912297,17567.447122175403,18802.3028778246,17335.82140271925,17457.285205832915,17910.14,18362.994794167083,5.056965430388417,0.8223549841588719,93.49317359266225,17910.14,17725.195,17563.26875,17962.58931006524,17797.585135288216,17651.318448538164,86.95996136354796,82.6009516919637,145.6159605951831,4.13100686498855,178.37598386336865,0
1673488440,-1.624524762047034,-1.5645353621108733,-1.5641925301802797,-1.612851007320951,-0.07890814508823137,-0.25816486162974067,-0.6421855671244587,179.16126585029633,82.30866831366046,96.85259753663588,18130.620473605257,18320.779526394737,18011.940947210514,18439.45905278948,17821.781894421034,18629.61810557896,17703.10236802629,17690.5094324312,18046.59,18402.67056756879,3.946236575095853,0.782499268878434,93.89497637427576,18046.59,17798.715,17604.71875,18057.65120671016,17879.437837963087,17708.123834391674,88.46279638389855,84.59251740654145,150.48048409499668,4.198126203599418,150.58696878316732,1
1673490900,-1.5932044064488542,-1.5630004249051754,-1.5367500261382447,-1.5812533697958249,1.0991776965089732,0.659445396601945,-0.5951935550915436,199.4350261158397,82.06594286336308,117.36908325247664,18201.35190346929,18331.423096530707,18117.7038069386,18415.07119306141,17987.632613877187,18545.142386122818,17903.984517346486,17905.414699510886,18144.65,18383.88530048912,2.6369789495979874,0.7245697014201415,93.93317934312962,18144.65,17869.44,17646.3375,18122.46747114011,17947.19459469707,17759.931088259134,91.85253121980556,89.09176298908403,154.26560271652468,4.031097444549255,132.58321979251912,0
1673493360,-1.5767767220166895,-1.5736562606510955,-1.581607965437725,-1.5658310235902821,-0.6122613178926901,-0.6738110628894246,-0.5951686177067669,210.65110579835164,74.62561803669999,136.02548776165165,18258.20928506798,18356.89071493201,18153.41857013596,18461.681429864035,18054.737140271925,18560.36285972807,17949.946425339906,18076.46901652172,18201.18,18325.890983478283,1.370361520278161,0.5837736958575072,89.73507172612646,18201.18,17937.6625,17687.535,18155.669980760074,17997.17285020669,17803.944794139217,89.97166140721727,90.09566300364048,146.78234537958625,3.889571461557552,101.7832023100957,0
1673495820,-1.5738910616868784,-1.5768947119810384,-1.58568915834654,-1.5675497042396231,-0.19397601889832147,-0.3492620281324913,-0.5874097473835634,216.31012998495493,64.22771377864268,152.0824162063123,18220.05833333333,18237.51666666667,18204.61666666667,18252.958333333336,18187.158333333333,18270.41666666667,18171.716666666667,18188.38739946989,18227.4,18266.41260053011,0.428065445758692,0.3148034250004916,88.44139821530119,18227.4,18003.907499999998,17728.05875,18174.76332050672,18036.40505926001,17842.89767088786,85.95402702867618,89.25940655189969,138.16217785242625,3.774536337996073,85.11191581398631,0
1673498280,-1.5740675374241293,-1.5754662444081056,-1.5808339460929495,-1.5656519943559757,-0.2281878317703527,-0.375592147456063,-0.5824942244728143,218.5998483079602,53.21394568131831,165.3859026266419,18211.55,18225.3,18199.2,18237.65,18185.45,18251.4,18173.099999999995,18197.79505217742,18230.375,18262.95494782258,0.3574248782329682,0.2943520340644365,88.52001611633224,18230.375,18070.2575,17769.78375,18188.833880337814,18069.235957576377,17878.524083184257,84.15668847121599,86.69412563570317,130.7648794343586,3.779878343177064,74.72494523019488,1
1673500740,-1.5734415061139946,-1.5992533348617386,-1.5872020143386019,-1.6103018853919884,0.8971438575593935,0.49190600303193377,-0.552183123634692,212.55589715580567,37.73599562333106,174.81990153247466,18219.25833333333,18235.41666666667,18200.81666666667,18253.858333333337,18184.658333333333,18270.01666666668,18166.216666666667,18144.00706144098,18210.81,18277.61293855902,0.7336624626693685,0.0444811163042528,78.89658445399041,18210.81,18128.7,17810.005,18175.87258689188,18083.91123801704,17904.374170500043,80.73652750055982,83.61574766681734,131.51024518905055,3.327113764034966,50.41787166554452,1
1673503200,-1.5850226250443555,-1.6149753506334052,-1.6002264526386207,-1.60894126321126,-0.4729488557339044,-0.5678298815121477,-0.5569273092890527,201.86441523140456,21.63561095914392,180.22880427226065,18149.316666666666,18220.23333333333,18079.033333333333,18290.516666666663,18008.11666666667,18361.433333333327,17937.833333333336,18089.248523366547,18181.52,18273.79147663345,1.0150028890153722,0.0888762011396508,73.22990629189233,18181.52,18163.085,17847.762499999997,18152.46505792792,18087.86374019576,17923.543297119086,76.05222590115933,80.3151472909784,129.28669610233186,1.935896136652829,37.49089781751948,1
1673505660,-1.5986745819304151,-1.6026071282938439,-1.602893497419047,-1.5982711208465996,-0.7197815837771239,-0.7581728952412387,-0.5676987509006038,193.9675058577959,10.99096126842818,182.97654458936773,18123.476852658376,18164.75370531675,18064.373147341623,18223.8574106335,18023.09629468325,18265.134263291875,17963.992589366502,18078.72000476894,18165.205,18251.689995231063,0.9522050010562664,0.3571717560138753,74.76540822764247,18165.205,18183.1925,17886.378749999996,18148.47670528528,18097.43396925107,17944.2058402506,72.80062342200766,76.52979227457561,125.00550352357646,1.1208553228434062,36.955991369053976,0
1673508120,-1.599316142763566,-1.602190122232179,-1.6048637284784746,-1.5974117805219283,-0.5095022599019362,-0.5957907110921523,-0.5675686820462663,185.66374488579456,2.149760237141493,183.5139846486531,18142.5,18173.0,18110.0,18205.5,18079.5,18236.0,18047.0,18078.24446375884,18150.950000000004,18223.65553624117,0.8011210018336951,0.4362153112437271,74.81785430083912,18150.950000000004,18189.175,17921.08,18146.209470190188,18105.4777930236,17963.0124268934,72.10175944599042,73.65153625638582,120.0051104147308,0.3308566324795547,29.727502241640178,1
1673510580,-1.599428409817399,-1.6144873648165647,-1.6145068415378707,-1.612808294672278,-0.42775497863062795,-0.533149379530683,-0.5649133472460341,174.27802053581036,-7.388771290274178,181.66679182608453,18141.825,18169.25,18114.25,18196.825,18086.825,18224.25,18059.25,18091.437492086563,18128.96,18166.482507913435,0.413951025469041,0.2077087697522592,70.18537613792212,18128.96,18179.667500000003,17952.43125,18133.147980126792,18105.759103382945,17976.72791004641,71.6885418788874,72.19697491562852,116.47555393844397,-0.5223298410622791,-4.877203811881738,0
1673513040,-1.6056334693179812,-1.6087380046472428,-1.6110558832366781,-1.6023171815419237,-0.3134087554494148,-0.44406063097601156,-0.5562401029929447,164.663814614476,-13.602381769286836,178.26619638376283,18106.80543991563,18142.210879831266,18071.61956008437,18177.39675966252,18036.214120168745,18212.80219957815,18001.028240337488,18092.51016757619,18123.615,18154.71983242381,0.3432519662750601,0.4937308776544877,71.08674303974257,18123.615,18167.2125,17982.963750000003,18129.840320084528,18108.93472094968,17990.680013851517,69.09025814391909,70.96018648959898,111.80587151425418,-0.6825489682988907,-14.857114332105096,1
1673515500,-1.6058611765351303,-1.5993952943720915,-1.6031397763014759,-1.5940221914067854,-0.581808242824929,-0.6512751974560317,-0.5684735954260484,157.3548063899034,-16.72911199508755,174.08391838499094,18125.241666666665,18149.78333333333,18098.68333333333,18176.341666666664,18074.141666666663,18200.883333333328,18047.58333333333,18101.750858633102,18132.395,18163.03914136689,0.3380043437934644,0.7799066841947053,72.53958195809885,18132.395,18156.9575,18013.19875,18136.41021338969,18116.31931714065,18005.810488722804,65.50069129433163,68.75983043904606,107.4679521203659,-0.5618531566230497,-15.64152684080756,0
1673517960,-1.6013034435273463,-1.5905316974443857,-1.591670216919804,-1.589424108378487,-0.2774476444236469,-0.41508842142733193,-0.5737054089710426,151.8274659701965,-17.805161931835585,169.63262790203208,18149.23885997891,18174.61114002109,18124.177719957817,18199.672280042185,18098.80543991563,18225.04456008437,18073.74429989454,18093.14320896855,18139.2,18185.25679103145,0.5078150197522425,0.8834939344328117,73.88051431551536,18139.2,18152.2025,18044.932500000003,18149.1151422598,18126.90216856962,18021.87853741587,61.16617709089005,65.2523755097136,104.80536339973509,-0.2609472302138986,7.972728369850183,0
1673520420,-1.5945925589515246,-1.5876037825433418,-1.594484832718987,-1.5826538117375353,-0.5472517017767322,-0.6241727367733103,-0.5909377749542685,146.4248207300261,-18.56624573760479,164.9910664676309,18172.711096656123,18208.713903343883,18138.522193312245,18242.90280668776,18102.519386624484,18278.90561337552,18068.33048328061,18089.41070419221,18147.42,18205.429295807782,0.6393117678191602,0.8047356420008074,74.32649699356314,18147.42,18149.185,18076.54625,18160.335094839866,18137.060865193325,18037.20201004293,51.92123009855128,59.52936616125768,100.41093422944388,-0.1656788164465354,13.58201639476354,1
1673522880,-1.5897730866698843,-1.5842233717030463,-1.5875186586160093,-1.5779692056762546,-0.534718185457326,-0.614121915192429,-0.5998765328545184,141.2831491517718,-18.96633385268732,160.2494830044591,18179.09721499473,18202.57778500528,18159.29442998946,18222.380570010548,18135.81385997892,18245.86114002109,18116.01107497364,18114.399526960635,18164.475,18214.55047303936,0.5513561282598448,0.7778306255652127,74.86021354777608,18164.475,18146.7175,18108.4875,18170.99006322657,18147.104344249085,18051.973247181697,45.02507626826644,52.70416115256927,96.81015321304638,-0.135450589354156,40.42875486290708,1
1673525340,-1.5856730613544834,-1.5733191068140056,-1.5686607327614832,-1.5778259822888103,0.32577562304748947,0.05481026636769351,-0.6094216255954986,138.09570675682698,-17.72302099810571,155.8187277549327,18193.233333333334,18217.766666666663,18167.766666666663,18243.233333333334,18143.233333333334,18267.766666666663,18117.766666666663,18136.52697770606,18184.435,18232.343022293942,0.5269124093648334,0.9027509188673049,76.55344444784632,18184.435,18154.025,18141.3625,18188.33504215105,18160.90809984016,18068.26389030725,51.71783178087869,49.55471271589882,97.266570840687,0.4026181890308277,103.67364378774737,0
1673527800,-1.5781706460837701,-1.5928385394876328,-1.548360316309875,-1.6526960080757422,2.6687632337582605,1.8732483263422324,-0.5357035174351061,129.63721819375496,-20.945207648942187,150.58242584269715,18221.475,18273.85,18170.65,18324.675,18118.275,18377.05,18067.45,18149.627709157547,18188.13,18226.632290842448,0.4233782235166645,0.2389116392805758,67.75597653762136,18188.13,18160.2625,18161.67375,18181.565028100704,18162.2020816874,18077.764948373228,57.718916799475785,51.48727494954032,116.7475300663926,0.3445057205899816,-23.23303463975728,1
1673530260,-1.584179638406617,-1.5836200437840429,-1.5413237768119172,-1.6326447338334265,2.5339792397245735,1.7670048100337685,-0.4781062099293999,123.6049297959762,-21.58199683737675,145.18692663335295,18152.675,18345.35,17975.35,18522.675,17782.675,18715.35,17605.35,18155.952420384496,18192.025,18228.097579615507,0.3965757480599952,0.5273753640722384,69.53651008309438,18192.025,18165.6125,18174.402500000004,18185.710018733804,18167.9835213806,18088.83495329006,63.89861501621122,57.77845453218858,132.26556363310874,0.2949202061685179,57.62176264463055,1
1673532720,-1.5825746583150522,-1.6082056564834166,-1.5659516650547691,-1.6526960080757422,1.4497851400110517,0.9155495953044102,-0.44400592832796837,111.94396390260954,-26.594370184594737,138.53833408720428,18186.666666666668,18357.333333333336,18023.333333333336,18520.666666666668,17852.666666666668,18691.333333333336,17689.333333333336,18114.710779434525,18180.415,18246.11922056548,0.7228022084806769,0.0762068287188214,60.01763795518891,18180.415,18163.917500000003,18176.54625,18165.38167915587,18160.11833567504,18092.25305297672,52.82005082005082,58.14586087857929,145.6751662307678,-0.0934312845975047,-86.04446697808953,1
1673535180,-1.594065583762077,-1.6414862891919502,-1.609190696470069,-1.6655503070989415,0.4895448719828014,0.1711582467501885,-0.44485859564598185,94.0515380442448,-35.589436834367575,129.64097487861238,18121.575,18283.15,17963.15,18441.575,17801.575,18603.15,17643.15,18014.315035492356,18148.145,18281.97496450764,1.474861089192757,0.0621496260902566,50.03315243697748,18148.145,18156.31,18167.98875,18120.57111943725,18136.63318373412,18086.414666978937,42.44174277497828,53.053469537080126,151.9127566395006,-0.4201408017054194,-223.6200076205649,1
1673537640,-1.6164521874143254,-1.6211505893337896,-1.6196756441216764,-1.6187520652512508,-0.31956639078313753,-0.45004601353581614,-0.4369225498536821,83.5323834481569,-36.88687314436439,120.4192565925213,18037.38381065096,18150.667621301924,17917.66618934904,18270.385242603843,17804.38237869808,18383.669053254805,17684.66475739616,18005.481363329625,18121.19,18236.89863667037,1.277053401795063,0.3576597177709518,54.96335798489245,18121.19,18152.812500000004,18160.0125,18109.797412958167,18127.836241237008,18086.58946059999,35.28904652390219,43.51694670631044,147.9439883081015,-0.1929844164049088,-103.32714676154478,0
1673540100,-1.6174771354658142,-1.6135646279992664,-1.6150667107505132,-1.6073658059493647,-0.49633186682147934,-0.5859401549942128,-0.4881753571284201,76.04407277089558,-35.500147057300566,111.54421982819616,18090.116666666665,18125.43333333333,18052.93333333333,18162.616666666665,18017.616666666665,18197.93333333333,17980.43333333333,18003.703645747923,18109.51,18215.316354252074,1.1685170305775898,0.5005434456220258,56.68048661709751,18109.51,18148.82,18152.88875,18109.73994197211,18124.52510646664,18088.783321495222,35.73021836111789,37.820335886666136,141.21941771465626,-0.2199779057883137,-53.76715396858604,0
1673542560,-1.6141964408714389,-1.5517323887708543,-1.4982953377819062,-1.6024312485884382,0.679502202402526,0.3330483731513177,-0.4659672154882655,83.20885417451791,-22.6682925229426,105.8771466974605,18112.20833333333,18137.816666666666,18084.016666666663,18166.00833333333,18058.40833333333,18191.61666666667,18030.21666666666,17958.636873399842,18127.48,18296.32312660016,1.862841681250313,0.9630629719689564,67.54307332105323,18127.48,18159.7525,18155.9775,18167.77662798141,18153.49326892725,18107.36110040044,49.242155383580645,40.08714008953359,157.69792866405214,0.6015287882351648,191.4520082506856,0
1673545020,-1.5816384419793819,-1.412461236644523,-1.3226984946103713,-1.569585010801966,7.85917014506838,6.108462626056214,-0.2540122585849369,119.17859625228448,10.641159643859169,108.53743660842532,18285.51047633137,18470.63952366863,18098.720952662738,18657.42904733726,17913.591905325477,18842.55809467452,17726.802381656846,17767.928843273763,18237.79,18707.65115672624,5.152610669672562,0.9666112464532598,79.818454467656,18237.79,18209.1025,18179.14375,18337.27608532094,18248.544492758658,18161.54337655278,60.33498340205864,48.43578571558575,202.09695415259955,2.714107170110173,354.4667398090459,0
1673547480,-1.4957204158315784,-1.3720560110101152,-1.3566497976880172,-1.4829063446360435,2.1088845203737043,1.5069847458176429,-0.18250456485381816,155.08390874908582,37.23717771252839,117.84673103655744,18613.26357149902,19034.41142850099,18255.12714299804,19392.54785700197,17833.979285996073,19813.695714003938,17475.842857495092,17807.91461587391,18389.625,18971.33538412609,6.32650621343383,0.8442434679945375,81.9511909277433,18389.625,18268.885,18207.80125,18488.225723547293,18347.01367589345,18221.408293071563,73.37848705517594,60.98520861360509,219.14036048111,3.286143038538287,241.18323711630103,1
1673549940,-1.4325577888441987,-1.349715133068209,-1.3285036396961865,-1.4191845332273005,1.021434252647323,0.6489562832703346,-0.15133987163663662,186.46916601866903,54.897947985689314,131.57121803297974,18699.74011908284,18965.28488091716,18524.580238165683,19140.444761834315,18259.03547633137,19405.989523668628,18083.87559541421,17956.108102922073,18542.590000000004,19129.07189707793,6.325781857636183,0.7647012649042945,83.01969374856506,18542.590000000004,18331.89,18242.9575,18609.84214903153,18439.024825731,18281.567027064742,81.07116712817083,71.59487919513515,227.96889340216416,3.4574391463546763,190.4680212417869,1
1673552400,-1.3898054828528936,-1.3325380323154177,-1.3046145881006208,-1.3760537372233417,2.3179450638394647,1.6979252828752067,-0.07374909237405705,212.7947189675615,64.97880074766539,147.8159182198961,18806.711726208086,19001.26327379191,18658.52345241617,19149.451547583823,18463.97190483235,19344.003095167645,18315.783631040435,18257.441579187365,18700.96,19144.47842081264,4.743269017340649,0.7260503629506606,83.81315137383837,18700.96,18405.235,18282.74875,18707.053099354354,18523.10667559809,18340.605881630006,86.78350342909205,80.41105253747962,232.41271606543305,4.037037597647499,153.63475425586003,1
1673554860,-1.3598403538940234,-1.311811943803784,-1.276714708991219,-1.3458233242809334,2.42280389958159,1.7924322815854898,0.0044896358442457285,235.65383060595195,70.27032990884467,165.38350069710728,18885.63086310404,19038.64413689595,18748.461726208083,19175.813273791908,18595.44845241617,19328.826547583816,18458.279315520216,18641.147048005485,18836.165,19031.18295199452,2.070675766479173,0.8171759285101045,84.73975077386714,18836.165,18481.8225,18323.7175,18791.32706623624,18602.519098216617,18399.58389290334,88.5286249291674,85.46109849547678,236.17278672818648,4.209492140266022,131.2996047290589,1
1673557320,-1.334494231640785,-1.3303110424967444,-1.307534751992273,-1.3631341245085862,1.6759627330781164,1.1751688281237025,0.06203823572542531,246.71975760918207,65.06900552965988,181.65075207952225,18959.67376488536,19102.301235114646,18817.24752977072,19244.72747022929,18674.620059541423,19387.35494045858,18532.19382442678,18767.97518179192,18882.46,18996.94481820808,1.2126049064378122,0.610451326192595,80.32025529712976,18882.46,18560.125,18362.02125,18830.13471082416,18658.0156258136,18447.980665007784,86.795224152081,87.36911750344683,236.86044481903085,4.320203478949344,95.66413457238974,1
1673559780,-1.3310711782018316,-1.3584367704855618,-1.3484855388617825,-1.3586225878040656,-0.29176222812404634,-0.40654067524334253,0.052709454669529046,246.25608494665,51.68426629370214,194.5718186529478,18896.983333333334,19025.266666666663,18779.466666666667,19142.783333333333,18651.18333333333,19271.066666666666,18533.666666666668,18798.593235760192,18890.135,18981.67676423981,0.969201800196872,0.163350381589007,74.00106588907818,18890.135,18639.88,18398.095,18829.589807216107,18689.01278475657,18484.22060167371,82.73415393322024,86.01933433815623,228.97398447480816,4.423227838799393,71.01903302236441,0
1673562240,-1.3434232123312155,-1.349324744414737,-1.3400435644728381,-1.3555074791271342,-0.3617877885771448,-0.4619981897243839,0.053781443535681206,245.1346196418599,40.45024079112966,204.68437885073024,18835.968441221336,18890.63688244267,18773.83155877866,18952.773764885347,18719.163117557324,19007.442206106683,18657.02623511465,18799.165946928177,18890.355000000003,18981.54405307183,0.965456213732632,0.3016209249836919,74.69565389006391,18890.355000000003,18716.4725,18434.6425,18837.784871477405,18719.042278437195,18519.454353895264,79.74320882852301,83.0908623046081,222.05441415517384,4.234378671236849,65.58651544596705,1
1673564700,-1.3450429905972388,-1.339352088812392,-1.3465523635084489,-1.3353845931910957,-0.47747977136678804,-0.5549379802954111,0.05620212221700329,243.70401725614647,31.21571072433295,212.48830653181352,18855.425,18920.85,18788.75,18987.525,18723.325,19052.95,18656.65,18795.907237638618,18886.515,18977.12276236138,0.9594968935389288,0.4766024461398403,75.46812634733976,18886.515,18793.7375,18471.27875,18852.61491431827,18748.720955084977,18554.00870114333,79.02235427277886,80.49990567817404,210.2933845726532,4.266515734036466,62.636029889941256,1
1673567160,-1.3408663048425133,-1.3476212302904933,-1.3536592684013853,-1.3461621530963412,-0.4059287062352005,-0.4979740002206137,0.06224224615388436,237.9472317145592,20.367140146196505,217.58009156836263,18877.358333333334,18908.516666666663,18851.11666666667,18934.75833333333,18819.958333333336,18965.916666666664,18793.71666666667,18812.64844115948,18866.335,18920.02155884052,0.5691254696847042,0.4314539788081404,73.46547449465476,18866.335,18851.25,18505.50125,18854.734942878848,18768.767145069527,18583.05311055825,79.88469156762885,79.55008488964359,200.079571388886,3.1455355409281966,51.98379643024919,0
1673569620,-1.3429127375838084,-1.3670341933313543,-1.360224022798084,-1.380893824551781,0.5609916859722355,0.2739939024266444,0.08838303456336256,226.3617475242645,7.025324764721461,219.33642275954304,18852.825,18889.550000000003,18822.25,18920.125000000004,18785.525,18956.85000000001,18754.95,18791.99200283201,18845.64,18899.287997167987,0.5693412074940128,0.1144776861802293,68.84655701014941,18845.64,18864.05,18536.57625,18837.914961919232,18775.223118693248,18604.121861933658,77.42097635815743,78.77600739952173,196.19109898460613,0.685361508116581,32.20267802453227,0
1673572080,-1.353642916458339,-1.375010543319351,-1.3708608002941316,-1.3698298178716455,-0.5227157360467664,-0.5931305632636248,0.08795106767010775,212.91230267403807,-5.139296068403979,218.05159874244205,18796.03865257633,18872.97730515267,18727.336347423672,18941.67961030533,18650.397694847336,19018.61826288167,18581.695389694672,18761.770958679608,18836.3,18910.82904132039,0.7913341932374311,0.1343707162036926,66.98310067548384,18836.3,18863.2175,18566.05125,18819.209974612822,18776.418915294475,18621.043589368543,73.12756073216558,76.8110762193173,188.2137332617372,-0.0443051869000378,21.17777271644097,0
1673574540,-1.3629963785148895,-1.3729432579498255,-1.3710747036588304,-1.366177621491795,-0.628398910306462,-0.6774696440583142,0.09077630842101232,200.41330966974056,-14.11063125816122,214.5239409279017,18788.76932628817,18827.53865257633,18743.03067371183,18873.277305152667,18704.261347423664,18912.04663144084,18658.52269484733,18742.455873071496,18822.99,18903.5241269285,0.8556996197575603,0.2804346967628083,67.23066357132639,18822.99,18856.6725,18594.28125,18808.681649741884,18778.456385240934,18636.90848561916,69.54264293495119,73.36372667509141,180.0341808858947,-0.3471582221998306,7.443573119514482,1
1673577000,-1.3666394156385,-1.363627165082867,-1.3688581937169741,-1.355865537595747,-0.11164956862988008,-0.26240337275711084,0.10886786081553373,190.43075606615093,-19.27454788940068,209.7053039555516,18793.908333333336,18827.616666666672,18753.91666666667,18867.608333333337,18720.208333333336,18901.31666666668,18680.21666666667,18754.611978096684,18809.31,18864.00802190332,0.5816058314028273,0.5417291141539601,68.38123154288601,18809.31,18847.9125,18626.57375,18810.41276649459,18784.896133378945,18653.76243936972,68.46390513475467,70.3780362672905,170.9299536797551,-0.4634558943151185,-5.924911478154804,0
1673579460,-1.3638026569475254,-1.3522526593157798,-1.3608365386893024,-1.3498207059599758,-0.6133242778625232,-0.664799937521701,0.11206814303925543,182.99621115090488,-21.36727424371741,204.36348539462227,18814.358333333334,18839.716666666667,18788.516666666663,18865.55833333333,18763.158333333333,18890.916666666668,18737.316666666666,18761.2702520353,18806.7,18852.1297479647,0.4831230142948985,0.9317105174178107,69.77654613393645,18806.7,18836.5175,18659.17,18822.250177663063,18795.992290946408,18672.06363562022,66.19260068805166,68.06638291925252,162.80051074847862,-0.6010060720336874,3.603803886993604,0
1673581920,-1.3566967428991228,-1.3463790845748989,-1.3552073070909363,-1.3426518826149696,-0.6005009117629075,-0.6541842233483702,0.11395156803723201,176.40622626116965,-22.36580730676212,198.77203356793177,18838.26908245269,18870.65591754732,18813.53816490538,18895.386835094625,18781.15132981076,18927.77367018925,18756.420412263447,18755.04798154478,18818.340000000004,18881.632018455228,0.6726631409064138,0.8486616565342918,70.50047656523545,18818.340000000004,18831.99,18696.057500000003,18835.658451775376,18808.08005622888,18690.19805127544,60.35409403454446,65.0035332857836,154.96450114651023,-0.2394520765294731,16.139635894218433,0
1673584380,-1.3502068529784075,-1.3566445316673472,-1.3599569712520578,-1.3533233224685968,-0.6062968082362409,-0.6594410655744065,0.1047981144220376,166.9253979143832,-25.47730852283885,192.4027064372221,18855.79287455968,18885.68212544032,18832.58574911936,18908.88925088064,18802.69649823871,18938.778501761284,18779.489372798387,18776.78308716426,18828.69,18880.596912835736,0.5513597901472368,0.5468145737676636,67.45921297190769,18828.69,18832.495000000003,18736.1875,18834.95563451692,18812.71095509636,18703.85061782064,47.53947083858001,58.028721853725386,148.85275106461447,0.0268210425684429,-32.83188318816997,1
1673586840,-1.35209488590516,-1.3666526771472798,-1.3693262446502985,-1.3554716732802734,-0.20777332696782438,-0.33988861825700856,0.11727340419307707,155.34554211089562,-29.64573146106119,184.9912735719568,18831.716666666664,18867.33333333333,18797.933333333327,18901.116666666665,18762.316666666666,18936.73333333333,18728.53333333333,18790.632156345546,18832.235,18873.83784365445,0.441825876264339,0.176885067961896,64.53623166895875,18832.235,18827.6125,18772.0425,18825.087089677945,18811.37259962429,18713.517225647243,34.49767361787284,47.46374616366578,141.70395855426528,-0.2589612115088606,-62.99231880416421,0
1673589300,-1.3580432230743777,-1.3655347460032443,-1.370476597801505,-1.35876581119151,-0.5195571913576914,-0.5901943735778019,0.12364592334226654,144.75396799578812,-32.18984446093498,176.9438124567231,18811.439885306587,18832.77977061317,18784.01011469341,18860.209541226348,18762.670229386826,18881.549426532936,18735.240458773653,18787.488698208814,18831.16,18874.831301791182,0.4638195606769431,0.2405618899529442,64.72012161084848,18831.16,18820.235,18806.98625,18819.558059785297,18810.85030878351,18722.563204157028,27.55537917343584,36.53084120996291,135.48939008610125,-0.3907103354865949,-61.678749933977215,1
1673591760,-1.3604583983886536,-1.356484827218199,-1.3629123178412006,-1.3464468403790986,-0.572177263024189,-0.6318475398880766,0.12484393693813949,136.84029633300452,-32.08281289897488,168.9231092319794,18808.33333333333,18835.766666666663,18781.066666666666,18863.03333333333,18753.63333333333,18890.46666666666,18726.36666666667,18787.34460053129,18828.775,18870.20539946871,0.4400753577299323,0.5630575624058979,66.24597555593792,18828.775,18817.7375,18834.49375,18824.372039856866,18815.059343550143,18733.17623233255,36.461538738189255,32.83819717649932,129.2830050799492,-0.132430315009159,21.456749165514044,0
1673594220,-1.3571408024288067,-1.3624471266530522,-1.3721653672810146,-1.3571187422358917,-0.4778794476936036,-0.5568338429509809,0.13232142959766466,127.74052171022048,-32.94607001740712,160.68659172762762,18835.46830465998,18855.631695340016,18813.83660931996,18877.26339068004,18793.67321863992,18897.426781360075,18772.0415232999,18795.48906109668,18819.72,18843.95093890332,0.257505838591839,0.4480003641201925,64.27367629796416,18819.72,18819.03,18841.54,18821.981359904577,18815.448553813752,18741.178495919925,45.063385707282464,36.36010120630253,123.51279043137976,0.0687343702429329,-44.3018158669468,1
1673596680,-1.358463301890661,-1.3582948109752075,-1.364143712253343,-1.3478092220519595,-0.4444695906348406,-0.5295388096235817,0.138271968952633,120.08866955037593,-32.47833774180134,152.5670072921773,18811.166666666668,18836.833333333336,18791.533333333336,18856.466666666667,18765.86666666667,18882.13333333333,18746.233333333337,18796.47225817569,18818.79,18841.107741824308,0.2371857258017834,0.7265014103933572,65.05399516444521,18818.79,18823.74,18843.47875,18824.28757326972,18817.89427130216,18749.53292487993,54.81276783211293,45.44589742586157,117.69759111485102,0.2507746861323312,20.505177944601407,1
1673599140,-1.3570482909032084,-1.3495643010884584,-1.3548202974185493,-1.3430065429051747,-0.3147944962031598,-0.42463851672901043,0.14660426800769855,114.68749000006574,-30.30361383368921,144.99110383375495,18831.33333333333,18851.166666666664,18809.066666666666,18873.43333333333,18789.233333333334,18893.266666666663,18766.966666666667,18797.655500976995,18828.42,18859.18449902301,0.3267878985385642,0.9076126833926648,66.7008338689993,18828.42,18830.3275,18843.5,18834.02504884648,18824.36804015631,18759.43455108184,63.212966915250696,54.36304015154871,113.23254073182542,0.3506297363290996,101.48968647017772,0
1673601600,-1.3519753141554482,-1.3344012508888095,-1.3372993140686336,-1.337888654637698,-0.07209684857101002,-0.2278240845321049,0.16014880348038307,112.55707878543036,-25.94722003865968,138.50429882409003,18852.837704749163,18880.762295250835,18825.575409498328,18908.02459050167,18797.65081899665,18935.949181003343,18770.38852374582,18790.50586549416,18845.965,18901.424134505844,0.5885518147342775,0.9531264366801722,69.39815578066825,18845.965,18838.5625,18843.2375,18854.75836589765,18837.43294194607,18772.46221288357,75.112973302677,64.37956935001355,111.62260517071284,0.4377088717768059,189.41321909707503,0
1673604060,-1.3418569249958536,-1.3203383868944008,-1.2998297412420088,-1.3299421044681812,0.7630005315746138,0.44935365178333947,0.18444306092236448,112.76622009834318,-20.590462980597465,133.35668307894065,18888.44385237458,18937.68114762541,18846.98770474916,18979.137295250835,18797.750409498327,19028.37459050167,18756.294261872907,18778.216389025147,18866.335,18954.45361097485,0.9341359726184482,0.8944399442464992,71.68866311639331,18866.335,18847.555,18842.03625,18881.78891059844,18855.326952501327,18788.022954513708,76.90616152087124,71.74403391293299,116.14956194423428,0.4771588552962809,254.10411137252063,0
1673606520,-1.3297659499916263,-1.30652395204311,-1.2943412404336023,-1.3154826689740884,1.026749951770789,0.6665167062402807,0.20047949843437035,114.75012032814266,-14.88525020063841,129.63537052878107,18944.55,19027.7,18852.7,19119.55,18769.55,19202.7,18677.7,18791.69870702559,18897.85,19004.001292974408,1.123421902220723,0.8623366133587638,73.76593661232313,18897.85,18858.785,18845.3875,18912.784273732294,18877.044779319265,18805.808863607643,74.15061918015428,75.3899180012342,118.58295828529366,0.5953619554167887,218.8453425986553,0
1673608980,-1.3168129027918214,-1.3173927270545616,-1.3149231184651287,-1.3193077679503826,0.4075798894134006,0.1610153738254954,0.204103197406404,112.55374449304873,-13.665300828585885,126.2190453216346,18976.18596309365,19050.58903690636,18900.371926187298,19126.403073812708,18825.96885237459,19200.80614762541,18750.15481546824,18836.908589724066,18920.9,19004.891410275937,0.8878162273035191,0.6384070104527184,69.44847789514813,18920.9,18869.845,18851.17,18923.23951582153,18889.245728533944,18818.984209930724,66.21478236521081,72.42385435541212,117.42703269348686,0.5872498811960687,124.00120101428782,1
1673611440,-1.3157710359868258,-1.3347650221340899,-1.3333185774996381,-1.3261108788540255,-0.11983214727626976,-0.266270223666752,0.20773064167413696,105.64543015508752,-16.458892133237683,122.1043222883252,18942.916666666668,18994.733333333337,18892.333333333336,19045.31666666667,18840.516666666663,19097.13333333334,18789.93333333333,18868.65519497316,18929.24,18989.824805026845,0.6401187266561493,0.219071473573953,63.09211477247773,18929.24,18878.83,18853.22125,18913.893010547687,18890.32832334595,18826.24285660399,58.63805043920716,66.33448399485742,114.1858160725232,0.4777895652035308,52.57980242384573,0
1673613900,-1.3239366805471293,-1.3454918376351885,-1.3414131437986143,-1.346126347249479,0.3691213307323797,0.12506519306796088,0.2271665204025592,96.61788552956568,-20.38914940700764,117.00703493657332,18902.83815744008,18933.576314880163,18864.46184255992,18971.95262976032,18833.72368511984,19002.690787200405,18795.34737023968,18845.877947763394,18922.99,19000.1020522366,0.8150091738842925,0.1238266372292138,59.47251486889255,18922.99,18884.4775,18852.35625,18897.58700703179,18885.71862819214,18829.93163216552,44.46391245542828,56.438915086615424,113.3159175073514,0.3002631788818807,-3.0992931335559235,1
1673616360,-1.333383176349767,-1.343983517837681,-1.3481707675929786,-1.3391442071115298,-0.12179642720373555,-0.2688323454543029,0.24092738165891706,88.7829957456961,-22.579231352701782,111.36222709839788,18866.460745386707,18916.72149077341,18814.714254613293,18968.467981546823,18764.453509226587,19018.72872693353,18712.707018453173,18823.547158642126,18909.665,18995.782841357875,0.9108341301432316,0.2652054477773756,59.821563404931766,18909.665,18888.0,18852.86875,18888.13300468786,18882.71978670266,18833.67385767356,35.25144473134082,46.11780254199209,109.74335197111144,0.1870287777423731,-2.166890404548354,1
1673618820,-1.3373522269815898,-1.3268951417788595,-1.3238243409300448,-1.3279727828908108,0.4411392424327649,0.18768966039782103,0.24817491910974013,85.47380294357208,-20.71073932386065,106.18454226743272,18867.975,18900.25,18836.95,18931.275,18804.675,18963.55,18773.65,18838.643194517303,18898.185,18957.726805482696,0.63013252841683,0.6611472800029214,63.64212099523303,18898.185,18898.0175,18858.52375,18897.880336458576,18889.0207345749,18841.645395037987,37.97799090126574,39.23111602934495,109.1402554017462,0.5323586931105545,61.3380978907314,1
1673621280,-1.330792140879545,-1.255871024255048,-1.216235652006272,-1.316517944822295,5.379801967158397,4.21993270259307,0.37071248290223896,97.87145755223536,-6.650467772157896,104.52192532439328,18917.49166666667,18968.083333333336,18866.783333333336,19018.791666666668,18816.19166666667,19069.38333333333,18765.483333333337,18744.37099165939,18932.855,19121.33900834061,1.991078559896105,0.9898160900375406,74.4968200813365,18932.855,18926.8775,18875.30875,18971.086890972387,18930.56241919765,18867.917262177227,50.39448234149603,41.20797265803421,128.13798505019432,1.5327501872122031,231.3019053201506,0
1673623740,-1.2919982793442457,-1.219786691217029,-1.2037457943973973,-1.2773806377393717,1.6345234636598343,1.1860969082302038,0.4179729360061936,114.580201675235,8.04662108067339,106.5335805945616,19096.797176506672,19294.70282349333,18919.594353013345,19471.90564698666,18721.688706026685,19669.81129397332,18544.48588253336,18709.237711773323,18997.65,19286.06228822668,3.036294365110193,0.8840422357904003,78.0777930393471,18997.65,18963.445,18896.88625,19053.782927314925,18983.03743388898,18901.37038006512,67.12187430224803,51.83144918166994,140.50700292089567,1.9395602938446403,226.99383168991304,1
1673626200,-1.2545582880175008,-1.250334603351256,-1.2544440614801817,-1.2573994587272324,0.6349650247940783,0.3572628809866347,0.4317763670814423,119.49895901747368,10.372302738329653,109.12665627914404,19178.95692158667,19349.71807841333,19048.413843173337,19480.261156826666,18877.652686346675,19651.022313653324,18747.109607933344,18782.436157940017,19051.275,19320.113842059985,2.822266142922025,0.6521822504758075,69.21710093325272,19051.275,18987.1325,18912.8475,19080.221951543284,19010.321536818257,18923.43986767796,72.45343275367999,63.323263132474686,141.5547169979746,1.2535572581296,137.66342777907977,0
1673628660,-1.2511130052887158,-1.2130791043528184,-1.1746497035733419,-1.2450464415600915,0.8337906116462135,0.530246540557358,0.46297222529316756,130.36494885521097,16.99063406085355,113.37431479435742,19120.83333333333,19177.666666666664,19076.266666666663,19222.233333333334,19019.43333333333,19279.066666666666,18974.86666666666,18897.21194401347,19125.045,19352.878055986526,2.382562299712529,0.7480544351006863,73.21014429665716,19125.045,19017.355,18932.455,19132.83963436219,19051.73125739676,18953.4051183753,74.18567970524286,71.25366225372363,152.42223721240612,1.5960466522495806,168.10105082022773,1
1673631120,-1.2307616913677357,-1.1892210341440084,-1.1810177718189943,-1.2156019167382055,0.23998905433643036,0.044519132137521296,0.48512082685588737,142.75522637645554,23.50472926567849,119.25049711077703,19242.925,19387.35,19093.65,19536.625,18949.225,19681.05,18799.95,19063.62567848384,19202.63,19341.63432151616,1.4477633690402207,0.8693050650517472,75.40994631442409,19202.63,19050.4075,18954.59625,19190.32642290813,19097.8346651428,18986.91891662527,74.90260966000675,73.84724070630988,155.3468027261629,1.7419178883543958,146.2078257643571,0
1673633580,-1.2086564081856075,-1.181058362298672,-1.177393953977545,-1.1933009334945877,-0.11115547945909074,-0.24362768773853236,0.48800921848323875,152.67062641302618,26.736103441799315,125.93452297122688,19286.711281865,19392.688718135003,19199.32256373001,19480.07743627,19093.345127460005,19586.05487254,19005.95640932501,19106.7718685818,19244.79,19382.80813141821,1.4343428160890113,0.8025327148755503,76.1320669264468,19244.79,19088.8225,18979.33375,19236.317615272088,19139.73745329865,19019.431400756195,82.42606703914181,77.17145213479715,154.34939376018713,2.0278027781663543,129.1969496563885,0
1673636040,-1.193522228430203,-1.1872690908766443,-1.1873506573671562,-1.1916241180430642,-0.0664863609281338,-0.20806021930365337,0.4963544882544455,157.30325463070403,25.094985327581725,132.2082693031223,19318.572307599166,19394.127692400834,19252.74461519833,19459.95538480167,19177.189230396663,19535.510769603337,19111.36153799583,19119.35570256093,19263.115,19406.87429743907,1.4925861932410396,0.6658501427367327,74.34316630623981,19263.115,19130.3825,19004.60625,19261.14507684806,19170.83973451708,19047.18079116037,86.56250000000016,81.29705889971625,151.06729420588763,2.199500402218564,103.22771396814548,1
1673638500,-1.1890606567210196,-1.1786627955614541,-1.174016415018526,-1.1789130424073107,-0.11407766242726014,-0.2447873715636539,0.5038302651670504,161.07464990517474,23.093104481641944,137.9815454235328,19304.86666666667,19362.033333333336,19253.63333333334,19413.266666666663,19196.46666666667,19470.43333333333,19145.23333333334,19234.52730505316,19303.505,19372.482694946844,0.7146649786848891,0.728660873810814,75.21235146308221,19303.505,19177.39,19030.933750000004,19285.780051232043,19200.696146423063,19074.596906287952,88.19060444790625,85.72639049568274,148.19105890546683,2.4917870286072703,101.0049956037551,1
1673640960,-1.182526509975766,-1.1490376202445267,-1.139783650360962,-1.1669397049442005,1.0590263213056321,0.7292726802484382,0.5376785013902838,168.8528125856792,24.697013729717128,144.15579885596208,19337.416666666668,19391.63333333333,19280.833333333336,19448.216666666667,19226.61666666667,19502.43333333333,19170.033333333336,19257.700052657787,19339.595,19421.489947342216,0.8469148122513882,0.9818978615992968,77.9779908353639,19339.595,19232.32,19060.16,19330.02836748803,19240.30139252796,19107.35196283196,88.29522629405248,87.6827769139863,150.08172503009857,2.9110893531663486,110.87569093367128,0
1673643420,-1.1644461149393068,-1.1101762042852144,-1.081450737922893,-1.1486992425432456,2.555513416292114,1.9785507606102435,0.6074825301709458,181.75760884435653,30.08144799071559,151.676160853641,19408.82153844989,19501.003461550103,19326.3430768998,19583.481923100207,19234.16115379959,19675.663846200416,19151.682692249487,19222.17232235971,19384.140000000003,19546.10767764029,1.6711360693875723,0.9441781289213368,80.9764262627363,19384.140000000003,19293.385,19095.70125,19396.027244992023,19292.614775704693,19147.416061609867,87.88933264174871,88.12505446123582,160.04143697974646,3.2279848551926547,130.85146638498918,0
1673645880,-1.1359742465951983,-1.0291794311590592,-0.9817077905393429,-1.1199753101862153,4.403881198318462,3.5883988863271004,0.7387968731402753,208.0028753280021,45.06137157948888,162.94150374851324,19517.56910255828,19667.555897441725,19378.038205116565,19807.08679488344,19228.05141023312,19957.07358976689,19088.520512791405,19145.37042576148,19469.730000000003,19794.089574238533,3.331937055506466,0.9416703294062376,85.42939091824502,19469.730000000003,19357.26,19142.06875,19516.10149666135,19376.91208921293,19205.40024621845,85.82502641709266,87.33652845096462,183.80964477852143,3.3411795475349813,173.15311876486692,0
1673648340,-1.0812379190511319,-0.9850566408472643,-0.9629202300797953,-1.064754397008125,1.5252702174627182,1.1672202287555555,0.7974222539302352,236.1126667288263,58.53693038425044,177.57573634457586,19714.88455127914,19981.96544872086,19489.169102558284,20207.68089744172,19222.088205116564,20474.76179488344,18996.372756395707,19173.69224323445,19583.685,19993.67775676555,4.187084879740972,0.8620673720460048,87.18865773562622,19583.685,19423.4,19193.4225,19637.592664440905,19468.487163901485,19269.702603721456,86.15419852904584,86.62285252929576,198.67846822872,3.4413547928045896,182.08615537536647,1
1673650800,-1.0318072669190332,-1.0021095270284965,-0.9976103698047262,-1.0178583432252821,0.06787624147451374,-0.0735062274299939,0.813156791348735,251.6122164961016,59.22918412122061,192.383032374881,19825.53394230624,20049.04105769376,19657.067884612472,20217.507115387525,19433.560769224947,20441.01423077505,19265.094711531183,19324.601380447424,19683.18,20041.758619552576,3.643502925366492,0.7082458237280704,83.01670752039298,19683.18,19493.3425,19240.2375,19702.57010962727,19534.67586137394,19323.304736700364,86.4952102079468,86.15814505136177,196.08714906952565,3.655575939079412,145.0900811872684,0
1673653260,-1.0156188064528329,-0.9211659887187243,-0.8440027125643104,-0.9985543525002656,3.5755708795042165,2.9510186531748572,0.9204263628435294,279.08237980098784,69.35947794088545,209.7229018601024,19820.30833333333,19907.61666666667,19745.216666666667,19982.708333333336,19657.908333333333,20070.01666666667,19582.816666666666,19464.40651027108,19811.595,20158.78348972892,3.5049019498826195,0.8586020380376349,86.35436552322341,19811.595,19575.595,19296.475,19821.91340641818,19630.29843203322,19393.52333320509,85.64772893266179,86.09904588988483,221.0157129410121,4.275505735371121,167.54745496516784,1
1673655720,-0.9670508015748781,-0.6998511120773795,-0.49463852649071116,-0.9495563707039999,9.145635798158922,8.030373341473364,1.176819548970356,347.17003048372135,109.95770289889516,237.2123275848262,20059.837652243223,20332.76234775677,19787.675304486453,20604.924695513542,19514.750608972907,20877.84939102709,19242.588261216133,19370.904870688493,20042.83,20714.755129311503,6.704892765258249,0.9772629955492133,91.35626161400158,20042.83,19713.485000000004,19381.94625,20109.342270945453,19821.91689893627,19516.44492051889,79.69225523549838,83.94506479203567,305.317699276312,7.142598146622956,222.2299996745521,0
1673658180,-0.832103877427993,-0.6238229218136008,-0.5818916162653865,-0.813414749292403,2.530481277997729,2.167514052741633,1.2573050342446785,413.647876112831,141.14843882240382,272.4994372904272,20644.318826121613,21364.881173878384,19963.637652243226,22045.56234775677,19243.07530448645,22766.124695513543,18562.394130608067,19397.946645331835,20271.265000000003,21144.58335466817,8.616318267934126,0.8590672271157632,92.38845794574183,20271.265000000003,19870.4975,19479.66,20372.36984729697,20017.64564458422,19648.062070945663,78.17890138240678,81.172961850189,338.72513224354685,8.123451105373984,181.05240882702392,1
1673660640,-0.7266144365173512,-0.6233349359967614,-0.5955073201939349,-0.706991400867317,1.4540155244691635,1.2132925828726617,1.313508262567464,461.12740900044446,150.9023773680138,310.22503163243067,20759.80107972748,21215.623920272526,20442.602159454946,21532.822840545054,19986.77931890989,21988.645681090107,19669.580398637365,19586.06114386197,20475.11,21364.15885613803,8.684191255998428,0.7388451416746793,92.39473552563754,20475.11,20029.3975,19579.890000000003,20548.17989819798,20178.037345568904,19767.27520704608,78.12577368055967,78.66564343282162,345.7517928267786,8.22855604117901,153.56843867588236,1
1673663100,-0.6736257110630759,-0.6122620941891762,-0.610741428207013,-0.6535335614576034,0.3497380657412468,0.2284320120886487,1.3420910080303172,495.56034890954106,148.2682538216883,347.2920950878528,20846.433873197067,21091.666126802924,20654.567746394136,21283.532253605856,20409.33549278828,21528.764507211712,20217.469365985347,20036.56456945781,20694.805,21353.045430542188,6.361407421255604,0.67941392615875,92.54498219783032,20694.805,20188.9925,19683.19125,20675.78659879865,20314.93964637456,19878.10613970836,81.22050853104285,79.17506119800312,338.51946406803665,8.254180878766784,125.4772330018465,0
1673665560,-0.6415946530869222,-0.6163877924588292,-0.6153855442756654,-0.640500523154272,0.005111074130363663,-0.08193662890415147,1.3580462432324136,515.9629616712591,134.936693266725,381.0262684045341,20892.166936598533,21033.83306340146,20789.333873197065,21136.666126802927,20647.667746394138,21278.33225360585,20544.83468299267,20682.56568867385,20866.56,21050.554311326145,1.763532765593786,0.6435234590116763,91.81713979853764,20866.56,20339.077500000003,19785.698750000003,20756.98273253244,20424.836983397367,19977.27460259328,81.01518345980732,80.12048855713662,328.26093092031925,7.728959846332295,102.93342469192916,1
1673668020,-0.6276420754536466,-0.6125016508628978,-0.6184816216547665,-0.607142828583591,-0.04620010277540668,-0.125583612048894,1.3704443805978286,526.9414991720769,116.73218461403422,410.20931455804265,20896.025,21005.15,20810.25,21090.925,20701.125,21200.049999999992,20615.35,20887.32189053551,20915.785000000003,20944.248109464497,0.2721686942612362,0.7554183340041454,91.8819054030554,20915.785000000003,20479.3075,19886.34625,20814.76348835496,20516.743895506937,20068.0413071082,81.04778862318825,81.09449353801281,311.4520999653745,7.180961720399269,89.08613303498885,0
1673670480,-0.6187226195544216,-0.6177275353377923,-0.6008902729098723,-0.6189812091906444,0.39704601667332706,0.26967163704191577,1.3961870483602667,528.3632422377086,94.52314214373274,433.8401000939759,20927.7959008163,20975.529099183703,20882.591801632603,21020.7331983674,20834.8586032652,21068.4663967348,20789.654504081504,20896.3752325381,20919.22,20942.064767461896,0.2184093619350846,0.420769602797739,90.84067814886386,20919.22,20595.2425,19976.25125,20848.375658903307,20589.263187232948,20148.761182621707,80.48900502873111,80.85065903724224,301.7769499678475,5.868269534957284,76.48569388091573,0
1673672940,-0.6168759633208907,-0.6435109314057736,-0.6405070719359244,-0.6449046423182102,0.37978675767066555,0.2487911537209531,1.4260410754523536,517.6604683747391,67.05629462461059,450.60417375012855,20928.533333333333,21010.066666666666,20834.066666666666,21104.533333333333,20752.533333333333,21186.066666666666,20658.066666666666,20841.84426539772,20907.85,20973.85573460228,0.6313966725634671,0.0083760495125555,85.68164488206469,20907.85,20691.480000000003,20057.44,20846.567105935537,20635.3880622815,20214.8744033244,78.98249196510028,80.17309520567323,290.2928821130009,4.840780510624064,58.38612107169703,0
1673675400,-0.6288449720580028,-0.6364928081126657,-0.6419484808804556,-0.627323971509322,-0.03156208174174652,-0.11468476149406985,1.4338179135937972,504.9533325177217,43.4793270140745,461.4740055036472,20842.64897520408,20910.69795040816,20774.901024795927,20978.445900816303,20706.85204959185,21046.49487602038,20639.1040991837,20824.832218911102,20894.195,20963.557781088894,0.6639430816922482,0.2731492343158076,85.91610888556524,20894.195,20794.5,20143.92125,20851.95307062369,20676.7220509576,20276.57446015065,77.44344136993898,78.9716461212568,275.45767624778614,5.194497422794107,54.5410267924436,1
1673677860,-0.6313202408961363,-0.6168225434592868,-0.6191852756045623,-0.6108535571557784,1.078681070601593,0.8791830025798525,1.4782442991754023,493.6645128859491,25.7524059058415,467.9121069801076,20864.241666666665,20904.78333333333,20822.18333333333,20946.841666666664,20781.641666666663,20987.383333333328,20739.58333333333,20824.936936016536,20893.95,20962.963063983465,0.6606033228131993,0.6753291232352698,86.57943593789426,20893.95,20880.255,20227.925,20874.01871374913,20720.61804169257,20337.67689251725,76.90266021261932,77.77619784921954,263.51605651580127,4.274797363987134,57.717805667095526,0
1673680320,-0.6227222556300496,-0.6197682032991261,-0.6234071993033369,-0.6160451297480193,0.462397750108744,0.3271128710787451,1.5073438049619068,478.5320814036677,8.495979538848076,470.0361018648196,20919.616410467686,20969.533589532315,20868.232820935373,21020.91717906463,20818.315641870744,21070.834358129257,20766.93205233843,20827.891604350752,20889.855,20951.818395649247,0.5932391167793851,0.6613452570706713,85.9267705016344,20889.855,20902.82,20308.1525,20885.962475832755,20755.02385229392,20392.169569420374,76.87172312421644,77.0726082355916,252.1077667646724,1.0909293083609606,52.75555731393485,1
1673682780,-0.6198961658997888,-0.612510523332294,-0.6083138220802171,-0.6078097849699253,0.471215608534593,0.3363888673042743,1.53487895933224,462.8541697704932,-5.745545675461187,468.5997154459544,20908.016666666663,20960.83333333333,20857.033333333333,21011.816666666666,20804.216666666667,21064.63333333333,20753.233333333334,20825.09505612716,20892.795,20960.494943872844,0.6480697663748836,0.7769943212245883,86.20274469077516,20892.795,20906.0075,20388.2525,20900.741650555174,20786.89224278593,20443.42008661844,76.47967663911778,76.75135332531785,242.93578342433847,0.1525234557149641,57.21667668349011,1
1673685240,-0.6148541012320182,-0.6200077599728476,-0.6033530617341575,-0.6236359692826106,0.8727085723865055,0.6963351952433643,1.5750581586838468,443.6110290918514,-19.99094908328243,463.6019781751338,20936.800000000003,20995.400000000005,20871.700000000004,21060.500000000004,20813.1,21119.10000000001,20748.000000000004,20860.12065113281,20906.04,20951.9593488672,0.4392926529097976,0.5341359369997326,84.36234800144427,20906.04,20906.945,20468.171250000003,20903.552767036785,20809.12547137031,20487.77769741668,74.69236762597303,76.0145891297691,238.58322746545707,0.0448568885826658,52.72949620293767,1
1673687700,-0.6160818729729899,-0.721650769386062,-0.6397198937871585,-0.8148033856749747,3.171584839986049,2.676245516978318,1.67709482950866,400.6323743824687,-50.37568303413207,451.0080574166008,20919.725,21005.450000000004,20823.450000000004,21101.725,20737.725,21187.450000000004,20641.450000000004,20622.28163274013,20858.05,21093.818367259864,2.2606942380506814,0.0010462965528438,64.31476515300203,20858.05,20876.1225,20532.5575,20809.960178024525,20775.2435674848,20500.634583376992,66.01922167146913,72.39708864551999,265.29402028668846,-1.4725765610816424,-204.09483793281805,0
1673690160,-0.6675197818985494,-0.7965699009752027,-0.690710058862768,-0.8376475159724698,0.7426408946914749,0.5392277510593789,1.703942608809054,345.5541420673362,-84.36313227941167,429.9172743467479,20611.83644232089,20923.57288464179,20311.0385576791,21224.370769283585,19999.302115358205,21536.10721160448,19698.50423071641,20343.167138233755,20756.755,21170.342861766247,3.98509171367341,0.0828214124487091,54.10826454071454,20756.755,20825.3525,20582.215,20677.19845201636,20709.14019157848,20492.162242103,47.903656981917656,62.87174875978661,284.3019233720214,-2.426936751217476,-255.0268221087988,0
1673692620,-0.7307001583827176,-0.7501047787425732,-0.6979945179816883,-0.7925679547741202,1.6473415288303614,1.343719625074682,1.7573789774953852,308.90790145499705,-96.80749831340074,405.7153997683978,20471.89322116045,20707.486442320904,20176.08177883956,21003.2978846418,19940.488557679106,21238.89110580225,19644.67711535821,20274.141539509736,20683.305,21092.468460490265,3.956461121568963,0.3280577158192385,58.50637917161263,20683.305,20786.58,20632.94375,20632.332301344235,20678.86015674602,20496.965838093187,36.312732285461465,50.078536979616096,291.48035741687704,-1.8524557072095256,-152.29490631648258,1
1673695080,-0.7390566342697582,-0.6965594259310549,-0.6999295663436267,-0.7195437505162254,0.08799139243321125,-0.01708599978525338,1.768171725739021,288.711753950116,-93.60291665462546,382.3146706047414,20550.6,20739.0,20354.2,20935.4,20165.8,21123.8,19969.4,20304.70219478996,20635.94,20967.17780521004,3.2103001385935706,0.5868484802987932,62.91687823426394,20635.94,20764.3675,20679.805,20652.71320089616,20681.51740097401,20515.680996370025,39.05520533330516,41.09053153356144,284.867474744243,-1.0620063493277745,-71.03411544382598,0
1673697540,-0.7164608691461171,-0.6643079996725845,-0.6266088247749071,-0.7289409649016289,1.4402754433639864,1.1774103678176548,1.813861196029471,276.8476867716454,-84.37358706647683,361.2212738381222,20667.039971956776,20767.93502804321,20592.57994391355,20842.39505608644,20491.684887827112,20943.29011217288,20417.224859783888,20355.78877584132,20610.975,20866.16122415868,2.4762169102497933,0.8397028984844276,65.3087514457093,20610.975,20758.5075,20724.99375,20696.59213393077,20700.21423716056,20541.26852052526,55.32314821183965,43.56369527686877,293.8055122625114,-0.2811502210579701,-20.891030822306483,0
1673700000,-0.689036474380631,-0.636129036867384,-0.6252015168753156,-0.6690807576497794,-0.0049324080412301964,-0.09072164054633773,1.8305580855728825,270.7314211842822,-72.39188212307198,343.1233033073542,20758.05,20976.2,20566.2,21168.05,20348.05,21386.2,20156.2,20332.315681686217,20659.17,20986.02431831378,3.1642541139240428,0.8129528792145321,67.29372064163897,20659.17,20758.61,20776.555,20752.311422620514,20729.94801222228,20571.98104238,69.17821278759364,54.51885544424616,290.4494057460761,0.0049130686427657,22.906760466609985,1
1673702460,-0.6612340974218653,-0.6342658182939923,-0.6160540155279706,-0.6410322437455804,-0.15746555149688815,-0.22619960693239635,1.8427365567038134,263.2730202690036,-63.88022643068047,327.1532466996841,20841.576659655864,20976.073340344145,20729.253319311727,21088.39668068828,20594.756638623447,21222.89336137656,20482.43329827931,20506.523870388148,20750.635,20994.74612961185,2.352806356160673,0.7424408100282197,67.42643643222362,20750.635,20753.695,20816.975,20791.207615080344,20755.230191818224,20600.26856215333,76.61539765264179,67.03891955069169,283.5948060868,-0.2349634169369731,44.0362707036621,1
1673704920,-0.6464012534919275,-0.6443449435291021,-0.5386168983529467,-0.7170534237436855,1.7257704376326768,1.4574943040063508,1.8581988988179006,252.16375436365703,-59.99159386882161,312.1553482324787,20878.1049964946,20970.7950035054,20776.30999298919,21072.590007010807,20683.619985978385,21165.280014021613,20581.82498247298,20678.957752922004,20810.235,20941.512247078,1.2616604000675289,0.6156521814551651,65.86932956628657,20810.235,20746.77,20824.795,20807.67174338689,20770.751975124,20623.15727051968,74.29600277981051,73.36320440668199,308.11660565202885,-0.3311836287682599,43.588718726924185,1
1673707380,-0.6440246438690104,-0.6757002503784646,-0.6480350875461888,-0.6920609426345123,0.3972852931782858,0.26187857623948646,1.8822784217465809,233.53838928837283,-62.89356715528464,296.4319564436575,20871.233333333334,21169.36666666667,20542.466666666667,21498.13333333333,20244.33333333333,21796.26666666667,19915.566666666666,20729.98736090536,20821.99,20913.992639094635,0.8837064958213585,0.1209891331037733,61.13912090018511,20821.99,20728.965,20817.48625,20789.1978289246,20767.38797964691,20635.451816184475,65.55641341213129,72.15593794819453,303.6868481054552,-0.8506805922514388,-11.439006280287064,1
1673709840,-0.6585147693540438,-0.6686022748607819,-0.6543679730943507,-0.6951402454645831,0.3715815403389568,0.23829089098703773,1.8891260733480388,217.87990224319583,-62.84164336036935,280.7215456035652,20761.38333333333,20879.86666666667,20633.76666666667,21007.483333333334,20515.283333333336,21125.966666666667,20387.66666666667,20723.20144496062,20819.57,20915.93855503937,0.925749715670193,0.2544842299406499,61.80774266478397,20819.57,20715.2725,20811.10875,20783.5485526164,20768.27198334747,20648.480214643096,57.286154059008645,65.71285675031682,298.9020732407798,-0.6548560619919211,-8.907811556628312,1
1673712300,-0.6622106684753999,-0.6597475504024727,-0.6568307619186359,-0.6540709391146969,-0.4930011020169399,-0.5268553419964233,1.8806997309043882,205.1192083788156,-60.48186977979975,265.6010781586153,20759.18333333333,20884.06666666667,20647.36666666667,20995.88333333333,20522.483333333334,21120.76666666667,20410.666666666668,20720.1373572144,20806.26,20892.382642785604,0.8278531825095118,0.4474005923009367,62.67060998206588,20806.26,20732.715000000004,20804.41875,20788.099035077605,20773.53162273884,20662.64400372471,55.78499533049708,59.54252093387902,285.7662108664383,0.8457882123041116,21.481900669935584,1
1673714760,-0.6596310364186738,-0.649632935289775,-0.642089211670414,-0.6515645298344074,-0.2760704360319352,-0.3336019544624366,1.881934833720919,195.05747719300416,-56.434880772488896,251.49235796549303,20803.4,20857.8,20742.8,20918.4,20688.4,20972.8,20627.8,20732.251610575506,20797.6,20862.94838942449,0.6284224085903799,0.7150014732380585,63.68003283401424,20797.6,20774.1175,20799.735,20800.63269005173,20783.016782240866,20678.17314622712,58.32555082840448,57.13223340597008,276.0614815188356,2.028373467635564,42.16621117826536,0
1673717220,-0.6532836622301514,-0.6579286941760665,-0.6468036931340462,-0.6619840312710388,-0.27840954021231384,-0.33637945550204523,1.885806924470753,183.08680487143283,-54.72444247524817,237.811247346681,20829.2,20902.4,20752.5,20979.1,20679.3,21052.300000000003,20602.6,20739.20373079657,20789.945,20840.68626920344,0.4881327892251187,0.6219914301942921,62.194555431170656,20789.945,20800.09,20793.335,20801.196793367828,20786.52736728798,20689.99713230073,59.365812320570114,57.82545282649056,268.1713756960615,1.2643238927886549,36.329548471760354,1
1673719680,-0.6542580601181255,-0.6841823311220958,-0.6775637744026194,-0.6858665311275115,-0.06153238698137805,-0.1477446055556021,1.8726781300938862,165.72047407964783,-57.67261861362656,223.3930926932744,20807.24166666667,20887.583333333336,20721.983333333337,20972.841666666667,20641.64166666667,21053.18333333333,20556.38333333334,20718.97053195036,20785.165,20851.359468049646,0.636939548467817,0.0708478240402846,57.61409092304903,20785.165,20803.577500000003,20783.9725,20776.91452891189,20775.94966414471,20693.649786367325,56.98436581232058,58.2252429870984,259.36416526101016,0.1685313848930641,-5.29793639223779,0
1673722140,-0.6678727280058958,-0.6687176169629433,-0.6719945045367341,-0.6648843048668032,-0.45374716980002394,-0.4928437838751835,1.8717964752116558,153.7018904213619,-55.75296181753001,209.4548522388919,20731.206809868447,20802.213619736893,20657.34319013155,20876.07723947379,20586.336380263103,20947.08404934224,20512.472760526205,20718.854313345128,20785.1,20851.34568665487,0.6374343799632521,0.4005595634578052,59.50593623135072,20785.1,20802.335,20780.42125,20775.251352607927,20775.21790702749,20701.10456861805,55.124347134308834,57.158175089066525,248.13101059950952,-0.0597805560433481,16.505868104607114,1
1673724600,-0.6669473217101674,-0.6616373863840559,-0.6611582337098796,-0.6608024383246169,-0.4368780847710164,-0.4774986436075336,1.7594548373235273,144.12548567003614,-52.26349325508463,196.3889789251208,20770.541666666668,20822.283333333336,20720.18333333333,20872.64166666667,20668.441666666666,20924.38333333334,20618.08333333333,20718.43357775646,20784.035,20849.63642224354,0.6312674342931061,0.5597548020444946,60.37788695107481,20784.035,20795.1475,20776.87875,20780.79256840529,20778.24646938613,20709.749371606813,52.64152772456438,54.91674689039794,239.0859384138302,-0.3444970343298784,20.84089604996293,1
1673727060,-0.6629443278501927,-0.6571567893385187,-0.6617915222646955,-0.6493445673290079,-0.47425972666380556,-0.5102269938281142,1.7428536100021363,135.9872712845863,-48.32136611242757,184.30863739701388,20791.25833333333,20852.31666666667,20730.81666666667,20912.75833333333,20669.75833333333,20973.81666666667,20609.31666666667,20723.422033071027,20779.795,20836.167966928977,0.5425748129755377,0.719120984275355,60.95092635165367,20779.795,20788.6975,20771.19625,20788.695045603527,20783.019838588647,20718.7732409776,48.983666044775,52.249846967882746,228.27265709855664,-0.3090708706694139,22.57646124929972,1
1673729520,-0.6587024213843446,-0.6344698850901259,-0.6293882578766009,-0.6384781545522485,0.2097270611066983,0.10054266144330809,1.6454123113427577,133.16089509900848,-40.918193838404335,174.07908893741282,20805.533333333336,20848.866666666672,20761.16666666667,20893.233333333337,20717.833333333336,20936.56666666668,20673.46666666667,20701.59848836028,20793.015,20884.431511639723,0.8793002038398324,0.912452841655094,63.805330718568726,20793.015,20791.48,20769.125,20815.27169706902,20798.548049754347,20733.02578945592,47.04663883270249,49.55727753401396,222.64259931649283,0.1335134305154397,110.57363403661968,0
1673731980,-0.6452374539272738,-0.6285874378798462,-0.6385709419214352,-0.6248939805264315,-0.6795522556993917,-0.6914344295524668,1.635425748012042,130.75121694678455,-34.662297592502625,165.41351453928718,20867.657717283448,20942.76728271656,20793.31543456689,21017.10956543311,20718.205869133784,21092.219130866222,20643.863586417232,20735.71969097161,20824.345,20912.97030902839,0.8511701955417075,0.8421990888661885,64.5293357211666,20824.345,20804.755,20766.86,20838.51446471268,20814.26658616265,20747.49952379345,46.53552055460424,47.52194181069392,212.84051537065983,0.6396896722042188,104.8213733673504,0
1673734440,-0.6355636008476988,-0.6116676387395705,-0.6065195045082384,-0.6151344839548951,-0.396591146853197,-0.4380750338918463,1.6271244995174574,131.1763840133135,-27.38970442077894,158.56608843409245,20877.128858641725,20923.77114135828,20838.35771728345,20962.54228271656,20791.715434566893,21009.184565433112,20752.944293208617,20752.04414361108,20856.495000000003,20960.945856388927,1.0016146662123704,0.8646691019762389,66.59890292675614,20856.495000000003,20820.7975,20768.035,20869.90130980845,20835.79538867853,20765.13528343217,52.293119609715696,48.625092999007485,208.2988151325709,0.7723043964905066,156.8661154846139,0
1673736900,-0.6222663555259612,-0.5869489389992403,-0.5854098860143654,-0.6017195169235705,0.3142761985710336,0.2011455048590043,1.6066145498444981,135.5707299028909,-18.396286824961265,153.96701672785215,20932.4727626542,21007.20223734581,20857.945525308394,21081.72947469161,20783.216050616786,21156.458949383225,20708.68881327098,20766.311704885746,20898.585,21030.858295114253,1.2658588618727384,0.8921426464442211,69.40720885253603,20898.585,20841.31,20787.0125,20914.042539872305,20866.07349982789,20787.72478024815,58.52608071462762,52.451573626315856,205.69110376729512,0.9863106572038544,188.30537052241024,0
1673739360,-0.6032577705543862,-0.5985186390930637,-0.5935019064370167,-0.6035846950402948,0.24990576758868704,0.1410599559024038,1.6291434959343722,134.86805810808437,-15.279166895814228,150.1472250038986,20988.17804799376,21081.146952006235,20909.356095987525,21159.968904012472,20816.387191975053,21252.937808024944,20737.56523996881,20831.1538018216,20931.63,21032.1061981784,0.9600417949141646,0.6895722603494777,66.58529858968865,20931.63,20855.7125,20814.915,20932.60335991487,20884.919227131904,20805.05813451023,67.78151894552087,59.533573089954736,201.99888206963115,0.6915733924909983,135.3963848725967,1
1673741820,-0.5995386147710985,-0.6526939372317756,-0.623320637203388,-0.7003678991063291,1.0894739663580333,0.8730251879625128,1.6626808183557518,120.60336586875565,-23.63508730811435,144.23845317687,20967.908333333333,21045.816666666666,20891.816666666666,21121.908333333333,20813.908333333333,21199.816666666666,20737.816666666666,20791.06819058596,20921.36,21051.65180941404,1.2455386209504244,0.0998021653509971,55.25645609783965,20921.36,20857.1875,20828.63875,20894.09390660992,20872.58391310792,20806.20259789021,63.370930116409454,63.22617659218599,212.5721762075145,0.0709055357994839,-41.13332546542565,0
1673744280,-0.6247680282179903,-0.6829401854065014,-0.6483304399595528,-0.6900200093634206,-0.35777425334082774,-0.4094404502672009,1.659294646980501,101.25435211009244,-34.387280853422055,135.6416329635145,20798.673678665105,20977.64735733021,20638.10132133489,21138.219714660423,20459.127642669788,21317.193393325528,20298.55528533957,20688.50052539162,20890.73,21092.95947460838,1.9360690086787675,0.1071789230831088,50.128473405361376,20890.73,20857.5375,20830.557500000003,20840.012604406613,20846.99592890648,20799.12139809113,48.905863602641205,60.01943755485718,214.49991490681083,0.0168850873320838,-85.32268479873281,0
1673746740,-0.6525066084221244,-0.6783087563812125,-0.6758275683054723,-0.6663165387412543,-0.568708839657255,-0.5949486226141936,1.6209910316518636,85.98199828652287,-39.72770774159332,125.7097060281162,20756.20350599922,20863.80701199844,20624.246494000778,20995.76402399688,20516.64298800156,21103.367529996103,20384.685976003115,20627.65149124675,20853.175,21078.69850875325,2.1629656755218254,0.2599474205625628,50.880180195160975,20853.175,20854.835,20828.585,20808.308402937742,20828.43303274166,20793.95745541579,32.396229227215066,48.22434098208858,205.9788680562408,-0.1301034930561392,-78.48625995214852,0
1673749200,-0.664060069261383,-0.6882104322283802,-0.686911968272405,-0.6822859464413837,-0.6422724464653379,-0.6606966392314497,1.6165665040729638,70.81098605111765,-43.918975981598834,114.72996203271649,20756.56841966628,20798.336839332555,20703.131580333724,20851.773678665108,20661.363160667446,20893.542098331385,20607.926321334893,20609.36546165852,20796.11,20982.854538341475,1.795956439367535,0.2881865764252292,49.17367789607817,20796.11,20847.3475,20821.2475,20777.872268625164,20808.172481334084,20786.62817394762,24.938520008942405,35.41353761293289,199.0018060522236,-0.3601166320978747,-97.66244965532826,0
1673751660,-0.6747878829325344,-0.7110481684565235,-0.6979148943479242,-0.7283680713518489,-0.04112297512670256,-0.13346319317291871,1.634300262952401,52.984569216525415,-49.39631425295286,102.38088346947828,20721.9,20773.599999999995,20665.3,20830.2,20613.6,20881.9,20557.0,20627.155640515644,20732.695,20838.234359484355,1.018095905856478,0.1207812877059211,45.3921442657182,20732.695,20832.1625,20810.43,20736.131512416778,20779.895666546065,20773.868347857373,23.6313954488464,26.98871489500129,199.4821281020438,-0.7298901679924946,-140.66272204652634,0
1673754120,-0.6915712237192085,-0.6959028631956685,-0.7008091337808714,-0.6840046270907248,-0.496574143954198,-0.5320568765435314,1.6346380824216606,41.81846407015109,-48.44993551946175,90.26839958961284,20647.125438249903,20752.75087649981,20547.0245617501,20852.85175299961,20441.3991235002,20958.47719124952,20341.29824700039,20643.629527349585,20708.345,20773.06047265041,0.6250182972170135,0.3994058185255805,48.23516341055602,20708.345,20814.8525,20803.16625,20722.529341611185,20764.51918171951,20766.38802901381,24.058714977960307,24.209543478583043,191.40126180904053,-0.8294828191394346,-92.74906865456693,1
1673756580,-0.6923898662358847,-0.6914222661501314,-0.6967279408720565,-0.679314061151898,-0.4609449450560575,-0.5005962903538861,1.6337708085754257,33.60064990623505,-45.33419974670224,78.93484965293729,20699.908333333336,20734.41666666667,20660.81666666668,20773.50833333333,20626.30833333333,20808.01666666667,20587.216666666674,20643.109763664623,20703.565,20764.02023633538,0.5840079844739392,0.5362665028358551,49.07977591568126,20703.565,20797.1475,20800.95125,20717.669561074123,20754.233875952323,20760.82250244107,27.36600063431669,25.01870368704114,182.87974310839468,-0.8477376107253976,-76.3385653806251,1
1673759040,-0.6905587779583622,-0.6857971205523684,-0.6866656893899762,-0.6801734014765691,-0.6531672755838409,-0.6699473113033845,1.6248927134676654,28.0436655908452,-40.71294724967368,68.75661284051887,20712.35,20746.200000000004,20674.10000000001,20784.45,20640.250000000004,20818.300000000003,20602.000000000007,20648.9039413239,20699.345,20749.7860586761,0.4873686454919275,0.7424116448172918,50.17883019985268,20699.345,20776.26,20798.52875,20719.71304071608,20748.70044396099,20757.296549827635,31.87916270218842,27.767959438155145,177.18119002922376,-0.9978418907282516,-59.10879387424159,1
1673761500,-0.6868305216498308,-0.6757712301336417,-0.6903950553238946,-0.6668552754209174,-0.8241859744797192,-0.8212246240696027,1.6185592371128033,25.62387827148268,-34.50618765522895,60.13006592671163,20726.36666666667,20776.63333333334,20673.533333333336,20829.46666666667,20623.266666666663,20879.73333333334,20570.43333333333,20640.62346722945,20706.355000000003,20772.086532770554,0.6348923581243631,0.8475881215147042,52.16075434788718,20706.355000000003,20751.2325,20796.27125,20730.492027144053,20749.309454149898,20756.79687841548,35.47732318426889,31.574162173591336,168.47571969343252,-1.1916537811885182,-40.5648415863345,0
1673763960,-0.6799531998806684,-0.6844928675509945,-0.6857157565577516,-0.6819636938196331,-0.6398496387908774,-0.6583957470356623,1.6090894543625098,21.47562463641225,-30.92355303223951,52.39917766865176,20744.64846489062,20776.001535109383,20720.69692978124,20799.95307021877,20689.343859562472,20831.306140437533,20665.39232445309,20682.92349755034,20721.32,20759.71650244966,0.3705990009291016,0.5801505294403861,50.28668410171128,20721.32,20727.0075,20791.36,20729.48635142937,20745.33955339537,20754.004318566385,36.71582619727224,34.69077069457652,164.3560254296161,-1.1552368950951908,-47.680686671778325,1
1673766420,-0.6808755737955944,-0.6928329887842716,-0.703131191815197,-0.6822501405945229,-0.7395720435819902,-0.746825370744659,1.6040640078040882,16.106188031884813,-29.034391709413555,45.14057974129837,20726.825,20782.550000000003,20671.75,20837.625000000004,20616.025,20893.35000000001,20560.95,20688.9559095976,20723.05,20757.1440904024,0.3290451010097371,0.2202594382946429,48.49246577185303,20723.05,20715.6975,20786.4425,20720.98256761958,20737.81872550529,20749.239621560064,35.458293688550334,35.88381435669715,157.0520236132151,-0.5433039944372693,-60.53661387016422,1
1673768880,-0.6855070280079225,-0.6966747680332163,-0.6984870757465459,-0.6910583789223969,-0.4576831132827997,-0.4981647007903467,1.606076980715343,10.8522854154362,-27.430635460689736,38.282920876125935,20702.225,20734.15,20672.05,20764.325,20640.125,20796.25,20609.95,20679.34493158225,20720.09,20760.835068417746,0.3932904578864826,0.1694078443581418,47.64908903384503,20720.09,20711.827500000003,20784.6825,20711.70504507972,20729.69713904979,20743.897752840057,31.72216936251178,34.63209641611146,152.96973621227102,-0.18666930351125,-64.43928356001173,1
1673771340,-0.6897437399240407,-0.7190777532609021,-0.7127405673345096,-0.71633730680646,-0.3332145295364311,-0.39001581574966904,1.5888571704589212,1.5766946428229858,-29.36498098664236,30.941675629465347,20694.81666666667,20743.93333333333,20644.03333333334,20794.716666666667,20594.91666666667,20843.833333333336,20544.133333333342,20619.2892042493,20701.335,20783.38079575069,0.7926618814747817,0.0654256299940246,42.9572608408353,20701.335,20700.34,20777.5875,20684.478363386483,20711.574931949825,20733.052728760053,25.797772949398347,30.992745333486823,151.32812735189432,-0.5537505603786954,-131.9115114595467,0
1673773800,-0.703064143561406,-0.7248892207160047,-0.725945022852442,-0.7169818120499627,-0.5518362973076897,-0.5825688465402196,1.5047009617213216,-7.014741941333341,-30.36513405663895,23.35039211530561,20636.737404055664,20698.37480811133,20568.38759594433,20766.724616222666,20506.750191888663,20828.362020278328,20438.40038377733,20585.563562275533,20673.655,20761.746437724465,0.8522096138729822,0.159416388527555,41.80724544758985,20673.655,20690.005,20768.67625,20660.868908924323,20693.77039886804,20721.68104030672,21.24880157277615,26.256247961562096,147.25155440415134,-0.4988656658782572,-163.8266273311351,1
1673776260,-0.7126302230949132,-0.6978104441160458,-0.6948280752076074,-0.6958563624018087,-0.25730649420696133,-0.32052250543274075,1.4317629815082775,-7.579374684570212,-24.74381343990066,17.164438755330448,20618.16870202783,20663.03740405566,20568.781297972168,20712.42480811132,20523.912595944337,20757.293510139152,20474.525191888675,20592.46181234172,20666.15,20739.83818765829,0.7131293217003493,0.6614912834494328,48.69887429570185,20666.15,20693.735,20762.94875,20670.562605949548,20693.075780892028,20718.65903646798,25.903683125300805,24.31675254915844,146.9014433752833,0.180606362863842,-20.316972355356388,0
1673778720,-0.7038732036469231,-0.6915730981298819,-0.7002813933185246,-0.6840488378155734,-0.5415506906084727,-0.5718573228175566,1.3797281748793355,-6.5333818231847545,-18.95825646281216,12.424874639627408,20692.75,20753.2,20629.5,20816.45,20569.05,20876.9,20505.8,20591.674492085487,20666.86,20742.04550791452,0.7275948829625152,0.7704311051954142,50.16294095421918,20666.86,20694.955,20754.90375,20682.883403966367,20695.70291163893,20717.59865204246,40.642395762172505,29.26496015341649,141.78158838270045,0.0589505117701738,12.562068962009745,1
1673781180,-0.6963758663908316,-0.6931346527437725,-0.7045033170172992,-0.6770582927996377,-0.6788356325398238,-0.6931861988711818,1.349197687411058,-5.9904144038810045,-14.73223123480673,8.741816830925725,20704.433842173625,20743.591157826373,20668.36768434725,20779.65731565275,20629.2103686945,20818.814631305497,20593.14421086813,20590.521549926845,20668.855,20747.18845007316,0.7579853849974213,0.7187443548573197,49.77991331154612,20668.855,20694.4725,20745.81,20689.630602644247,20697.05238225004,20716.2202089908,57.29587513978466,41.28065134241933,134.77576064107905,-0.0233002301048666,25.512117500476982,1
1673783640,-0.6934080137594435,-0.6969675595233209,-0.7004924895034629,-0.6880506877860503,-0.2762842173835143,-0.3376649158031785,1.3503286767141682,-6.358284210367856,-12.080080833034865,5.721796622667009,20705.475,20726.150000000005,20682.450000000004,20749.175000000003,20661.775,20769.85000000001,20638.750000000004,20612.397798951464,20681.315,20750.23220104854,0.6664682690490243,0.5798784616357541,48.7950440033444,20681.315,20691.325,20733.792500000003,20690.528735096166,20696.192858204573,20713.9444748012,63.93464506568705,53.95763865588142,131.2774920238593,-0.1518785164882818,5.392116734189805,1
1673786100,-0.6938406357991775,-0.696035950236625,-0.7039052111599725,-0.6856158901994823,-0.6199662692621406,-0.6413054099385769,1.3470980351896376,-6.3646405065046565,-9.669149703337332,3.304509196832676,20695.441666666666,20736.783333333333,20650.98333333333,20781.24166666667,20609.641666666663,20822.583333333336,20565.183333333327,20684.23637187089,20697.575000000004,20710.91362812912,0.128890733615987,0.4016015749672574,49.05884926565525,20697.575000000004,20685.615,20718.42375,20692.00249006411,20695.96688398556,20712.135477201085,62.76274521690424,61.33108847412532,126.85052830786933,-0.2751535390479425,-4.649502149142127,1
1673788560,-0.6935911190937641,-0.6806777057102401,-0.6705520139396534,-0.6748025244473774,0.4020909138585679,0.26430421094024936,1.3398491108574822,-2.8449522427181364,-4.9195691516406495,2.074616908922513,20695.35,20729.800000000003,20660.500000000004,20764.65,20626.050000000003,20799.1,20591.200000000004,20674.35952083757,20707.23,20740.10047916243,0.3174782833090621,0.9714716789925256,53.32780936018983,20707.23,20686.69,20706.84875,20707.40999337608,20703.650177806365,20714.620193658124,62.19365744305095,62.96368257521408,127.35406200016448,0.0518635289633686,140.04118945833866,1
1673791020,-0.6857868579557658,-0.6859923148791044,-0.693350401913036,-0.678705361755256,-0.3160010310024306,-0.37249555025186215,1.1262269559379872,-1.249527509062318,-2.6593155343878654,1.4097880253255473,20751.441666666666,20811.783333333333,20677.88333333333,20885.341666666667,20617.541666666664,20945.68333333333,20543.98333333333,20675.07419263858,20710.375,20745.67580736142,0.340899740940647,0.6823612682308171,51.71283320655812,20710.375,20688.6175,20702.1575,20712.68999558405,20707.21378184157,20715.4420799764,61.13889279330709,62.03176515108743,123.97162900015272,0.0930980645021135,53.99771336135567,1
1673793480,-0.6845421636481126,-0.656562333888913,-0.6466277796465972,-0.6645466583798575,0.6760595962365026,0.5104721465884368,1.088786376245604,6.6297884789491945,4.176000362898918,2.453788116050277,20721.216666666667,20762.233333333334,20682.233333333334,20801.216666666667,20641.216666666667,20842.233333333334,20602.233333333334,20648.237670131475,20730.985,20813.73232986853,0.7982961723094721,0.9543349019204952,59.09943965327,20730.985,20699.92,20705.87375,20743.8516637227,20725.206730597645,20724.08331045484,65.98035040382454,63.1043002133942,127.49201317143547,0.5461952385209492,214.6746004961961,0
1673795940,-0.6692040968300322,-0.6255353084072433,-0.6119024572241758,-0.6490728022758088,1.1144466252796426,0.90841800467088,1.091216845656942,19.70156267491984,13.798219647095651,5.903343027824191,20806.30599753396,20892.86900246603,20719.61199506792,20979.56300493207,20633.04899013585,21066.126009864143,20546.35498766981,20628.67599823106,20771.24,20913.80400176894,1.3727057389827493,0.9291405911792208,65.15184338622602,20771.24,20726.2775,20713.308750000004,20793.767775815133,20755.8236886708,20740.227757078188,69.65671821551577,65.59198713754914,134.72408392340833,1.2776281172708084,254.06136586088408,0
1673798400,-0.6460207819419782,-0.6232817011803782,-0.6241812186481125,-0.6256842434145498,-0.04448057063310486,-0.12532633479250602,1.0294852385744777,30.225014678318985,19.45733732039584,10.76767735792315,20882.75299876698,21002.54700123301,20773.80599753396,21111.494002466035,20654.011995067925,21231.28800493207,20545.064993834905,20663.252166267244,20812.24,20961.22783373275,1.431732804664502,0.7943528937984703,65.5505956097417,20812.24,20754.9075,20722.45625,20829.161850543423,20782.028472548835,20755.439399261217,75.82216253765611,70.48641038566548,134.28097091813123,1.388885520031626,184.49162238305792,1
1673800860,-0.6333022650482285,-0.6229090574657001,-0.6320973255833149,-0.6151499835764873,-0.43336308114405453,-0.4720515347697461,0.9548518722397846,38.20920055359238,21.953218556535383,16.255981997057,20895.009832716823,20961.740167283177,20833.219665433648,21023.530334566352,20766.48933086729,21090.260669132706,20704.69916358412,20703.805084047188,20844.795,20985.784915952816,1.3527589592779783,0.6993227658168425,65.6206477252554,20844.795,20776.0125,20734.87375,20853.107900362284,20803.65965935813,20769.30231361729,77.64898024219231,74.3759536651214,130.16090156683603,1.0200604641383826,139.15171203006685,1
1673803320,-0.6267566755112458,-0.612013665046057,-0.5925167909073029,-0.610244582556492,0.6001817980432711,0.45333069619043387,0.9267410673876336,46.47818720170108,24.17776416371526,22.300423037985816,20897.666666666668,20937.63333333333,20861.033333333336,20974.266666666663,20821.06666666667,21014.233333333334,20784.43333333333,20801.931078740334,20886.485,20971.038921259667,0.8096519951506136,0.7673737617747138,67.68944401439943,20886.485,20798.43,20746.6925,20879.30526690819,20826.939721293023,20784.76875993945,77.36168710287704,76.94427662757516,133.39226574063332,1.0825774688186989,140.67727533180386,1
1673805780,-0.6180359145842663,-0.6528891315585116,-0.6416569263455346,-0.6817488587384646,0.19466486007162398,0.08174139198627091,0.9394517006641244,43.2393227556131,16.75111977410183,26.48820298151127,20949.966666666664,21028.53333333333,20853.133333333328,21125.36666666666,20774.566666666666,21203.933333333323,20677.73333333333,20811.82175817883,20888.555,20965.28824182117,0.7346917182272296,0.0306467034986753,54.45115977374728,20888.555,20809.77,20752.12125,20858.37851127213,20825.04613560338,20787.79316375474,68.46043794667425,74.4903684305812,142.43567533058808,0.5477433962264221,20.372183200421283,0
1673808240,-0.634114280124158,-0.6439368099368349,-0.6427928656202098,-0.6441885253809847,-0.4619088466796876,-0.498605478781728,0.9368354770127726,42.22124579351657,12.586434249604238,29.63481154391233,20798.4512290896,20925.202458179203,20689.7737709104,21033.879916358408,20563.0225418208,21160.63114544801,20454.34508364159,20793.39085161472,20878.185,20962.97914838528,0.8122750936949836,0.2851561652907511,56.459608379449314,20878.185,20824.7125,20758.01875,20852.83567418142,20828.08320185732,20792.931910063813,59.196631353152846,68.33958546756806,141.35455566411773,0.7221276487779854,44.260884938425775,1
1673810700,-0.6376770802769091,-0.6371671157868448,-0.6489850203784133,-0.6193034618123964,-0.6862947801823711,-0.6977116998645079,0.9313790148541222,42.46410577142888,10.263435382013228,32.20067038941565,20840.75,20904.9,20777.6,20968.050000000003,20713.45,21032.200000000004,20650.3,20787.85394809844,20870.36,20952.86605190157,0.7906528866925903,0.4422163600109275,57.96889681289493,20870.36,20841.3,20763.4575,20855.498782787618,20834.036256065072,20799.397918629165,51.51340068992348,59.72348999658353,134.4399445452521,0.8015240433052507,55.90008255269637,0
1673813160,-0.6360734655495989,-0.6328639681292497,-0.6446927312846589,-0.6213802009303503,-0.63979191761054,-0.6563047869920643,0.9252680280509806,43.13769571684316,8.749620261942006,34.38807545490115,20864.40833333333,20882.71666666666,20842.51666666666,20904.60833333333,20824.20833333333,20922.91666666666,20802.31666666666,20787.706642074845,20864.75,20941.793357925155,0.7385025741995935,0.5532167874092843,58.943140331307866,20864.75,20854.7725,20770.73125,20861.315855191744,20841.111482235057,20806.402878759724,52.96743012736803,54.55915405681478,128.9942342205913,0.6496457628365118,52.774160733360375,0
1673815620,-0.6331199777406141,-0.6244706120795908,-0.6353341337523757,-0.612669227232517,-0.4724276997643318,-0.5066736930686717,0.8982641560387581,45.06044914169252,8.537898949433092,36.52255019225942,20870.58333333333,20900.866666666665,20842.666666666664,20928.783333333333,20812.38333333333,20959.066666666666,20784.466666666664,20803.28504247056,20857.73,20912.17495752944,0.5220602388605283,0.8569660237036586,60.84934634216899,20857.73,20872.1075,20780.3625,20873.077236794496,20851.200303646863,20814.99308078261,56.707834649011374,53.7295551554343,124.09976352952776,0.8365000663505895,66.33549205226446,1
1673818080,-0.6274463478540938,-0.6263427031223788,-0.6338564604578043,-0.6120348748995559,-0.5345807738425817,-0.5621214384423656,0.8979541154429644,45.63257277493176,7.288018066137866,38.34455470879389,20895.44278515143,20926.257214848563,20865.78557030286,20955.91442969713,20834.97114060573,20986.728859394265,20805.31392575716,20832.51955563621,20872.69,20912.860444363792,0.3849091263635881,0.7319491394125098,60.17822739553043,20872.69,20880.6225,20790.27125,20879.159824529663,20858.4957029838,20822.262787374744,59.06420103751034,56.24648860462992,119.72835184884704,0.4092535028663435,60.16929225503132,0
1673820540,-0.6255456248159148,-0.6436440184467302,-0.6491012679290137,-0.6530683754025813,0.0879847110026149,-0.011020157619037343,0.9166736516627106,41.67189957846495,2.6618758957368414,39.0100236827281,20895.675,20924.95,20862.05,20958.575,20832.775,20987.849999999995,20799.15,20833.19066589007,20872.855000000003,20912.519334109937,0.3800566248357822,0.1182968820795197,54.22589530648352,20872.855000000003,20875.52,20800.89875,20866.964883019777,20855.601029714013,20824.197283815243,55.67251911814159,57.14818493488777,121.14239814535806,-0.2442135390741558,-30.31415430368112,0
1673823000,-0.633246349623415,-0.629217383207041,-0.6276643056996007,-0.6157944888199901,-0.44266588419436503,-0.4802170118752748,0.9080239956345433,41.336649643017154,1.8613007682312384,39.47534887478592,20826.781529621192,20901.763059242385,20767.593470378808,20960.95111848477,20692.61194075761,21035.93264810596,20633.42388151523,20839.08280267246,20877.335,20915.58719732754,0.3664471286928122,0.576989041303503,57.95995729920328,20877.335,20873.8475,20814.3775,20872.384922013185,20860.62356976601,20829.81897107093,53.8857375789018,56.20748591151792,119.94115542068968,-0.0800241148902374,53.75054362260847,1
1673825460,-0.629883036967148,-0.6307611928821365,-0.6400134325185173,-0.6270017188875712,-0.23651228553009015,-0.29735779670051493,0.9178703203252331,40.25590795977041,0.6244472679875983,39.63146069178281,20895.341666666667,20934.783333333333,20843.783333333333,20986.341666666667,20804.341666666667,21025.783333333333,20752.783333333333,20840.518310558804,20878.52,20916.5216894412,0.3640266593723741,0.5046708449705755,57.42014922969642,20878.52,20871.635,20823.823750000003,20874.54828134213,20863.942011626736,20834.490973826083,52.392695281258256,53.98365065943389,117.60250146206904,-0.1058561791301851,2.104111280147368,0
1673827920,-0.6289733237266188,-0.6338931745793143,-0.6348063932900289,-0.6444033604621519,0.22053578888012423,0.10762386435092332,0.9393245046452802,38.246427632897394,-1.1080264471083368,39.35445408000573,20871.75833333333,20918.916666666664,20831.716666666664,20958.95833333333,20784.55833333333,21006.116666666665,20744.516666666663,20839.6357896536,20873.21,20906.784210346403,0.3216966661706902,0.4529400696636436,56.27506492796566,20873.21,20865.47,20831.95,20873.048854228087,20865.05255496733,20837.87754774741,54.83426641784394,53.704233092668005,119.9594656433497,-0.2945293502200082,-41.30943286203132,1
1673830380,-0.6300845355541919,-0.5735337652708203,-0.4985086232145879,-0.6097433007004349,3.3920393788137484,2.976469265964077,1.0438034414130286,49.80342820149963,8.359179297195112,41.44424890430452,20857.55,20939.1,20788.5,21008.15,20706.95,21089.7,20637.9,20762.93226079949,20902.97,21043.007739200504,1.3398836548156232,0.9897072774204936,69.07469846846297,20902.97,20887.83,20848.8,20928.740902818725,20896.88390860963,20857.139209866706,55.15714604740335,54.12803591550185,143.10164666882477,1.0741466214942146,304.5119846594059,1
1673832840,-0.6004589413245002,-0.5381059949681868,-0.5346060708391104,-0.5797190397215141,-0.09228532801535926,-0.1583372908745678,1.0468212124996785,66.25374570451459,19.84759744016805,46.40614826434653,21075.641666666663,21278.483333333334,20837.283333333333,21516.841666666667,20634.441666666666,21719.68333333333,20396.08333333333,20744.566507714964,20962.445,21180.323492285035,2.078750759131728,0.9073486054965524,73.90345115424822,20962.445,20917.65,20871.18125,20999.143935212487,20941.07774340788,20884.073570831777,61.04719022528821,57.01286756351184,151.07631791376687,1.4307819640865125,222.2593949023777,0
1673835300,-0.5679313812855189,-0.5028645465228928,-0.458752175051127,-0.5469035102660234,1.5689164688301183,1.355765316930396,1.1013942892185873,86.30851017890382,31.921889531645824,54.38662064725799,21102.66765196733,21248.682348032675,20993.93530393466,21357.414696065345,20847.92060786932,21503.42939213069,20739.188259836646,20744.74415201417,21033.65,21322.55584798584,2.747082394028922,0.8558252652782595,77.64307339466745,21033.65,20955.4925,20898.39625,21079.17929014166,20995.29088097008,20917.899897419225,68.46822200769516,61.55751942679558,167.33504678056994,1.814046184654726,220.7786368794492,0
1673837760,-0.5340460038869467,-0.5314871327979485,-0.5266195985089294,-0.5435382898539313,0.7113755594119386,0.5649501525268122,1.1349342988375162,94.60374148871416,32.173696673164926,62.43004481554922,21238.183825983662,21428.06617401633,21049.367651967324,21616.882348032672,20859.485303934653,21806.764696065344,20670.669129918315,20836.073840329995,21089.595,21343.11615967,2.4042297604103147,0.6360931767782653,68.99530584906587,21089.595,20984.057500000003,20919.415,21105.65286009444,21024.98344806643,20940.82371671263,70.8362831489621,66.7838984606485,168.35040058195776,1.368517626880713,121.61172726994664,1
1673840220,-0.5314153174900054,-0.5519115573500799,-0.5557903225693941,-0.5519526638663316,-0.33064060989091143,-0.37522411433344993,1.138781738498636,95.43386583128084,26.403056812585305,69.03080901869555,21150.13333333333,21242.56666666667,21066.16666666667,21326.533333333333,20973.733333333337,21418.966666666667,20889.76666666668,21004.34087720261,21135.795,21267.249122797395,1.24390043333968,0.3678436276450827,63.555538435331314,21135.795,21004.5025,20938.305,21104.11857339629,21038.81373023617,20956.08336274,63.77739781844935,67.69396765836888,165.2110862546749,0.9783888288046896,72.99597747604668,0
1673842680,-0.540312692611436,-0.5440505494642459,-0.550790111684413,-0.5490165844237065,-0.48200706061084153,-0.5107799110237492,1.1378008617617705,96.76363429533012,22.186260221307663,74.57737407402246,21095.47928982925,21156.7585796585,21039.77071017076,21212.467159316995,20978.491420341503,21273.746449146245,20922.78284068301,21057.643647319124,21152.41,21247.176352680875,0.8960336215199646,0.3458841182884635,64.70883209327589,21152.41,21027.69,20954.15625,21110.47904893086,21054.15668837505,20971.99923295524,57.06526335799941,63.89298144180362,162.19600866505527,1.109910453262299,68.01220172846426,1
1673845140,-0.5408306814617101,-0.5308926773483416,-0.5444924088337416,-0.5201928777003777,-0.6137686013089498,-0.6286429953479785,1.1299884880239863,99.66030606294224,20.066345591135843,79.59396047180641,21110.33333333333,21178.266666666663,21055.266666666663,21233.33333333333,20987.33333333333,21301.266666666663,20932.266666666663,21062.45452350452,21156.475,21250.49547649548,0.888810413790385,0.5202083638673413,66.61330130377544,21156.475,21059.46,20967.49,21127.07769928724,21073.450926852307,20989.93025838807,55.742742890995366,58.86180135581471,154.92486518897974,1.5242838276940385,78.45941262162525,0
1673847600,-0.534510413824114,-0.5246287139539874,-0.5346412535366009,-0.5131866639717916,-0.27713180110479996,-0.3239357434298193,1.1246308010164912,102.20202546990186,18.08645199847635,84.1155734714255,21155.491666666665,21188.08333333333,21127.68333333333,21215.891666666663,21095.091666666667,21248.483333333326,21067.283333333333,21088.30963684881,21144.21,21200.110363151183,0.5287533859263045,0.8015633360808136,67.51213094174018,21144.21,21088.93,20981.38875,21144.02679952483,21092.44621287916,21007.83451949397,59.53791469194323,57.448640313646,148.77542955505473,1.411180504926805,78.45527198956121,1
1673850060,-0.5282181431096387,-0.5311765963690499,-0.5181757511113801,-0.5273182412257725,0.06018457749221233,-0.020336825583117106,1.1062657961267652,101.55691075489813,13.95306982677809,87.60384092812004,21177.23074456199,21211.99425543801,21143.161489123984,21246.06351087602,21108.39797824796,21280.827021752044,21074.328722809954,21088.300362170787,21144.385,21200.469637829217,0.5304920226264831,0.6345288173737291,65.52623953824481,21144.385,21116.99,20994.3125,21149.17619968322,21104.633265082943,21022.276470018354,61.32874210110583,58.86979989468148,149.22718458683642,1.3439421424765392,68.59788184927051,0
1673852520,-0.5283461111929254,-0.5521156241462136,-0.5527478323319762,-0.5391341706899943,-0.2775245406079728,-0.32704795572741385,1.0721843167708318,95.18758257927038,6.066993320920275,89.12058925835011,21173.525,21244.05,21088.95,21328.625,21018.425,21399.15,20933.85,21087.82917789016,21144.27,21200.710822109835,0.5338639935059318,0.1120272671190925,59.49893423210669,21144.27,21140.0325,21002.75125,21132.942466455483,21103.877216886045,21029.723949064224,58.37653041074234,59.747729067930464,144.98492557502607,1.1040941444797654,29.638999874170896,0
1673854980,-0.5388801279170033,-0.6172750393985396,-0.563190155180817,-0.6909509613818133,1.7426162578411315,1.4603506934198467,1.1070696225065946,74.46645557467127,-11.723306946943069,86.18976252161434,21110.10351947383,21150.207038947658,21060.37148052617,21199.93907789532,21020.267961052337,21240.04259736915,20970.535922104675,20909.650407604506,21103.005,21296.35959239549,1.8324839746329176,0.0186822363668428,45.47953730780733,21103.005,21127.7075,21007.76875,21060.91997763699,21069.876813815856,21018.97643010573,48.900586576329886,56.20195302939268,169.211379406149,-0.5857854931945509,-105.85666365372714,0
1673857440,-0.5767284583213327,-0.6683715906564568,-0.6007090329008636,-0.6645262463981904,0.3757052683206578,0.24214306906528277,1.1200183141343503,45.89814859870239,-32.23329113832956,78.13143973703195,20897.676759736914,21149.35351947383,20665.19824026308,21381.83203894766,20413.521480526168,21633.508798684576,20181.04296105233,20712.59540235952,21025.53,21338.464597640486,2.976710671649978,0.0963533564124539,37.93171426802621,21025.53,21091.0025,21004.32625,20964.91331842466,21015.8810294857,20995.54057961947,34.190584272907294,47.15590041999317,178.8187908489508,-1.73628603662733,-133.26838219696157,0
1673859900,-0.6212021651413543,-0.6681142890439413,-0.6447956161163475,-0.6635594885329356,-0.3862942933989632,-0.4327133892060421,1.1002788481328134,23.050350841480395,-44.06487111644125,67.11522195792165,20838.738379868457,20957.676759736914,20653.96162013154,21142.45351947383,20535.023240263083,21261.39189934229,20350.24648052617,20622.24137471931,20944.67,21267.09862528069,3.078860877547293,0.234755250326956,37.98752533652732,20944.67,21044.44,20999.96625,20901.15054561644,20971.83447867012,20974.40576251285,22.424242424242475,35.171804424493224,178.59656077421783,-2.192285509139918,-144.6927381484605,1
1673862360,-0.6433103613700988,-0.6467138928581284,-0.644622365889679,-0.6414672810195268,-0.4015225815885682,-0.4447556240215489,1.0929694349596752,9.697228942328366,-45.93439441247463,55.631623354803,20798.11085660089,20873.72171320179,20698.0141433991,20973.818426403584,20622.40328679821,21049.42928300448,20522.30657359641,20634.81199980309,20879.56,21124.308000196903,2.344378906422408,0.4067714547957817,42.60976616727721,20879.56,21011.9725,20998.015000000003,20878.74203041096,20946.76002800282,20961.026642273533,18.88390951771236,25.16624540495404,174.77359214748805,-1.5344824326751263,-119.1125587607157,0
1673864820,-0.6436637311666609,-0.6461460548167131,-0.6592231853479412,-0.6357741513685843,-0.4600549680133599,-0.49712258631358625,1.069420686549369,-0.7474931033575558,-45.103293166528445,44.35580006317089,20838.941666666666,20893.68333333333,20779.18333333333,20953.441666666666,20724.441666666666,21008.18333333333,20664.68333333333,20720.842338527826,20826.57,20932.297661472177,1.015315162047113,0.5423493713722131,42.73174229204079,20826.57,20985.42,20994.96125,20864.33635360731,20926.53547745685,20949.074104914147,21.55676483141273,20.95497225778919,166.36833556552477,-1.2583497029768558,-98.06467249172546,1
1673867280,-0.6435564829752477,-0.651079147801503,-0.6606304932475328,-0.6421833979567523,-0.3560885718416932,-0.40514458674245074,0.9195384062969255,-10.03099336019659,-43.50943473869398,33.47844137849739,20830.94166666667,20861.78333333334,20804.68333333333,20888.04166666667,20773.841666666667,20918.883333333342,20747.583333333336,20750.75472540037,20807.52,20864.285274599635,0.5456226844874806,0.6242396879032303,41.898606265155465,20807.52,20955.2625,20991.47625,20850.09923573821,20907.46084519197,20936.936094922323,23.605420401195065,21.34869825010672,159.55631159655871,-1.427695614300867,-85.67727652849058,0
1673869740,-0.6459695275962501,-0.6463678665516407,-0.6544383384893305,-0.6307613328080054,-0.5813951054458311,-0.6047801325556161,0.8616351172203548,-16.13110332369979,-39.68763576175775,23.55653243805796,20819.00833333333,20855.81666666667,20784.81666666667,20890.00833333333,20748.00833333333,20926.81666666667,20713.81666666667,20772.505314507274,20819.92,20867.33468549273,0.4554742332605272,0.6579679359288082,43.04078410350156,20819.92,20922.725,20991.0925,20845.03282382548,20894.26796424797,20927.218371596387,25.871710587098303,23.67796527323537,152.20943219680458,-1.5376690520326413,-65.643575007707,1
1673872200,-0.6448202925532037,-0.6516647307817124,-0.6646413207613692,-0.6434007967500363,-0.2990032830404398,-0.3547695236537571,0.8372299618726453,-21.917159809938312,-36.37895379839701,14.461793988458703,20839.93333333333,20865.766666666663,20809.066666666666,20896.63333333333,20783.23333333333,20922.466666666664,20752.36666666666,20815.41169820421,20829.19,20842.96830179578,0.13229800866746,0.1655973959424402,42.040148584639496,20829.19,20886.93,20987.93,20836.68021588365,20880.760152566523,20917.00471715864,27.256936563761865,25.578022517351744,145.83732989703284,-1.690203360338658,-67.8229699964674,1
1673874660,-0.6468942383839751,-0.6513896842304017,-0.6557752809939422,-0.6423982330379208,0.12158321404413051,0.019247733791389877,0.8186195528978832,-26.138803383943014,-32.480477897921375,6.341674513978361,20813.525,20848.25,20785.25,20876.525,20750.525,20911.25,20722.25,20812.37334281985,20826.555,20840.73665718015,0.1361882191284162,0.2953342149560104,42.11540279476901,20826.555,20853.057500000003,20985.02375,20831.370143922435,20869.849215736245,20907.837601238763,29.277623482001903,27.46875687762069,141.5203777615306,-1.6008194910317888,-56.60560081214907,0
1673877120,-0.6477936812090397,-0.6474591802874846,-0.6491609338658623,-0.651385500600101,0.8013372375188083,0.6234767405631523,0.8332879195863468,-28.265005005920106,-27.68534361591877,-0.5796613900013314,20823.116666666665,20864.63333333333,20779.23333333333,20908.516666666663,20737.716666666664,20950.033333333333,20693.83333333333,20813.293873837585,20825.815,20838.33612616241,0.1202462056098507,0.7399943871679492,43.24937114262096,20825.815,20826.1925,20983.1125,20831.52176261496,20862.935721966016,20900.59830588269,29.110167184011345,28.54824240992504,140.64749363570692,-1.2731940868629632,-50.60847529269113,1
1673879580,-0.6462780532663533,-0.6507331214950165,-0.6489146549834335,-0.6487000620855051,0.47281121790940656,0.3322139085229002,0.8485473216962651,-30.344621604272103,-23.81196817141662,-6.532653432855486,20824.70833333333,20892.916666666664,20763.616666666665,20954.00833333333,20695.408333333333,21022.216666666664,20634.316666666666,20813.727874761466,20826.01,20838.292125238542,0.1179498640261881,0.3611803766133556,42.5024762773755,20826.01,20816.765,20972.23625,20828.547841743304,20855.60195433583,20893.169895798623,29.253117682295937,29.21363611610306,139.35124409029928,-0.4507126423043665,-46.955249083633525,1
1673882040,-0.6471572910152721,-0.6393497432585328,-0.5871338381913656,-0.7006185400343584,2.3598024018393318,2.0121476638741176,0.9119477108497624,-29.06945373569033,-18.029440242267874,-11.040013493422457,20824.366666666665,20884.73333333333,20762.23333333333,20946.866666666665,20701.866666666665,21007.23333333333,20639.73333333333,20803.842163240264,20829.965,20856.08783675973,0.2508197854363395,0.9729578228290392,45.99469225858998,20829.965,20824.9425,20957.9725,20837.25689449553,20855.43341718386,20889.503715246374,32.02872404032541,30.13066963554424,161.04758379813495,0.3936619345397023,-26.91415087364655,1
1673884500,-0.64190493873229,-0.5937629954962158,-0.592798252487221,-0.6215319622744998,0.2577905762236766,0.14917393441526464,0.9216648522741837,-17.49239111801944,-5.161902099677587,-12.330489018341854,20845.25833333333,21071.516666666663,20628.416666666664,21288.35833333333,20402.158333333333,21514.61666666666,20185.316666666666,20739.671920798497,20862.595,20985.518079201505,1.178406417816232,0.990265948359533,57.20458226526642,20862.595,20845.8925,20945.16625,20885.87959633036,20878.650068604973,20898.42002808005,44.35131666219352,35.21105279493829,164.26731675160255,1.0084903332952242,116.58609173988708,1
1673886960,-0.616484259233868,-0.5960520926006675,-0.6012772825822594,-0.5958862312126141,0.0676592120664573,-0.021970888489820206,0.8957598316170174,-8.73722933929821,2.8746077432349164,-11.611837082533128,20956.33371828444,21072.791281715563,20866.66743656888,21162.45756343112,20750.20987313776,21278.915126862245,20660.5435914222,20751.545473951,20893.78,21036.014526048995,1.3615011362137104,0.7914025247690166,56.56960476049575,20893.78,20860.167500000003,20936.07,20916.144730886903,20896.472783404068,20905.87288254862,58.05876652936757,44.81293574396216,160.41961002458382,0.6851805408726567,205.1988312932254,1
1673889420,-0.604918524752484,-0.5653710934254854,-0.5548009391982495,-0.5842181042429488,0.9365880628340573,0.7636913990404237,0.8534563354319094,5.118093756158487,13.38394467095329,-8.265850914794804,20970.02519247556,21028.549807524447,20918.150384951103,21080.42461504889,20859.625769902214,21138.949230097787,20807.75096237777,20762.438886263662,20940.04,21117.64111373634,1.6962824687664249,0.846520912539793,62.5671124961133,20940.04,20882.9275,20934.17375,20965.138153924607,20926.77318642151,20920.849274686847,73.43808084939803,58.61605468031971,163.95479582901865,1.092365083193241,227.38633944140668,0
1673891880,-0.5837943977593083,-0.5529052739225553,-0.5637021616631657,-0.5629069634523286,-0.024484354847683246,-0.09985399987993664,0.7377404718904093,18.71707232090921,21.58633858856321,-2.8692662676540013,21053.737596237774,21163.38740376222,20953.475192475547,21263.649807524445,20843.825384951106,21373.29961504889,20743.56298118888,20826.719745027225,20995.17,21163.62025497278,1.6046572137570378,0.805965698943753,64.70009174538339,20995.17,20910.590000000004,20932.92625,21009.50876928307,20957.950788890324,20937.74458185953,80.85576746640974,70.78420494839179,161.1789965300415,1.328546643213486,170.93742886751218,0
1673894340,-0.5669991156530497,-0.5054375626480527,-0.4668441954737783,-0.545962991202006,3.171117754540833,2.80746876156135,0.7807474609756891,39.82775840643808,34.15761973927366,5.670138667164415,21076.852131452222,21150.097868547786,21025.004262904444,21201.94573709556,20951.758525808884,21275.19147419112,20899.910657261105,20884.42193225125,21070.635,21256.84806774876,1.7675126330910405,0.933280547790879,71.38616974768922,21070.635,20950.3,20936.5125,21083.67251285538,21007.77791818299,20965.768907396712,83.5608766394825,79.2849083184301,174.88562555087202,1.905936673562141,202.57349981270065,0
1673896800,-0.5348664428833823,-0.48119797625516686,-0.4771175431407968,-0.5135458449883642,0.18989923833613015,0.10421910334551074,0.7839359955002763,61.36202518676873,44.553509215683455,16.808515971085278,21228.97606572611,21407.02393427389,21053.95213145222,21582.04786854778,20875.90426290444,21760.09573709556,20700.880328630552,20900.29720560252,21134.07,21367.84279439748,2.2122837143766665,0.8555375218669795,74.08547900646778,21134.07,20998.3325,20942.63125,21155.88167523692,21060.963751240623,20997.62901145417,84.81947338135201,83.07870582908141,179.06064525515487,2.3070392735822245,169.66123041142225,0
1673899260,-0.5066797127322733,-0.47433068494180813,-0.4524896548979449,-0.4856044296323836,1.08125640041441,0.9151182782908751,0.7187580533392953,79.07790912934433,49.815514526607245,29.26239460273709,21272.18803286305,21402.91196713694,21169.57606572611,21505.52393427389,21038.852131452222,21636.247868547773,20936.24016431528,20993.94982661671,21202.665,21411.38017338329,1.968763581212934,0.7802503481267409,74.81048468483554,21202.665,21048.2225,20950.640000000003,21210.47111682461,21107.99761465142,21028.29767702996,83.24132656025763,83.87389219369737,182.36345630835805,2.396167285040171,152.36313840490655,1
1673901720,-0.4891525318532411,-0.507309653690842,-0.49129617022918126,-0.527712105541246,0.38241388592910036,0.27409198683734926,0.48976977791238074,84.64388191479156,44.305189849643575,40.33869206514799,21327.983333333334,21436.466666666667,21211.166666666668,21553.283333333333,21102.68333333333,21661.766666666663,20985.86666666667,21079.93208880044,21235.385,21390.837911199567,1.4640931746663908,0.4721459060072343,65.35443832615896,21235.385,21087.7125,20956.9525,21215.88907788308,21129.58441198752,21047.19551731282,81.74236062154745,83.26772018771902,185.95178085776087,1.8956572455845693,87.63929938826443,0
1673904180,-0.49687924288856167,-0.5404128370114336,-0.5215548689559962,-0.5462953400622499,0.07355077242483747,-0.01048061641753438,0.42556870153318427,80.59934342002452,32.208521083901225,48.3908223361233,21221.041666666668,21340.18333333333,21107.583333333336,21453.641666666663,20988.44166666667,21572.783333333333,20874.983333333337,21111.14228978871,21242.425,21373.70771021129,1.2360425912887976,0.0849605792544522,57.49813482734138,21242.425,21118.7975,20967.78125,21188.409385255385,21130.287246171607,21055.41022994969,73.5781464438525,79.52061120855252,186.84776167675253,1.492849115864504,48.032456397652346,0
1673906640,-0.5172950102444274,-0.528062359610666,-0.531580358854989,-0.5123513972377586,-0.4557903296177038,-0.4854107789425855,0.37566432237815517,79.28810279398385,24.71782436628844,54.57027842769541,21143.981837441213,21237.963674882427,21039.468162558784,21342.477349764857,20945.48632511757,21436.45918720607,20840.97265023514,21085.10840634704,21229.675,21374.24159365296,1.3619294092157186,0.2875546540597963,59.45636835909379,21229.675,21150.155,20987.54875,21181.68959017026,21137.18956504949,21066.15687471639,67.46690078307905,74.26246928282633,179.68363584269872,1.5036196919875315,53.943354539498415,1
1673909100,-0.5213273492215336,-0.5294287198978195,-0.5394261003952117,-0.5283924166316109,-0.516335426840715,-0.5405784255081131,0.35303329951400325,77.05008688703674,17.98384676747306,59.06624011956368,21177.68333333333,21210.56666666667,21135.36666666667,21252.88333333333,21102.483333333334,21285.76666666667,21060.166666666668,21070.726876387285,21202.495000000003,21334.26312361272,1.2429492247277247,0.3554468297963813,59.131772065322544,21202.495000000003,21168.2825,21007.0875,21175.92639344684,21142.136916858675,21075.51336283864,64.95115847259237,68.66540189984131,173.8276618539346,0.8639084979001053,36.43924556509582,0
1673911560,-0.5240267327071606,-0.53065312067462,-0.530665608720255,-0.5359832561662021,-0.36259479682174656,-0.4020098333399448,0.34342492326871304,74.14337827746931,12.061710526324504,62.081667751144806,21154.033333333333,21208.066666666666,21110.366666666665,21251.733333333334,21056.33333333333,21305.766666666663,21012.666666666664,21109.65113432513,21170.755,21231.858865674865,0.5772478655094526,0.4197677602578467,58.82186816614407,21170.755,21186.71,21023.43875,21170.93426229789,21145.557477429826,21083.650185425435,66.06119318640523,66.15975081402554,171.6828288643678,0.8784757355491173,28.57096767233648,1
1673914020,-0.5259886551746263,-0.5283374061619768,-0.5051229703426678,-0.5278553289286917,0.49408962427427444,0.37370659242062365,0.35754301979384184,71.54161650897368,7.567959006263088,63.97365750271059,21154.116666666665,21229.43333333333,21085.63333333333,21297.916666666664,21010.316666666666,21373.23333333333,20941.83333333333,21132.93412399608,21158.905,21184.875876003924,0.2454841212616734,0.6649925092765864,59.25678631645364,21158.905,21197.145,21040.03625,21169.781174865264,21149.542481533488,21091.633501099204,66.029910389925,65.68075401630755,173.25548394548443,0.4954155663036636,39.38397681324405,0
1673916480,-0.5258117017769535,-0.5807737002988572,-0.5502354838094768,-0.6329454894665428,0.6686992102288145,0.5171395935358677,0.3646414816300842,56.90158530563713,-5.657657757658775,62.5592430632959,21188.05833333333,21274.61666666666,21080.91666666666,21381.75833333333,20994.35833333333,21468.316666666666,20887.21666666666,21019.61113213588,21136.16,21252.708867864123,1.102838622191762,0.0004884983707203,47.12057497479175,21136.16,21189.2925,21049.94125,21119.762449910177,21125.939303072853,21084.78507242309,55.09765218530281,62.39625192054435,186.5568779493783,-0.3721872667164407,-102.79141781579062,0
1673918940,-0.551942671329469,-0.5799396881755287,-0.5761389950310695,-0.5690320528191615,-0.68087540537961,-0.6907770908371764,0.3369257394110602,44.97048866136174,-14.071003521547333,59.041492182909074,20998.233807420034,21188.46761484007,20829.49119257996,21357.210229680142,20639.257385159923,21547.44403710018,20470.514770319845,20966.378235539178,21106.925,21247.47176446082,1.3317597372504195,0.1981431755988552,47.30543199181311,21106.925,21168.3,21059.3,21087.199966606782,21107.05488433233,21078.81268457327,44.42766376891313,55.18507544804698,180.8635803194268,-0.988719856819891,-87.38913298363242,1
1673921400,-0.5645911293802408,-0.5692927248990047,-0.5776696925666119,-0.5679936832601838,-0.7067813767545796,-0.7137761984755328,0.31928185187191416,37.503441562155786,-17.230440496602633,54.73388205875842,21033.97523704336,21081.450474086705,20974.59976295665,21140.82594817341,20927.124525913296,21188.30118521676,20867.74905182659,20952.176948929948,21084.46,21216.74305107005,1.2547919279891584,0.377592028086619,49.72182089654135,21084.46,21143.4775,21070.905,21075.491644404527,21097.058541726456,21076.266238423435,35.064646147403714,44.86332070053988,175.05903886803904,-1.1653591733449695,-90.67330723948444,0
1673923860,-0.56559161297388,-0.5545821706386073,-0.565355748445186,-0.5445430277749421,-0.6084023530170276,-0.6247573683158291,0.27519734419367997,34.532354044979,-16.161222411023537,50.69357645600254,21043.49166666667,21097.583333333336,20997.983333333337,21143.091666666667,20943.89166666667,21197.18333333333,20898.38333333334,20960.71808184789,21070.975,21181.231918152105,1.0465288687600518,0.6022611568413953,52.933283365919664,21070.975,21120.865,21084.54375,21081.50276293636,21096.41607959437,21077.90993000216,38.92771147403704,39.47334046345129,167.6923218060362,-1.0606412394199716,-54.10922315102724,0
1673926320,-0.5587362131658354,-0.5468187599161419,-0.5491717075998833,-0.53762693649541,-0.6048111263786207,-0.6209353708519358,0.2473105324029066,33.5560620694705,-13.710011509225636,47.26607357869614,21090.80630926084,21126.71869073917,21057.61261852168,21159.912381478327,21021.70023704335,21195.82476295665,20988.50654630419,20984.063179148416,21060.56,21137.056820851587,0.7264462184441975,0.8584462686782585,54.58204948078386,21060.56,21109.7325,21098.7225,21092.80184195757,21099.867701486302,21081.48041285909,43.81281407035198,39.26839056393092,162.55647997051528,-0.5244567873753351,-32.20341467918476,0
1673928780,-0.5514266155511638,-0.5346634768421105,-0.5280620891060102,-0.5302526263551912,-0.3445978718332999,-0.38515701544694414,0.22599283397982278,35.140949415497744,-9.700099330558714,44.84104874605646,21119.869821297085,21165.53017870292,21069.73964259417,21215.660357405828,21024.07928518834,21261.320714811656,20973.949106485423,20996.176269786487,21086.545,21176.91373021352,0.8571222095750151,0.8491528532651774,57.11511596030232,21086.545,21111.3525,21115.075000000004,21111.75122797172,21108.91902848879,21087.97275449156,48.92038316582943,43.886969570072814,160.60210769079055,0.0766557282412513,9.40349629270713,0
1673931240,-0.5416938740425845,-0.5329865801260584,-0.5445979569262107,-0.5204337200100885,-0.6782628579901842,-0.6866915263877353,0.18546501480149913,36.35912668756646,-6.785537646792001,43.14466433435846,21158.15157731521,21221.49842268479,21086.30315463042,21293.34684536958,21022.95630926084,21356.69369073916,20951.10788657605,21037.36371893994,21113.005,21188.646281060053,0.7165373291017164,0.7734617884588484,57.467539961877954,21113.005,21109.965,21130.06,21125.959151981144,21117.18375058174,21094.29677787332,52.10557998324978,48.279592406477065,153.47143100053293,-0.0655462780343202,14.462940903277415,1
1673933700,-0.535989013382795,-0.5383455516419082,-0.550508650104495,-0.5226634811338063,-0.7060123085955458,-0.7119599541543832,0.08414106195091059,35.694631653575925,-5.960026144626028,41.65465779820195,21153.200788657607,21184.1742113424,21123.401577315213,21213.97342268479,21092.428154630423,21244.94684536958,21062.62894328803,21084.76012941456,21130.445,21176.12987058545,0.432408031022975,0.5966403087810725,55.886906659467584,21130.445,21107.4525,21137.8675,21130.39776798743,21121.20034138505,21098.58041807586,56.98811826821688,52.67136047243204,146.09490021478064,-0.1187135000283494,18.15861164990157,0
1673936160,-0.5358162015868798,-0.5500483387766882,-0.5564193432827792,-0.540387375330139,-0.3933734970613568,-0.4307845201720941,0.05445632053581555,32.13675512661939,-7.614322137266051,39.75107726388544,21140.491666666665,21164.98333333333,21114.78333333333,21190.691666666666,21090.291666666664,21215.18333333333,21064.58333333333,21095.093391072143,21133.0,21170.906608927857,0.3587432823343275,0.1478186686282627,52.49151285852582,21133.0,21101.9875,21144.34875,21122.365178658285,21118.491188405955,21099.31561635435,59.51356965624606,56.20242263590424,141.58097877086783,-0.2582587265694662,-16.64535913470103,0
1673938620,-0.5415814792093162,-0.553091595779895,-0.5474829381203736,-0.541282521501671,-0.2854274624255061,-0.3334226249851697,0.003951900752877655,28.298968615450576,-9.161686918747897,37.46065553419847,21107.4,21148.3,21065.4,21190.3,21024.5,21231.2,20982.5,21083.263500019923,21129.465,21175.66649998008,0.4373182187062251,0.1565046587915103,51.61334787162967,21129.465,21095.0125,21146.07875,21114.151785772192,21114.715517786688,21099.164129082503,61.205004818510446,59.2355642476578,139.3823374300915,-0.3295149752155134,-6.517142367692023,0
1673941080,-0.5459858219231095,-0.5416106203800425,-0.5355208209738456,-0.5408886571861974,-0.10008747386422244,-0.1655146129070867,-0.000962713491638549,27.550287233589188,-7.928294640487429,35.47858187407662,21112.175,21160.35,21049.55,21222.975,21001.375,21271.15,20938.75,21083.745454787684,21125.55,21167.354545212314,0.3957723724335237,0.5541209093056757,54.69283740464866,21125.55,21106.0475,21147.67,21119.45952384813,21117.50815091638,21102.10802155084,62.26737821565388,60.99531756347013,139.69074189937072,0.5249830813676306,33.53470514725092,1
1673943540,-0.5424472211227735,-0.5217274164611349,-0.5359430133437233,-0.5211937365397797,-0.5408857905808343,-0.5622207127679432,-0.0527316517711269,31.118980883318727,-3.4876807926063123,34.60666167592504,21134.65833333333,21204.21666666666,21060.51666666666,21278.35833333333,20990.95833333333,21347.91666666666,20916.81666666666,21069.806986660795,21131.895,21193.98301333921,0.587623716086093,0.9365174297320464,59.500115103578736,21131.895,21122.45,21145.375,21141.67301589876,21129.979396204308,21110.10725759362,67.72714833059634,63.73317712158688,135.96249166108362,0.7802512359032009,87.35534707626249,0
1673946000,-0.5307358261288175,-0.5211240885421315,-0.5218699343478079,-0.5122797855440357,0.1379528034058125,0.0511361343977205,-0.04899797499322755,33.69594621135548,-0.7285723716556518,34.42451858301113,21171.268253812214,21222.43174618778,21134.93650762443,21258.763492375565,21083.773015248866,21309.92698475113,21047.44126906108,21064.561717306195,21141.6,21218.6382826938,0.7287838450619057,0.7998509207664135,59.64005278522318,21141.6,21136.0225,21139.75,21157.04867726584,21140.49223325807,21117.50656639423,73.88991516146666,67.96148056923896,133.57945654243468,0.6447107945416237,111.09778123141244,1
1673948460,-0.5245784497240399,-0.5324719769010262,-0.5415018795471096,-0.5177222742669503,0.043145969155057744,-0.03589621747286385,-0.04375587492946592,32.780224502996134,-1.3154352640119953,34.09565976700813,21193.466666666664,21241.933333333327,21139.33333333333,21296.066666666666,21090.866666666665,21344.53333333333,21036.73333333333,21082.89399942129,21151.505,21220.11600057872,0.6487576234288034,0.5314818320937011,55.73896182833502,21151.505,21142.2525,21131.55875,21156.64078484389,21143.28000902933,21121.15594102335,78.2284879322546,73.28185047477253,128.46663821797506,0.295351298561996,66.4916663885692,0
1673950920,-0.5271739868609887,-0.5432520272185066,-0.5515859108148888,-0.5337632936608026,-0.12691226747791914,-0.19079420159969165,-0.09216759173929359,29.26613798501421,-3.8636174255951374,33.12975541060935,21159.141666666663,21188.483333333334,21126.483333333334,21221.141666666663,21097.141666666663,21250.483333333334,21064.483333333334,21104.00529243729,21157.05,21210.094707562705,0.5014376537627439,0.2021380505996427,52.24300075542413,21157.05,21143.2575,21126.495000000003,21146.2438565626,21140.03818920581,21121.564899021127,70.09862987519894,74.0723443229734,124.87174228666112,0.0475955937372688,0.1093944996454922,0
1673953380,-0.5338620476791055,-0.5323655072682612,-0.5421351681019255,-0.5204077127815461,-0.4883184546385367,-0.5153279815390222,-0.11530895195535436,28.626427602153854,-3.602662246764396,32.22908984891825,21124.52936505986,21164.058730119723,21085.920634940143,21202.66746023944,21046.39126988028,21242.196825299303,21007.782539760563,21116.17607004157,21162.26,21208.343929958435,0.4355293806846068,0.4334366664742385,55.29258240466163,21162.26,21143.905,21127.62875,21149.53757104173,21142.963063895662,21124.85633720959,65.63742059381563,71.32151280042306,120.78804640904252,0.030615163844312,53.285381774165934,1
1673955840,-0.5317625483842036,-0.49542054469872365,-0.4870390638329174,-0.5104144714318334,0.36117854359973894,0.2568484575484968,-0.11558078853628773,36.10327641783806,3.0993492551358486,33.00392716270221,21156.141666666663,21189.983333333334,21122.283333333333,21223.841666666667,21088.441666666666,21257.68333333333,21054.58333333333,21085.0652053881,21177.085,21269.1047946119,0.8690506234630553,0.9517506279526472,63.7519630674575,21177.085,21154.49,21132.2275,21186.43338069449,21164.28341591464,21137.748590808675,62.72630337773111,66.15411794891521,126.18821996590395,0.5003693089490876,235.09502808503623,0
1673958300,-0.5122394020885918,-0.48993735861131227,-0.4918590933890174,-0.490718484964981,-0.11105335260124986,-0.17096369502436237,-0.1056002634146056,42.78225168462086,7.822659617534917,34.95959206708594,21252.344841264963,21354.48015873503,21158.089682529928,21448.735317470066,21055.95436505986,21550.870634940133,20961.699206324825,21072.52785189632,21194.660000000003,21316.792148103686,1.152480371033864,0.8316694304403066,64.81602361630746,21194.660000000003,21168.13,21137.79125,21216.18058712966,21184.53643120288,21150.884439303085,69.95481375658926,66.106179242712,126.29497126137896,0.6452444561130949,210.6022246205007,1
1673960760,-0.4997361000434361,-0.5075137204869744,-0.5166628951193183,-0.49978354498944916,-0.3826584717565207,-0.4183787621203135,-0.10838547309275465,43.57680778612121,6.893772575228212,36.683035210893,21271.26408729915,21337.310912700854,21209.6281745983,21398.946825401705,21143.5813491966,21464.993650803408,21081.945436495746,21091.627882185672,21208.725,21325.822117814325,1.1042353353568055,0.5744040516335879,58.85219444569477,21208.725,21180.115,21141.05125,21219.503724753107,21192.10253462053,21158.052587940885,67.55677446996089,66.74596386809374,124.11497331413771,0.5678399340481382,94.34610292087343,1
1673963220,-0.5022730654377677,-0.46748113856724466,-0.4032690611097304,-0.48585507056041277,3.533539329558312,3.156944597766032,-0.008776949373167439,52.70101205041647,12.814381471618772,39.88663057879769,21222.81666666667,21265.733333333337,21183.233333333337,21305.31666666667,21140.31666666667,21348.233333333337,21100.733333333337,21131.268289823536,21251.425,21371.581710176462,1.1308108531683223,0.8642118691143489,66.42886116093064,21251.425,21204.2375,21149.625,21259.319149835406,21218.80207378044,21175.280912898896,61.69484214569055,66.40214345741357,141.385332363128,1.1433697235128537,229.66469252778973,0
1673965680,-0.48352426531156795,-0.49271444153260713,-0.4743029273416137,-0.5414257448891167,2.253132156493594,1.9690658588559193,0.05170663158721608,53.57722892927632,10.952478680382896,42.62475024889342,21380.816666666666,21542.83333333333,21176.93333333333,21746.716666666667,21014.916666666664,21908.733333333334,20811.03333333333,21200.34935303721,21273.77,21347.19064696279,0.6902457529886782,0.4596843650601295,59.04837999204699,21273.77,21218.015,21162.03125,21262.16276655694,21227.71987854763,21184.097016432333,49.792589602177,59.68140207260948,154.08638005147603,0.6520327069354832,53.46559572345584,1
1673968140,-0.48676714192170367,-0.5125799005127208,-0.4842244480337343,-0.5518810521726087,0.9772122872514651,0.812504569335808,0.08909846549921156,49.18791475825128,5.250531607486288,43.937383150764994,21238.08333333333,21412.566666666666,21093.366666666665,21557.283333333333,20918.88333333333,21731.766666666663,20774.166666666664,21175.023768599964,21264.1,21353.17623140004,0.8378086201629497,0.2068522142261505,53.96503572374632,21264.1,21220.5925,21171.52125,21245.40017770463,21224.838991538967,21186.74253867688,41.41681335762936,50.9680817018323,165.9516386192275,0.121659956292104,6.6734933067096165,0
1673970600,-0.4983218019115086,-0.533581035575664,-0.5229848711518054,-0.5353029450758373,-0.07458502681636132,-0.14299108197735014,0.09856540167532259,40.46793454154249,-2.775558887378012,43.2434934289205,21200.291666666668,21366.18333333333,21045.983333333337,21520.491666666665,20880.09166666667,21686.38333333333,20725.78333333334,21115.667596924726,21239.505,21363.34240307528,1.166104417925698,0.1495202667192733,49.1480367061948,21239.505,21217.0825,21176.5525,21214.50011846976,21211.72281125915,21183.50039213622,30.98129578117552,40.73023291366062,165.79302215958896,-0.1656613711664191,-48.46717676944962,1
1673973060,-0.5146002197705294,-0.5237237220754831,-0.5242271750796228,-0.5139984661933769,0.03568668713450328,-0.041153068732511164,0.1118906091190426,35.390537681822025,-6.282364597678786,41.67290227950081,21159.277002728097,21237.8540054562,21074.122997271905,21323.008010912385,20995.54599454381,21401.58501364048,20910.391989087617,21097.52852530017,21230.370000000003,21363.21147469984,1.2514287287487824,0.3122009706955346,51.3433996754735,21230.370000000003,21219.5475,21180.9,21203.15841231317,21206.04139103021,21183.21225955182,26.764189230116617,33.05409945630716,161.1435205767612,0.116516373150174,-22.15214742977683,1
1673975520,-0.5178105277211448,-0.529544061999982,-0.5366114845960286,-0.5329755650298542,-0.06480939432917691,-0.1338654467018493,0.10471680591039116,29.70094712013816,-9.577564127490128,39.27851124762828,21187.19166666667,21234.18333333333,21133.483333333337,21287.89166666667,21086.49166666667,21334.88333333334,21032.783333333336,21112.70169071552,21195.395,21278.088309284485,0.7802950526233148,0.3106255495698483,49.97158268376051,21195.395,21223.41,21183.33375,21190.13060820878,21198.41113811563,21181.38966340403,23.868798836997755,27.204761282763297,158.0975548212783,0.1828363419477454,-72.0491012550774,1
1673977980,-0.5223259958658122,-0.4971151863535696,-0.48770753508522263,-0.5008943762647058,0.46326075090013014,0.34886295965633424,0.13457919923304112,32.193992154487205,-5.667615274512862,37.86160742900007,21152.325,21217.45,21098.95,21270.825,21033.825,21335.95,20980.45,21118.759200493696,21192.915,21267.070799506306,0.6998168916952189,0.9216460507224588,56.88383944180229,21192.915,21233.3425,21188.62375,21211.903738805857,21208.781840276424,21188.44302879412,30.09267672178788,26.90855492963408,159.7066580483298,0.4694857872129264,62.44426525652853,0
1673980440,-0.508368488643948,-0.47125193806101356,-0.4639592142796154,-0.4868133019752292,0.9198120176307776,0.770233403911907,0.16897760810832407,39.59373977792711,1.385705879141632,38.20803389878548,21258.98254200768,21341.16745799232,21173.265084015355,21426.884915984643,21091.080168030712,21509.06983196929,21005.36271003839,21083.12421475876,21216.205,21349.285785241234,1.254520167402571,0.9212478901321556,61.457640371563095,21216.205,21240.152500000004,21197.32125,21250.71082587057,21230.516960226163,21201.76512128992,39.04839784360036,31.00329113412867,162.30448154405488,0.3203164594918548,114.57449366486902,0
1673982900,-0.4884574700883985,-0.47000091987602277,-0.47528804287132753,-0.4667260093804133,0.5918938330973141,0.47098178723467765,0.1762319243854859,45.22124871620326,5.610571853934225,39.61067686226904,21318.882937670507,21421.64206232949,21225.565875341013,21514.959124658988,21122.806750682023,21617.71824931797,21029.489688352533,21110.44388233921,21252.035,21393.626117660788,1.3324946779053193,0.781850307133011,61.66945085725733,21252.035,21245.77,21206.95,21277.75721724705,21248.94114927595,21214.154157357545,49.21103640438528,39.45070365659117,158.40956096906808,0.26403392606813,105.72503142490685,0
1673985360,-0.4778764207223939,-0.465209786401587,-0.4714179461474508,-0.45605128503207576,0.03869723219469229,-0.03121698820217291,0.17071291793332516,50.19184690185284,8.464936031667037,41.726910870185804,21328.024802168587,21383.82519783141,21276.04960433717,21435.800395662827,21220.249208674348,21491.60079132565,21168.27401084293,21148.74508668613,21285.01,21421.274913313875,1.280383831756461,0.7214069584479506,62.5189830731692,21285.01,21257.69,21218.902500000004,21300.288144831367,21266.470031225777,21226.64899951397,54.65655097219665,47.63866174006076,153.44907781035755,0.5615714578479709,108.945668629849,0
1673987820,-0.4701902105951049,-0.4702138591415527,-0.4675478494235741,-0.469921468707144,0.08470485445621041,0.00934753328667324,0.1444576948611424,52.3894170256317,8.530004924356717,43.85941210127498,21346.12906775096,21390.22093224904,21301.25813550192,21435.09186449808,21257.16627100384,21479.18372899616,21212.2953387548,21254.360521376508,21318.445,21382.52947862349,0.6012115670114967,0.5999071871617463,60.99835514252103,21318.445,21256.92,21230.57875,21310.60876322092,21278.248207366545,21236.61099956026,54.833727057968,52.90043814484998,152.39557225247492,-0.0360842496936387,80.74874373507069,1
1673990280,-0.4688492658843824,-0.4753865088000642,-0.48946666995971205,-0.46429995074992314,-0.20427952123096157,-0.25397646135786917,0.14846860481469518,52.35145154396741,6.793631554153947,45.55781998981347,21332.18333333333,21401.06666666667,21262.36666666667,21470.88333333333,21193.483333333334,21539.76666666667,21123.666666666668,21312.39053005008,21330.69,21348.98946994992,0.1715787904649844,0.1170654112289614,59.390300814742666,21330.69,21261.8025,21239.90875,21312.63084214728,21285.23489693626,21244.236142459285,53.91453146768396,54.468269832616194,145.84588852015534,0.2295718655153235,50.33936753949569,1
1673992740,-0.4707652465179436,-0.48394844176826884,-0.49178872799403883,-0.4818090098650886,-0.28769579317318494,-0.3304088096984173,0.1558116452547697,49.80060734557992,3.3942298846131607,46.40637746096676,21311.791666666668,21344.583333333336,21283.88333333333,21372.49166666667,21251.091666666667,21405.283333333336,21223.18333333333,21287.62751330925,21323.535,21359.44248669075,0.3367873731137953,0.0685440160870101,56.72468164950536,21323.535,21269.870000000003,21245.23125,21305.937228098188,21286.56491567512,21248.837462225067,50.716275970682354,53.15484483211144,142.78546791157282,0.3803294145378438,20.469056612353928,1
1673995200,-0.4760044154527552,-0.49805566810966306,-0.5008617474992699,-0.49133336513018805,-0.05651367175262507,-0.122518801245214,0.17111787542685483,44.0636142289477,-1.874210585615245,45.937824814562944,21285.25,21340.4,21237.4,21388.25,21182.25,21443.4,21134.4,21242.633034286537,21307.725,21372.81696571346,0.6109705819223952,0.0780969325632142,52.540314894744114,21307.725,21279.88,21248.48125,21288.224818732127,21280.425840097825,21249.21484677506,45.96432249076226,50.198376643042856,140.00162736098213,0.4732256402255907,-14.879389705900229,0
1673997660,-0.48567796261722535,-0.5219669731348564,-0.5104510907888049,-0.5182593619698694,0.660548857983546,0.5219424826807307,0.18945298374532862,33.69202572754875,-9.796639269611354,43.48866499716011,21254.5372334011,21305.5744668022,21201.7627665989,21358.348933604404,21150.7255331978,21409.386167005505,21097.951066395595,21170.963463502387,21275.74,21380.51653649761,0.9849390573264314,0.0690113310719248,46.305335286255655,21275.74,21280.375,21249.96125,21253.958212488084,21263.15296008004,21243.13962327268,42.19102452450539,46.29054099531667,140.84121469960127,0.0233705806881135,-67.36468627341736,0
1674000120,-0.5024709811482583,-0.5247085661785608,-0.5248956463319292,-0.5251698904140958,0.25479369870035307,0.15573575333701722,0.2090866787748463,24.565943275138125,-15.138177377617588,39.70412065275571,21197.926950033885,21267.55390006777,21115.79804996612,21349.68280013553,21046.171099932235,21419.30975016942,20964.04219986447,21133.53968023892,21245.03,21356.520319761075,1.0495661315712572,0.1980455337096255,45.63662154772686,21245.03,21281.7375,21252.57375,21228.5388083254,21247.616058247306,21236.907278199087,39.1974731302213,42.45094004849632,140.06684222105832,0.0643779612385611,-81.53785714164906,1
1674002580,-0.5122383548624487,-0.5087824836107604,-0.5168036259092779,-0.49319526916697476,-0.40947810117101874,-0.44244469497656574,0.21043153845555967,20.71569698593157,-15.190738933459317,35.90643591939089,21175.233333333334,21241.466666666667,21111.466666666667,21305.233333333334,21045.233333333334,21371.466666666667,20981.466666666667,21140.70971578748,21226.21,21311.71028421252,0.8056104619008421,0.4787427607201681,50.1410814356292,21226.21,21278.45,21255.89625,21226.55087221693,21243.063138565976,21235.542299322984,40.2342881879983,40.54092861424167,136.08349634812555,-0.1546662150177954,-27.962065719964432,1
1674005040,-0.5091586058445567,-0.510485997735004,-0.5218347516503173,-0.49989096253003407,-0.4038231419444803,-0.43777719271064225,0.21694705109711576,17.080139956084167,-15.06103677064538,32.14117672672955,21227.625,21256.95,21193.25,21291.325,21163.925,21320.65,21129.55,21156.92440640469,21211.255,21265.5855935953,0.5122808018224577,0.5600030256301832,49.66702949269671,21211.255,21267.395,21253.77375,21223.625581477954,21238.46529519034,21233.85017557794,40.301644406863495,39.911135241694375,131.2275323232596,-0.5183248098479335,-50.19215846333068,1
1674007500,-0.5084705306046868,-0.4941074192279521,-0.4876019869927535,-0.5096659587231627,0.2059759870715354,0.11546340019431266,0.24386580465016885,17.718605075649975,-11.53805732086366,29.25666239651364,21215.025,21250.450000000004,21182.35,21283.125000000004,21146.925,21318.550000000007,21114.25,21152.0754040774,21213.480000000003,21274.88459592261,0.5789205347034616,0.9107591560701476,54.15489993206016,21213.480000000003,21260.6025,21253.18625,21237.058720985304,21243.09433242846,21236.71444457052,45.78391151332318,42.10661470272833,135.61842287159826,-0.3184205776807884,-9.893526984688732,0
1674009960,-0.4999367979289178,-0.4741000007374842,-0.4784544856454085,-0.47830696474344564,0.39142943663948815,0.28808549246721976,0.27081374906283934,22.514056607211387,-5.3940846314418,27.908141238653187,21253.74166666667,21355.18333333333,21162.483333333337,21446.44166666667,21061.041666666668,21547.88333333334,20969.783333333336,21143.71480462897,21240.455,21337.19519537104,0.9109051135772026,0.9126774795821124,58.96785197658427,21240.455,21258.0975,21257.89375,21264.80581399021,21257.13172653237,21244.674973659043,54.74793992287373,46.94449861435348,135.2970604117927,-0.1173557706947849,54.37150785085085,1
1674012420,-0.4856657266338759,-0.4881628647318929,-0.49287939161622174,-0.4793026005847992,-0.07161411690751716,-0.1340936528276681,0.2882678926665135,22.85363764638896,-4.043602873811384,26.897240520200345,21310.39355052189,21380.90644947811,21249.78710104379,21441.51289895621,21179.27420208757,21512.02579791243,21118.667752609468,21184.85540701315,21261.05,21337.244592986848,0.7167528695605239,0.6287821040227045,54.62682974283717,21261.05,21253.04,21254.98,21270.095542660136,21261.412321708303,21248.10354759628,60.22931296935212,53.58705480184968,132.2686989538076,-0.2370934661588079,12.131169420654324,0
1674014880,-0.4855619714107877,-0.4949503038206769,-0.5040674894179742,-0.48041258183749824,-0.5679136173901589,-0.5851246450638727,0.28538750309201705,21.333609826408065,-4.450904555033823,25.784514381441888,21282.591666666664,21328.08333333333,21235.183333333327,21375.491666666665,21189.691666666666,21420.98333333333,21142.28333333333,21202.674709080024,21268.845,21335.01529091997,0.6222274027571684,0.4448770747523174,52.6136078804881,21268.845,21247.5275,21254.665,21267.24702844009,21261.437354124973,21249.38416211092,59.45862074917191,58.14529121379926,127.40664902853568,-0.2586003680217482,-8.871818222359906,1
1674017340,-0.48890398151198217,-0.48639724332186857,-0.4978049692647921,-0.47232046044684994,-0.5474537763664806,-0.5663401737030072,0.27978930232160065,21.82209390105345,-3.169936384310752,24.9920302853642,21264.58333333333,21295.166666666664,21230.966666666664,21328.783333333333,21200.38333333333,21359.366666666665,21166.766666666663,21240.22052843414,21282.42,21324.619471565864,0.3965664766117954,0.5382706214100146,54.87067641909117,21282.42,21246.8375,21258.35375,21273.3813522934,21265.839653374976,21252.83805143369,56.32533034060648,58.67108801971017,122.54903124078322,-0.0324057005854057,30.881895372597068,0
1674019800,-0.48629824439907643,-0.4840460389316362,-0.49886045018948577,-0.4674150594268546,-0.4670864147796589,-0.49324188915185846,0.2820038678817454,22.484614541859628,-2.00593259480366,24.490547136663288,21286.08333333333,21315.566666666666,21256.166666666664,21345.483333333334,21226.68333333333,21374.966666666667,21196.766666666663,21249.92922694128,21288.09,21326.250773058728,0.3585175847972035,0.5548337948180558,55.49818882087674,21288.09,21250.785,21265.3325,21279.679234862266,21270.646080034072,21256.593951297145,58.3020477815702,58.02866629044953,116.84552900929876,0.1857402318753396,51.54949033322501,1
1674022260,-0.4838197153931109,-0.48940501044748735,-0.5035397489556274,-0.4719982078250979,-0.4335722601290655,-0.463187263786926,0.27739793707689187,21.542890091874145,-2.3581256358313176,23.90101572770546,21291.858333333334,21313.416666666668,21270.716666666667,21334.55833333333,21249.158333333333,21356.11666666667,21228.016666666663,21258.873628009835,21279.465,21300.05637199017,0.1935327978421027,0.4443941860431984,53.66653745993872,21279.465,21259.96,21270.167500000003,21278.84448990818,21271.83315639152,21258.55405117361,62.343409408679406,58.99026251028536,111.5137055086346,0.4330807618917251,36.94476242506463,0
1674024720,-0.48526006942410904,-0.49285640104296,-0.507585759166953,-0.4746836463396938,-0.38415700371152195,-0.41850460695481967,0.28151072907127433,19.783785293831897,-3.2937843470988497,23.077569640930747,21278.125,21298.75,21256.55,21320.325,21235.925,21340.95,21214.35,21254.2293514826,21276.82,21299.4106485174,0.212349857896041,0.2926133020753552,52.46555782367166,21276.82,21268.935,21275.33625,21275.046326605458,21271.036218865785,21259.40128439517,62.405741691200255,61.01706629381662,106.27701225801788,0.4237948407995202,26.05730694005684,1
1674027180,-0.48770602725039647,-0.4876482615068607,-0.49886045018948577,-0.4684892348326929,-0.032706291871622654,-0.09888001514594286,0.2983944785533975,19.350768311956926,-2.981441063179055,22.33220937513598,21268.55,21287.1,21248.9,21306.75,21230.35,21325.3,21210.7,21264.244266030582,21280.935,21297.625733969417,0.1568609083145576,0.5356485221734194,54.13357360524408,21280.935,21274.89,21276.67,21277.40588440364,21273.052360890186,21261.565447786103,63.58142493638675,62.776858678755474,101.95008281101669,0.280597429859474,66.46957779986307,0
1674029640,-0.48632480735651346,-0.4970353341289962,-0.50656546093975,-0.48818245060639587,0.24952884139434464,0.1549281181957648,0.3121342910027953,16.6810169066448,-4.5209539747929455,21.201970881437745,21287.475,21307.650000000005,21261.950000000004,21333.175000000003,21241.775,21353.35000000001,21216.250000000004,21249.89025747765,21274.94,21299.989742522343,0.2354859052232111,0.1154651094155435,50.68154899492634,21274.94,21278.68,21273.0375,21270.162256269094,21269.89284072833,21261.00445275885,60.84605597964375,62.27774086907692,100.29650546737255,0.1786238189442475,-7.664810105488838,1
1674032100,-0.49032796629856146,-0.5069813723231482,-0.5096263556213605,-0.5054408687935321,0.18115506235423173,0.0919177702508386,0.333068074715214,12.163621738305665,-7.230679314505664,19.39430105281133,21253.025,21293.75,21214.95,21331.825,21174.225,21372.55,21136.15,21223.182789137987,21262.015000000003,21300.84721086202,0.365273101933339,0.0575193990098561,47.24392933121411,21262.015000000003,21275.0525,21267.8275,21255.9915041794,21262.21232423227,21257.8278382104,55.78244274809168,60.06997455470739,101.58246936256045,-0.1705940930472517,-78.18920887017097,0
1674034560,-0.4973028112937418,-0.5098471799384128,-0.5219747503888167,-0.4991748455928085,-0.47407650535122586,-0.501227386325913,0.3101732914586011,7.841575703416311,-9.242180279516012,17.083755982932324,21224.716666666667,21285.333333333336,21167.033333333333,21343.01666666667,21106.416666666664,21403.63333333334,21048.73333333333,21203.228083447,21250.495000000003,21297.761916553005,0.4448547344709134,0.1729213342557473,46.27008435236015,21250.495000000003,21264.98,21261.53875,21243.85266945293,21254.460083462767,21254.184710761787,44.0101336139648,53.546210780566746,99.01958445912196,-0.4724370670206261,-118.50306006724033,1
1674037020,-0.5022232086033779,-0.5110360908376255,-0.5189145877586652,-0.4970981064748533,-0.4999748021063584,-0.5247654793074826,0.30536594582809967,4.098758146697946,-10.387998268987502,14.486756415685448,21216.159026904807,21250.71805380961,21185.0159730952,21281.86110761923,21150.456946190385,21316.42013452404,21119.31389238077,21190.011668017083,21240.25,21290.48833198292,0.4730484055782475,0.260889752388963,45.84785367212856,21240.25,21258.535,21255.7875,21234.64344630196,21247.508250105897,21250.569500213045,35.092371531522936,44.9616492978598,96.84675699775602,-0.3028569347541877,-104.72403350453712,1
1674039480,-0.5052778921647408,-0.5172823092931856,-0.5298804117696492,-0.5043308875408318,-0.5345049742234177,-0.5562662755656952,0.27373316326719294,-0.2843468694954936,-11.816882628144754,11.53253575864926,21219.875,21252.35,21183.75,21288.475,21151.275,21320.95,21115.15,21186.24544263202,21223.55,21260.85455736798,0.3515392794134914,0.1659255362001331,43.596943900169045,21223.55,21252.2425,21249.885,21222.63729753464,21238.62038645028,21245.62240495466,27.05761316872439,35.38670610473738,94.04568651067363,-0.2959567858411041,-151.54151152896046,1
1674041940,-0.5099284979320473,-0.507398378384813,-0.5231013287599505,-0.49251495807661,-0.5733574288388706,-0.5910179321873533,0.22962982507923974,-1.4935106642988103,-10.420837138358456,8.927326474059646,21196.885590059534,21226.571180119063,21168.939409940464,21254.517360238136,21139.25381988093,21284.20295029767,21111.30763976186,21196.818863113283,21217.71,21238.601136886715,0.196921693120659,0.7097779562579223,47.951505739672506,21217.71,21246.325,21246.58125,21223.91653168976,21236.41213436841,21243.798842578028,26.85297894783586,29.667654549361064,90.57635175991116,-0.2780041953146975,-75.07878168810728,0
1674044400,-0.5073115904732287,-0.49607710743410877,-0.5041026721154648,-0.4857470469898835,-0.2119469775016817,-0.26255545910676426,0.2252538268351168,0.1208881934981036,-7.045150624449234,7.166038817947338,21223.591666666667,21246.983333333334,21203.083333333336,21267.491666666665,21179.69166666667,21290.88333333333,21159.18333333333,21184.749164113,21223.855,21262.960835887,0.3685083212922398,0.9413663487433132,52.47728375790124,21223.855,21242.935,21246.86,21235.402687793176,21240.405382665063,21245.187048046784,36.05193337000252,29.987508495520927,89.74934859529958,-0.1592126722015447,11.931570667717486,0
1674046860,-0.5003422207680623,-0.4851550976062741,-0.47321226371942954,-0.48972210202143057,3.283393850205355,2.9131019579917052,0.32237492777436816,3.839338715206395,-2.661360082192754,6.500698797399149,21258.52556418155,21297.94943581845,21218.9511283631,21337.5238716369,21179.5272567262,21376.9477432738,21139.95282090775,21173.34289079568,21237.77,21302.19710920432,0.6067219788548079,0.898745191539359,56.414748657688165,21237.77,21244.1325,21252.046250000003,21253.318458528785,21249.268040362324,21249.373995851853,47.78447897895043,36.89646376559627,96.04582369563543,0.0562809677506632,96.1714586750086,0
1674049320,-0.4913962603934128,-0.43419163338931344,-0.38409449097779563,-0.4696908170604894,3.1259076738231544,2.7993547802784122,0.38837366868138723,18.16417215853653,9.330778688909906,8.833393469626625,21294.35,21380.700000000004,21202.800000000003,21472.250000000004,21116.45,21558.60000000001,21024.9,21117.698223803272,21281.075,21444.45177619673,1.53541845227958,0.964187761354042,69.22701850749746,21281.075,21260.6625,21264.79875,21313.12897235253,21282.62839666008,21266.838377199296,56.584004348305406,46.80680556575279,115.98939535050737,0.7772440983756833,296.9382639340761,0
1674051780,-0.4614402854061259,-0.4281051193829001,-0.4255748913182567,-0.4517679043484758,1.1142045953618338,0.953118595084208,0.4124017967237421,30.54842431888028,17.372024679402923,13.176399639477356,21445.29805771205,21626.651942287943,21251.3961154241,21820.553884575893,21070.04223084821,22001.907769151785,20876.14028856026,21147.067107912502,21331.33,21515.5928920875,1.727626848279029,0.8217413952878133,70.34809063264838,21331.33,21277.44,21276.165,21358.71931490169,21313.04141544916,21284.27281746603,57.69378942702173,54.02075758475919,122.51158139689964,0.7883376307582135,195.5933389939123,1
1674054240,-0.4434188901073337,-0.44925708642559375,-0.4134016779867892,-0.4662692723272934,0.5134664941764914,0.4054756350225318,0.4378889428252108,35.148639836887014,17.577792157927725,17.57084767895929,21428.4,21542.800000000003,21335.500000000004,21635.7,21221.1,21750.1,21128.200000000004,21210.32587305816,21364.095,21517.864126941844,1.4395098593396334,0.5852089119616084,61.90747903034086,21364.095,21290.9025,21284.79125,21369.24620993446,21327.08843082204,21294.370644374027,54.77092541921033,56.34957306484582,133.93218272569266,0.6333602673168631,130.13998384090155,0
1674056700,-0.4449847000490075,-0.6049068170589781,-0.4701120447591266,-0.7363885810487757,5.998148257267352,5.258325610008144,0.6125574721247935,3.3662031078383734,-11.363715656896732,14.729918764735109,21406.56666666667,21539.63333333334,21257.233333333337,21688.96666666667,21124.166666666668,21822.03333333334,20974.833333333336,20934.393845319773,21302.765,21671.136154680225,3.458435134408384,0.0235240388125257,31.73388149239057,21302.765,21263.31,21269.18125,21230.07247328964,21258.840534308936,21261.73772586221,48.79685651018463,53.75385711880557,186.90929621971625,-1.299837711663811,-259.0451256993927,0
1674059160,-0.5235963267774565,-0.6760728940931426,-0.5480393926524236,-0.7776011107861062,4.512090331515593,3.884149239327094,0.7471792634300582,-37.56922399449832,-41.839314207386735,4.270090212888423,20955.17892388068,21391.25784776135,20515.646076119327,21830.790695522697,20079.56715223865,22266.869619403373,19640.034304477304,20618.437850164464,21195.175,21771.91214983553,5.442155111581151,0.1150976227848297,25.59204442214969,21195.175,21216.4725,21240.72625,21070.448315526428,21166.54225534368,21213.115085303907,38.1145403793018,47.22744076956559,228.50280261980856,-2.2072779497233097,-269.90620466839005,1
1674061620,-0.5984869418983791,-0.6071426793470478,-0.5632799692932879,-0.6189095974969215,2.4407880052074824,2.0983522506103567,0.8233033473468558,-53.71926831690144,-46.39148682383188,-7.327781493069549,20776.139461940333,21148.278923880665,20379.060538059657,21545.35784776134,20006.921076119324,21917.49730970168,19609.84215223865,20550.558667551293,21097.71,21644.861332448705,5.186831485016203,0.3608383175103789,38.0904360636598,21097.71,21189.3925,21223.963750000003,21028.773877017626,21126.33911800845,21187.62079146544,36.85519146461981,41.25552945136875,239.23117386125088,-1.2763816371668348,-117.38804533136212,1
1674064080,-0.6014654342428077,-0.6073112562655923,-0.5913909445876294,-0.6203418313713727,0.4819315320981447,0.3448750648212951,0.8498654271639551,-65.7981432895358,-46.776289437173,-19.021853852362803,20974.175000000003,21101.150000000005,20818.450000000004,21256.875000000004,20691.475,21383.85000000001,20535.750000000004,20574.79948923954,20996.72,21418.640510760462,4.018918295433393,0.4386495812840537,38.07359258547384,20996.72,21164.025,21208.13375,21000.832584678414,21093.35927837056,21164.50928751635,38.57877266839376,37.84950150410513,236.91466144259005,-1.19665780209801,-102.3573343214978,1
1674066540,-0.603038973051027,-0.6034073697308668,-0.5896669924106293,-0.6200553845964827,0.43619374114230125,0.3050680277176828,0.8589643391963537,-73.6343200539668,-43.6899729612832,-29.944347092683607,20946.05,21048.9,20842.1,21152.85,20739.25,21255.7,20635.3,20750.98870515338,20909.85,21068.711294846617,1.5194876562636075,0.6450951285664396,38.7490722269229,20909.85,21136.9725,21191.64875,20985.871723118944,21068.37577321227,21144.64649822908,44.10419365284972,39.846052595287766,235.056471339548,-1.2744697364965112,-81.43936982302883,1
1674069000,-0.6018737024634943,-0.6144269767220689,-0.6181297946798686,-0.5997534694261378,-0.17333793175544157,-0.2386789399883628,0.8660020410793996,-81.41156031038554,-41.17377057416154,-40.237789736224,20951.61666666667,21059.233333333337,20848.333333333336,21162.51666666667,20740.716666666667,21270.13333333334,20637.43333333333,20749.8882096053,20904.485,21059.081790394703,1.4790777232225727,0.5660265971495243,37.50546140145634,20904.485,21103.625,21173.28,20965.547815412632,21042.28926899185,21123.7182603025,43.550302245250464,42.07775618883132,223.50243767243737,-1.5686758748022769,-74.08907456923882,0
1674071460,-0.606801143691585,-0.6364661907044729,-0.6305199490777862,-0.6358099572154451,-0.09427214576446116,-0.17035249806847266,0.8697188617450909,-91.53091879834392,-41.03450324969594,-50.49641554864798,20933.2,20965.7,20892.4,21006.5,20859.9,21039.0,20819.1,20859.719111764487,20926.805,20993.89088823552,0.6411479271251704,0.0229622675986643,35.08050622150002,20926.805,21060.99,21152.56125,20931.298543608424,21009.65485644788,21098.86890217845,41.33338730569957,42.99596106793325,217.4510769141853,-2.0026633285030098,-82.25431156267605,0
1674073920,-0.6202850173493465,-0.6692499651267695,-0.6438864516831493,-0.6849355791091188,0.5673838049953274,0.40930572274084914,0.8787822096599285,-105.7850495931998,-44.23090723564145,-61.55414235755835,20867.194462352305,20934.38892470461,20795.6055376477,21005.977849409213,20728.4110752954,21073.17231176152,20656.8221505908,20754.37532198124,20891.805,21029.23467801876,1.3156324024540516,0.0583923292630061,31.788045765455827,20891.805,20994.7575,21127.71,20877.674029072285,20966.158518911903,21067.588530542413,36.326775690846446,40.40348841393216,218.91826381520468,-3.090247401756644,-94.93476188451336,0
1674076380,-0.6434196536534801,-0.6637845239781547,-0.6668197113889262,-0.6580095822694375,-0.43168646150120116,-0.4730971530713295,0.7788659465949601,-114.51879822629051,-42.371724694985744,-72.14707353130478,20778.005564509487,20893.21112901897,20655.21943549052,21015.997258037944,20540.01387098103,21131.20282254743,20417.227741962062,20713.14168960271,20859.980000000003,21006.81831039729,1.407847087075749,0.247494370510783,32.918385962465464,20859.980000000003,20928.35,21102.895,20847.057686048192,20933.370606382465,21040.75390858599,32.57367227979288,36.744611758779634,210.25326974013512,-3.095935179184988,-81.6736990285474,0
1674078840,-0.6522541158172492,-0.6807398129960195,-0.6755772735351,-0.7009765985029711,0.030517851146212513,-0.06635613051799472,0.7820748677537301,-123.86753236074584,-41.376367063552834,-82.49116529719299,20786.477782254744,20834.955564509488,20737.347217745257,20884.08612901897,20688.86943549052,20932.56391127372,20639.738870981026,20680.42216724657,20816.4,20952.377832753435,1.306449076242128,0.2119015709638746,31.19155297421021,20816.4,20863.125,21077.01375,20810.7217906988,20897.85776885838,21011.924964911133,29.20714594127811,32.702531303972485,209.00065571456244,-3.049279346245745,-92.36231900543856,0
1674081300,-0.6651494114991959,-0.6706518152915134,-0.6727333411840205,-0.6588331167472466,-0.4645078486697764,-0.5022320081370153,0.7289402635705786,-127.51292198334704,-36.01740534892323,-91.4955166344238,20722.25555779404,20826.51111558808,20633.794442205963,20914.97223117616,20529.53888441192,21019.2277889702,20441.077768823845,20700.74822918968,20784.715000000004,20868.681770810326,0.807966535122781,0.3913856051389147,33.42914247654878,20784.715000000004,20844.6,21053.955,20795.972860465863,20873.96999270231,20988.54877777674,29.10055051813464,30.29378957973521,200.00775173495072,-0.8841754079914662,-72.72996559981283,1
1674083760,-0.6665528105435855,-0.6889291022495461,-0.688987747424303,-0.6871555416145183,0.4439447122219936,0.2983122888252973,0.7219521341922135,-133.02411987018422,-33.22288258860833,-99.8012372815759,20773.658333333333,20811.616666666665,20728.516666666663,20856.75833333333,20690.55833333333,20894.716666666664,20645.416666666668,20704.48263377376,20755.15,20805.81736622625,0.4882389790124127,0.1035416581492752,31.434622683082623,20755.15,20840.9775,21028.725,20768.97357364391,20845.06181221098,20962.494132274194,27.79545153331172,28.70104933090816,194.00719803959709,-0.174568217741635,-92.1103951475795,1
1674086220,-0.6763936063902789,-0.6925668147023585,-0.6931041230306073,-0.6904496795257549,-0.18537735826263615,-0.25750236307947066,0.7257479505947223,-136.64372938414817,-29.473993682057824,-107.16973570209036,20714.725,20772.85,20656.85,20830.725,20598.725,20888.85,20540.85,20680.98518865002,20742.01,20803.034811349982,0.5884175289664192,0.1945095021583102,31.03770176263358,20742.01,20816.9075,21003.15,20747.55738242928,20819.54602817262,20937.944691105226,27.483006049196764,28.126336033547705,188.2566838939116,-1.1491769682400843,-89.9733931829105,1
1674088680,-0.683132950669473,-0.6843420355712427,-0.6955317291574031,-0.6789201968364244,-0.36701180918716886,-0.41766724458740523,0.7287528458911705,-136.0736943380034,-23.12316690873044,-112.95052742927297,20704.341666666667,20761.283333333333,20647.783333333333,20817.841666666667,20590.841666666667,20874.783333333333,20534.283333333333,20687.873278527208,20730.425,20772.97672147279,0.4105243522290695,0.4703302250460965,33.09471333357305,20730.425,20795.202500000003,20979.61375,20741.00492161952,20802.88311395941,20917.940434809487,28.59907808531128,27.95917855593992,180.12406361577516,-1.036287983499599,-77.23799517631099,0
1674091140,-0.682390029463042,-0.6825764141612196,-0.6887062858443836,-0.6712219397612496,-0.43575721226314285,-0.4777711483655302,0.7334043908813824,-133.6795222153778,-16.583195828883873,-117.09632638649391,20720.5,20761.4,20687.0,20794.9,20646.1,20835.800000000003,20612.6,20687.38221976469,20729.39,20771.397780235304,0.4052968296250336,0.5414804112533386,33.55291741316794,20729.39,20772.895,20954.93375,20738.294947746348,20790.15436596679,20900.315155303822,33.85165714428484,29.977913759597627,172.42234478607716,-1.0644948093500926,-59.52692908170013,1
1674093600,-0.6811357144090653,-0.6860810395730754,-0.6887414685418742,-0.68608136620868,-0.288406073519768,-0.34826923070433413,0.7331097873414002,-131.0680822649956,-11.17740470280134,-119.89067756219428,20735.791666666668,20770.483333333337,20698.18333333333,20808.09166666667,20663.491666666665,20842.78333333334,20625.88333333333,20700.82871196485,20720.695,20740.561288035147,0.1917531051458224,0.558012850612109,33.06880554825794,20720.695,20752.705,20928.165,20733.1966318309,20777.944481245555,20883.42799765584,31.98664107730549,31.479125435633872,168.22789158707172,-0.9648791631023396,-67.29039447069903,1
1674096060,-0.6822609564200275,-0.6713083780268985,-0.683288150430957,-0.6622452554188732,-0.4816862695728791,-0.5176873776354778,0.7189503751963773,-124.2079161242109,-3.4537908496132985,-120.7541252745976,20718.63333333333,20777.666666666664,20663.966666666664,20832.33333333333,20604.93333333333,20891.366666666665,20550.266666666663,20691.66410934928,20730.625,20769.585890650727,0.3758776269478356,0.9363349942997932,37.18308572645496,20730.625,20742.8875,20901.93875,20743.67275455393,20775.522757382725,20872.11342645052,32.27552275936199,32.70460699365078,160.91161361656654,-0.4705744195410151,-30.21668791206815,0
1674098520,-0.6754368806389595,-0.6667656736955806,-0.6746683895459589,-0.6558970373046216,-0.45458376868046735,-0.49356004819390037,0.7143237107468372,-116.39658463357772,3.4860325128159104,-119.88261714639364,20759.86514758693,20793.559852413066,20730.93029517386,20822.49470482613,20697.23559034773,20856.189409652263,20668.30073793466,20701.71562025412,20745.165,20788.614379745883,0.4188868080430475,0.8712365997935763,38.43631435231804,20745.165,20743.5875,20869.1725,20754.92350303596,20775.86861967677,20863.09548107428,30.18739116228404,31.483184999650508,154.37506978681162,0.0337017658521672,-4.014359815365438,1
1674100980,-0.669753378030879,-0.6558170464595556,-0.6547549827667378,-0.649626946312562,-0.39185385354103036,-0.4369309005307015,0.6585487190085163,-106.489170108056,10.71475763067012,-117.20392773872612,20778.20833333333,20812.516666666663,20743.116666666665,20847.60833333333,20708.80833333333,20881.91666666666,20673.716666666667,20699.57915666887,20761.24,20822.90084333113,0.593999619783118,0.8814008814914602,41.467288502930494,20761.24,20745.8325,20837.09125,20772.707335357307,20781.76068882645,20857.87448287673,41.16612949337502,34.54301447167368,151.0974676098821,0.1080062975609615,59.00475765444992,1
1674103440,-0.6614370418411921,-0.6484795142681515,-0.6618970703571659,-0.6412369848501166,-0.5987608591795375,-0.6204574629660151,0.6330853312005681,-95.86411120506456,17.07185322692925,-112.9359644319938,20813.195453563403,20864.979546436603,20756.490907126805,20921.6840928732,20704.706814253605,20973.4681857464,20648.002267817006,20707.31642330951,20780.455,20853.59357669049,0.7039169901765212,0.8315281906921667,43.47576764873695,20780.455,20754.9225,20809.02375,20791.45489023821,20790.34056358528,20855.119770221805,51.89965466164997,41.08439177243634,144.93027847024,0.4383247219483098,98.67266273538978,1
1674105900,-0.6536099258529687,-0.6532972651507788,-0.6697076291998979,-0.6371705793961734,-0.6694854223824716,-0.6834844600294009,0.6256853761507439,-87.53007233571407,20.324713677023794,-107.85478601273786,20821.13106011504,20857.41893988496,20792.662120230067,20885.887879769925,20756.37424046014,20922.17575953985,20727.90530057517,20750.778028074485,20798.93,20847.08197192552,0.4630235490529145,0.6707614386534139,42.445895328295215,20798.93,20759.8125,20802.20625,20799.42826015881,20794.89227929704,20851.334554010205,63.00137018887017,52.02238478129838,136.91740143665143,0.2354756885797972,101.47251992314835,0
1674108360,-0.6521053626667251,-0.6490118624319777,-0.6613693298948191,-0.6353802870531094,-0.5558336711565832,-0.58229868516351,0.6216531342843006,-79.03981313794793,23.05197829983196,-102.09179143777988,20812.99166666667,20829.783333333336,20798.583333333336,20844.19166666667,20781.791666666668,20860.983333333337,20767.38333333333,20774.12734820973,20811.495000000003,20848.86265179027,0.3591058863408678,0.7134867891826366,43.72292108999423,20811.495000000003,20771.06,20806.01875,20808.76884010588,20800.8118648794,20849.05983458066,72.90138383051185,62.600802893677326,130.70187276260475,0.5429646910025341,109.89901865178416,1
1674110820,-0.6492102735373284,-0.6467937450827019,-0.6614396952897976,-0.6314416438983689,-0.6698266671535656,-0.6834881691934872,0.6161716732302955,-70.98858655122967,24.882563909240176,-95.87115046046983,20826.58333333333,20851.966666666664,20802.066666666666,20876.48333333333,20776.68333333333,20901.86666666666,20752.166666666668,20803.89584925483,20822.75,20841.60415074517,0.1810918418092715,0.7903869855502731,44.41045486528706,20822.75,20783.9575,20800.432500000003,20817.07922673725,20806.79152581041,20847.59699319203,79.52416088209745,71.80897163382649,124.13031042241876,0.6229254433468795,105.1212322088642,1
1674113280,-0.6466536153410116,-0.6488255405746393,-0.6648524169463074,-0.6341628882598268,-0.19073020087841563,-0.25816015672746667,0.6204925872244328,-64.32835390862965,25.23423724147216,-89.56259115010181,20832.266666666663,20852.33333333333,20813.63333333333,20870.966666666667,20793.566666666666,20891.033333333333,20774.93333333333,20814.540736634564,20826.69,20838.83926336544,0.116670132079887,0.552883864698159,43.88161371896993,20826.69,20793.965,20794.58375,20820.711151158168,20810.64306657216,20845.728231935645,83.31153198240132,78.57902556500353,117.87814539224613,0.4828033713014684,81.15301558050574,1
1674115740,-0.6463912343294133,-0.6545394108663734,-0.6636562052316554,-0.6440811078403997,-0.2662617128268533,-0.32579452686543864,0.6287272128938507,-59.66146675094205,23.92089951932782,-83.58236627026987,20824.591666666667,20844.583333333336,20807.983333333334,20861.19166666667,20787.991666666665,20881.18333333333,20771.38333333333,20806.768728454867,20823.275,20839.781271545136,0.1585367483754111,0.1546767097333533,42.35414948452361,20823.275,20801.865,20787.38,20817.76576743878,20810.867054468123,20842.50411460844,80.23595654300648,81.02388313583509,114.29399214994262,0.3810373621603371,52.41386649226781,1
1674118200,-0.6491171205386524,-0.6673956190227754,-0.6724675843887441,-0.6506335778160147,-0.20206998668767745,-0.26996305234899587,0.6312601384075012,-58.214914513424446,20.293961405476352,-78.5088759189008,20811.125,20845.35,20777.65,20878.825,20743.425000000003,20913.05,20709.950000000004,20773.08607262198,20815.33,20857.573927378016,0.4058924588562206,0.0303466975865951,39.05968802276932,20815.33,20807.13,20779.917500000003,20803.727178292524,20804.463953655737,20836.137056074305,70.90636704119784,78.15128518886856,110.48409001015314,0.2540655310524608,4.9593876974008815,0
1674120660,-0.6569084862521041,-0.6676617931046885,-0.6766738033028771,-0.6605876032434498,-0.3564603259259598,-0.4066215056783961,0.6187685723039472,-56.47798709641575,17.62471105798805,-74.1026981544038,20784.60178739763,20810.603574795263,20749.648212602373,20845.55714959052,20723.64642520474,20871.55893698816,20688.692850409483,20754.492458829023,20804.82,20855.147541170976,0.4838065522410333,0.2027472502744392,38.99206380700425,20804.82,20808.1575,20775.5225,20794.118118861683,20799.088689354696,20830.3049554958,62.12941205803727,71.09057854741387,108.07808358085644,0.0494831955790266,-30.317290548458104,1
1674123120,-0.6609372627446242,-0.664476576591129,-0.6789958613372026,-0.6519225883030202,-0.4879332191368243,-0.5232079385581188,0.5850791574534085,-53.757568327004265,16.276103861919623,-70.03367218892389,20771.1,20811.4,20734.6,20847.9,20694.3,20888.2,20657.8,20752.20095681165,20794.855,20837.509043188347,0.4102365050234562,0.3712900445156499,40.32354298709354,20794.855,20808.8025,20776.195,20790.70374590779,20796.32256401748,20825.88305497239,57.1870130240197,63.407597374418266,103.6439347536524,0.031043307820854,-24.271569858166725,1
1674125580,-0.6613589638158869,-0.6747686410917688,-0.6805790827242431,-0.6680352193905953,-0.2416672877461925,-0.30568400831641473,0.5664094030550465,-53.32695455237263,13.365374109241015,-66.69232866161364,20779.95833333333,20804.916666666664,20758.916666666664,20825.95833333333,20733.95833333333,20850.916666666664,20712.916666666664,20743.28148054232,20780.235,20817.18851945768,0.355660265224896,0.1568662420768262,37.47734512357038,20780.235,20803.4625,20774.6475,20778.760830605195,20788.786643287025,20819.12038307025,53.07497226184832,57.4637991146351,102.41936798553436,-0.2566286729678527,-90.12292741955504,0
1674128040,-0.6667161016022087,-0.6793645802394686,-0.6899133742417479,-0.6659226744257793,-0.4538505759749786,-0.493832305754561,0.49288695326516563,-53.41491293917352,10.621932577952109,-64.03684551712563,20753.791666666668,20797.583333333336,20711.083333333336,20840.291666666668,20667.291666666668,20884.083333333336,20624.583333333336,20735.326795001896,20766.245000000003,20797.16320499811,0.29777367066705,0.106704205475498,36.246978151908586,20766.245000000003,20794.76,20774.84125,20766.482220403464,20780.266344507563,20811.768441825472,41.45469395547656,50.57222641378153,98.9657763534997,-0.4178079067835942,-128.3323940298802,1
1674130500,-0.6716927539400706,-0.6826030315694113,-0.6889525647268124,-0.6798511488548171,-0.17750697019449005,-0.2495922004231218,0.48151236576182327,-53.60302947653327,8.347052832473892,-61.95008230900716,20742.598028379016,20769.29605675803,20715.22697162098,20796.667113516065,20688.528943241967,20823.36514189508,20661.15788648393,20719.123125852268,20757.675,20796.22687414773,0.3714469385201543,0.1773827401402277,35.365931835460984,20757.675,20786.5025,20773.1575,20755.25481360231,20771.63610005164,20804.24763784209,31.39894526202285,41.97620382644925,98.73250661396406,-0.3967019570870125,-147.58457364429967,1
1674132960,-0.6758003860111584,-0.684732424224716,-0.6868767855749157,-0.6855442785057608,0.775216218463951,0.5919921581178452,0.5000012572088236,-53.61818597187812,6.665517069703235,-60.28370304158136,20727.5,20778.0,20682.3,20823.2,20631.8,20873.7,20586.6,20707.54177499508,20748.055,20788.568225004925,0.3905255215963579,0.2376782520100861,34.76751521415506,20748.055,20776.4375,20773.74875,20745.76987573488,20763.48408186043,20796.871672333324,26.786008625253213,33.21321594758421,100.07304185582376,-0.4832564716275946,-132.30925409633502,1
1674135420,-0.678918951133053,-0.6746976613365917,-0.6769904475802844,-0.6621988663522073,-0.03561873312914583,-0.12281642291096947,0.47459690709699454,-50.76347170502777,7.616185069242874,-58.37965677427064,20722.166666666668,20783.233333333337,20665.733333333337,20839.666666666668,20604.666666666668,20900.733333333337,20548.233333333337,20719.456930898217,20742.295,20765.133069101787,0.2202077359499962,0.7797959832558735,39.92620767286151,20742.295,20768.575,20776.26625,20748.871583823253,20761.955157885808,20792.891036873007,36.61764956312068,31.60086781679892,98.6678245804079,-0.3773933578769013,-43.42875391645136,1
1674137880,-0.6754606036245787,-0.6647871130200276,-0.6527143863123304,-0.6640965762358547,0.9927593134995178,0.7899233209859426,0.5011780978550066,-45.72073577851188,10.127136796607012,-55.84787257511889,20762.691666666666,20799.08333333333,20718.68333333333,20843.091666666667,20682.291666666664,20879.483333333334,20638.28333333333,20707.99597965761,20747.92,20787.84402034239,0.3848484122011935,0.9393345121452362,44.58702849313234,20747.92,20764.0775,20779.02125,20760.24772254884,20765.78149281566,20791.94903336129,45.90979954546234,36.43781924461208,102.67012282466452,-0.2159355386205262,25.073888716161385,1
1674140340,-0.6687759101642895,-0.6378680408692168,-0.6236886608832549,-0.6486408248349774,0.9863495361693162,0.7916590409641184,0.4440887862361563,-35.19812802094748,16.519795643337133,-51.71792366428461,20793.233333333334,20865.466666666667,20710.766666666663,20947.93333333333,20638.533333333333,21020.166666666668,20556.066666666666,20675.27315944539,20771.305,20867.33684055461,0.924658711184584,0.9558123612668596,54.83670318955116,20771.305,20768.775,20785.32,20793.11514836589,20782.703039576445,20798.320553993548,57.60798739196306,46.711812166848695,109.19615404000756,0.2257124838583671,148.05632792408315,0
1674142800,-0.6519733604008808,-0.6283212637979331,-0.6363896146770693,-0.6316895205862817,0.1798321730380839,0.07377315829216044,0.44382572774644813,-24.40693244996873,21.84879297145271,-46.255725421421445,20860.40514672017,20956.644853279817,20762.61029344035,21054.43970655964,20666.37058688071,21150.679413119284,20568.575733600883,20680.358419497195,20801.895,20923.431580502805,1.16851450796002,0.8449784404542475,57.81673058927537,20801.895,20779.785,20793.4575,20823.99343224393,20801.438850562547,20806.64716789892,66.32590238307557,56.61456310683366,109.29587731713102,0.5299473181344436,149.7437731334587,1
1674145260,-0.6387984604487086,-0.6292883629622169,-0.6425817694352716,-0.6219889003269923,-0.28358920148760774,-0.3392057685032583,0.4081614887560619,-15.891529282394911,24.29135691122123,-40.18288619361614,20873.11924002676,20934.730759973245,20824.13848005351,20983.71151994649,20762.526960107018,21045.32303989298,20713.546200133773,20725.342065881006,20833.140000000003,20940.937934119,1.0348697711338437,0.7313819852286364,57.40351942184884,20833.140000000003,20790.5975,20799.3775,20843.67062149596,20816.27269591481,20813.92124714664,72.29047458768086,65.40812145423983,106.1961717944789,0.5204597856066695,135.6168317176541,0
1674147720,-0.6326945840160072,-0.6258813347137298,-0.6304789214987838,-0.6122400674589807,0.010935007767771607,-0.07596125893461476,0.39845452155613614,-8.273005099450529,25.527904875332496,-33.800909974783025,20875.375,20912.15,20846.25,20941.275,20809.475,20978.050000000003,20780.35,20779.726264295747,20860.65,20941.573735704256,0.7758505674967443,0.6975625551745096,58.52802760752179,20860.65,20801.4725,20805.1375,20859.98874766397,20830.154933021207,20821.416842656487,76.07988331650405,71.5654200957535,103.83023595058316,0.5232421769280271,142.55435558304495,0
1674150180,-0.6279390472614966,-0.6354458567238073,-0.641350375023129,-0.6383521723425953,1.03937232733808,0.8364756737753016,0.42369202146710777,-4.359654185755062,23.55300463122237,-27.91265881697744,20899.117310006688,20932.40768999332,20859.33462001337,20972.190379986627,20826.04424002675,21005.48075997325,20786.26155003344,20851.65837467785,20877.185,20902.711625322147,0.2445408738979791,0.2745491255749459,54.202118554803874,20877.185,20812.5525,20808.0075,20861.88416510932,20836.61312701735,20825.63190526063,73.82755525636712,74.06597105351734,104.63521909696998,0.5338504809111078,71.2499701236546,1
1674152640,-0.6303437768637599,-0.610638432289506,-0.6033530617341575,-0.6107458644125504,0.813719832583436,0.6432210795523224,0.4568650879021457,4.3321125322218,25.795817079359388,-21.46370454713759,20855.525,20918.15,20803.05,20970.625,20740.425,21033.25,20687.95,20845.96490147823,20892.53,20939.095098521768,0.4457583502023829,0.9622023937077956,62.03916383017926,20892.53,20831.9175,20813.338750000003,20886.447776739544,20854.606194832377,20836.102676188188,74.70809367671337,74.87184408319484,107.89877487575788,0.9336163350315916,138.164791641381,0
1674155100,-0.6191418148089214,-0.5734627855156433,-0.5605709015865752,-0.5985673143663537,1.4140178731091746,1.1907633166196325,0.5073063842138699,19.44865782371562,32.729889896682565,-13.281232072966946,20940.525,21011.05,20865.05,21086.525,20794.525,21157.05,20719.05,20797.81349757982,20923.445,21049.07650242018,1.2008682358013172,0.9651699523941508,70.25397292675731,20923.445,20862.67,20824.58625,20937.740184493032,20888.3732503174,20855.55242131312,75.26049782505719,74.5987155860459,116.8765237237386,1.4832777048927377,175.90703970590127,0
1674157560,-0.5949520893156531,-0.53999583094977,-0.5474477554228832,-0.5741634350562154,0.4430477037992909,0.3230448286604508,0.528358308800006,38.59297498572778,41.49936564695578,-2.9063906612280013,21027.312580417503,21150.612419582496,20917.025160835008,21260.89983916499,20793.725321670016,21384.199678329984,20683.43790208752,20773.701416106367,20973.765000000003,21173.82858389364,1.9077507914638685,0.9020221893193676,75.41242841118678,20973.765000000003,20903.4525,20839.945,21003.368456328688,20933.14629571424,20882.13076214044,83.02851773133779,77.66570307770279,123.00899555588184,1.9676216299670028,185.189865827756,0
1674160020,-0.5661229200952292,-0.5458250433436665,-0.5388983599328648,-0.5491598078111521,0.5801997016768439,0.44512699531028055,0.530608417072829,51.84202148034456,43.79872971325805,8.04329176708651,21093.89795687542,21215.62704312458,21012.895913750835,21296.62908624916,20891.166827501675,21418.358172498323,20810.16478437709,20810.778581455143,21018.88,21226.981418544856,1.980138033471382,0.7386336448220606,73.03662880459214,21018.88,20939.765000000003,20854.17,21041.645637552458,20966.7924237662,20904.613546698496,85.56463403562692,81.2845498640073,125.45121015903318,1.749572092608675,163.42756901369597,1
1674162480,-0.5546230861088984,-0.5816609472385675,-0.5787960780060405,-0.5735077836768212,-0.05098980324311365,-0.12656807583454602,0.5118025089617222,53.57655054045608,36.42660701869566,17.149943521760424,21119.8,21197.6,21040.4,21277.0,20962.6,21354.8,20883.2,20904.7732779752,21049.19,21193.606722024808,1.3721831768804926,0.3893306829298016,60.4320731503196,21049.19,20963.1875,20863.6325,21033.50542503497,20975.96198308143,20915.338447012924,81.09677304584615,83.22997493760361,126.790409433388,1.1270028388586757,82.958100295826,0
1674164940,-0.5667920089480883,-0.5961319448252421,-0.5908590758479749,-0.591446512954321,-0.12256754144699261,-0.19216171558735662,0.5263914302739615,51.07224652156583,27.137842399844324,23.934404121721503,21025.67448921885,21077.34897843771,20965.550510781144,21137.47295687542,20913.87602156229,21189.14744609428,20853.75204312458,20936.96957400552,21057.365,21177.76042599448,1.14349944539101,0.1639614863620031,56.21325915403967,21057.365,20974.9475,20871.86125,21014.48695002332,20976.05071343026,20921.15859491645,69.91110698135411,78.85750468760908,126.84907546159448,0.5637894706563507,45.44239185404332,1
1674167400,-0.5801123277003294,-0.5780143623163575,-0.580484308365795,-0.5675998189447103,-0.42157459920449364,-0.4579492166244851,0.5338440554368733,52.60052973728671,22.93290049245216,29.667629244834547,20983.95391127609,21044.007822552187,20916.396088723908,21111.56564510437,20856.342177447816,21171.619556380465,20788.78435489563,20932.52986055299,21054.8,21177.07013944701,1.16144669573693,0.3883619495182192,59.98016399844329,21054.8,20989.1225,20884.45375,21018.82463334888,20985.405129170213,20931.28634778155,62.960268732664304,71.32271625328819,125.2562843571948,0.6786924098966999,67.36527699015969,0
1674169860,-0.5777132469334303,-0.5671633322437,-0.5764734808519586,-0.5576099876704133,-0.45566923354558303,-0.48820157544951787,0.5378350639927022,55.637497729807365,20.775894787978253,34.86160294182911,21033.0,21075.5,20985.0,21123.5,20942.5,21166.0,20894.5,20945.02646946897,21039.49,21133.953530531027,0.8979640716674159,0.598371296814372,62.08403700842271,21039.49,21006.6275,20898.6125,21031.90808889925,20998.617832957447,20943.361457516643,64.3957197245354,65.75569847951795,121.59512118882375,0.8382406284530103,72.47274326237975,0
1674172320,-0.5710879226641248,-0.5593821765824406,-0.5660594023949818,-0.5519168580194708,-0.06847072961934683,-0.13957230354378594,0.5518499621347082,59.131845897962194,19.41619436490646,39.71565153305573,21056.291666666668,21094.18333333333,21020.18333333333,21130.291666666668,20982.291666666668,21168.18333333333,20946.18333333333,20960.811158509,21031.85,21102.888841491003,0.6755358324731763,0.8388991077937156,63.56328586639838,21031.85,21025.365,20913.41875,21047.93872593284,21013.414590601544,20956.374652038867,69.06089619042841,65.47229488254271,119.17404110390784,0.8968475718106269,79.70465300852612,0
1674174780,-0.5638844899097706,-0.5663736824673583,-0.5781270676339789,-0.5576457935172753,-0.32758125044278447,-0.37340657479249795,0.5522946167177863,59.62420590551483,15.926843497967267,43.69736240754756,21078.766666666663,21123.233333333334,21035.533333333333,21166.466666666667,20991.066666666666,21210.93333333333,20947.83333333333,20968.173550987085,21040.465,21112.756449012915,0.6871658873785832,0.637187732925754,61.25098913168039,21040.465,21044.8275,20928.69,21052.05915062189,21021.93921049217,20966.27230422564,69.63386859882156,67.6968281712618,115.6187524536288,0.9327519958017174,53.26074963613708,1
1674177240,-0.5637786996994406,-0.556622838599941,-0.5581784781572686,-0.5471904862337819,-0.398479949262482,-0.4356893210418128,0.5596055129161439,61.5222178099466,14.25988432191923,47.262333488027366,21055.43333333333,21092.56666666667,21023.166666666668,21124.833333333336,20986.033333333333,21161.96666666667,20953.766666666663,21020.832680271946,21062.73,21104.627319728053,0.3978337065333301,0.7988854676452265,63.25846652337839,21062.73,21060.0475,20945.9825,21063.96443374793,21033.90935403905,20977.843989537483,70.3296664568913,69.67481041538042,114.28169870694114,0.7269922130154091,78.64207025879023,1
1674179700,-0.5588501410697011,-0.536154051700824,-0.5312285318800911,-0.5377418730132623,0.012984340474933952,-0.06317737526305471,0.578393329127737,66.9090109794015,15.71734199309931,51.19166898630219,21093.225,21138.950000000004,21042.050000000003,21190.125000000004,20996.325,21235.85000000001,20945.15,21022.99078556935,21086.32,21149.64921443065,0.600666350796636,0.966846150955749,67.11043525940777,21086.32,21070.56,20966.615,21091.126289165288,21054.18947148649,20993.80646672439,73.58045849504647,71.18133118358645,116.6266870427978,0.4996358183630718,123.73745065544018,0
1674182160,-0.5461509611622984,-0.5458427882824606,-0.5570174491401059,-0.5353387509226993,-0.3925625574315411,-0.4301433827666532,0.5784145194695047,68.189159348869,13.597992290053448,54.59116705881555,21146.779488197026,21219.67051180298,21072.558976394044,21293.89102360596,20999.667952788088,21366.78204721192,20925.44744098511,21038.28965379892,21098.335,21158.38034620108,0.5691951161177503,0.6650002977220373,63.705847748417504,21098.335,21068.9125,20986.182500000003,21100.13419277686,21065.818658488948,21005.648707988734,76.96772552304337,73.62595015832706,113.08906653974095,-0.0779526487931465,82.14942670977692,1
1674184620,-0.5446459795514852,-0.5565873487223532,-0.5689058176714751,-0.5420344442857573,-0.45976238021443955,-0.49109589288511685,0.5738590428912537,65.99994044347841,9.12701870773028,56.87292173574813,21115.483333333334,21150.36666666667,21083.266666666663,21182.583333333336,21048.38333333333,21217.46666666667,21016.166666666664,21041.4795918172,21099.91,21158.3404081828,0.5538450939629381,0.3970142398941598,60.06658370629755,21099.91,21065.88,21002.8225,21096.04779518457,21069.828902400048,21013.479783418377,73.46671438297237,74.67163280035408,109.02913321547376,-0.1435965186426908,40.4667225694572,0
1674187080,-0.5492660351776192,-0.5550790289248456,-0.5656020273276148,-0.5358400327787565,-0.37260380456682246,-0.41246265908964946,0.5667380267606257,63.87163571197743,5.59897118098344,58.27266453099399,21087.89487204926,21113.88974409852,21061.88012795075,21139.904488197026,21035.88525590149,21165.899360246283,21009.870511802983,21061.04908928048,21106.275,21151.50091071953,0.4285541690281597,0.3435631281395858,60.40850459562064,21106.275,21073.370000000003,21018.27875,21094.74019678972,21073.88273832732,21020.9698040452,65.79722692201608,72.07722227601062,104.39133798579697,0.3563743548446641,47.2047490738362,1
1674189540,-0.5508218657211862,-0.5742879251695742,-0.5750279455312401,-0.5798454185712677,0.5845184791756095,0.44310195620986326,0.5961455192868583,57.15861478887018,-0.8912397936990502,58.04985458256923,21098.20833333333,21117.216666666664,21073.116666666665,21142.30833333333,21054.108333333334,21161.316666666666,21029.016666666663,21024.87522832,21096.32,21167.76477168,0.6773197570002604,0.091852569273962,54.06016437557459,21096.32,21079.525,21027.23625,21075.82679785981,21067.35860408598,21022.591727469466,53.273672973104425,64.1792047593643,106.94971770373589,0.2934242924803733,-78.70561647660944,1
1674192000,-0.5612047050427473,-0.590063175757624,-0.5853204069088227,-0.5795589717963777,-0.339378521794433,-0.3858015321698278,0.5836725637849203,47.70187629026623,-8.278382633842405,55.98025892410863,21030.26955134565,21104.23910269129,20964.03044865435,21170.478205382587,20890.060897308704,21244.44775672824,20823.821794617408,20976.884339874458,21065.94,21154.99566012554,0.8454942919759687,0.0935687866557178,49.46289279772344,21065.94,21076.13,21032.62625,21048.40119857321,21053.938857888526,21019.825848662847,40.39721814528622,53.15603934680225,107.17861836907404,-0.1614552371893983,-102.77130838254844,0
1674194460,-0.5742841408515635,-0.5988025581137708,-0.598285992114717,-0.5885820452054188,-0.43494433473569377,-0.4716531561572278,0.5711797757119071,37.7847520957439,-14.556405462691783,52.34115755843568,21005.96810900616,21054.836218012308,20944.68189099384,21116.122436024623,20895.813781987683,21164.99054503077,20834.527563975367,20937.52099023888,21036.095,21134.66900976112,0.9371892431662784,0.1592915304816198,47.07454229902786,21036.095,21067.215,21036.92125,21021.90913238214,21038.481792817885,21014.9781487902,25.6675642320201,39.77948511680359,106.55887159337148,-0.4233530367804343,-130.78777121393102,1
1674196920,-0.5851937664645324,-0.6087397238385265,-0.6091006543460963,-0.6121780982870015,-0.1107958782459817,-0.18338098651207912,0.5716009066855712,27.350711748516915,-19.99235664793501,47.343068396451926,20977.07572116975,21022.251442339497,20923.74927883026,21075.577884678987,20878.57355766051,21120.75360584873,20825.24711532102,20900.109149234715,21006.705,21113.30085076528,1.014874543773363,0.1914514048729627,44.44655575554636,21006.705,21053.307500000003,21039.33625,20994.91442158809,21020.744194123723,21007.925467953035,19.901249638524007,28.655344005276778,108.4949223191749,-0.6597485768500984,-160.06530880160108,1
1674199380,-0.5956174083406464,-0.6035493292412197,-0.614646707628379,-0.5850730722130137,-0.3317511371630477,-0.3795360223038385,0.5756921051484213,20.030871456550813,-21.849757551920888,41.8806290084717,20935.52952725154,21005.05905450308,20871.39547274846,21069.19310900616,20801.86594549692,21138.7226362577,20737.73189099384,20911.31324478675,20979.39,21047.46675521325,0.6489869840185942,0.3249035230504295,46.13794089259424,20979.39,21042.8325,21043.83,20981.7929477254,21008.890704283047,21002.937328147986,20.495271979684656,22.02136195007626,103.8149278678054,-0.4973813288509487,-118.13459524939503,1
1674201840,-0.5982339033807268,-0.6074354708371525,-0.6177779677049707,-0.5993596051106642,-0.10673496075774358,-0.17903911337596393,0.5634652429868855,13.194177535984636,-22.94916117798966,36.143338713974295,20960.38333333333,20979.06666666667,20936.86666666667,21002.583333333336,20918.18333333333,21021.26666666667,20894.666666666668,20922.515175738616,20960.71,20998.904824261383,0.364442084847159,0.289107551722807,45.03243793939612,20960.71,21028.515,21044.28125,20969.3952984836,20997.20148532249,20997.38139213389,22.823943661971885,21.07348842672685,101.62814730581935,-0.6789478738273853,-118.04324451719144,1
1674204300,-0.6014853179833555,-0.6110288209429794,-0.6252503952402058,-0.5965667490554848,-0.5576277524649463,-0.5820538623762163,0.551795984499675,6.879740104934172,-23.41087888723209,30.29061899216627,20940.466666666667,20979.13333333333,20905.93333333333,21013.666666666668,20867.266666666663,21052.333333333336,20832.733333333334,20924.639786120217,20948.895,20973.150213879777,0.2315655683011449,0.2027443239323641,43.98301089777037,20948.895,21007.4175,21038.98875,20957.755198989067,20985.796669809308,20991.39030716876,22.21830985915492,21.845841833603824,97.5233562639272,-0.9977323726853872,-104.57373130090085,0
1674206760,-0.6049077893678836,-0.6060602380806015,-0.6125005630815025,-0.5899068615392863,-0.3991848685466203,-0.43980866618474024,0.5513641397811584,2.9709388116025366,-21.855744144450988,24.826682956053524,20932.612024239777,20955.62404847956,20911.462975760227,20976.773096959107,20888.450951520448,20999.785121198885,20867.301903040898,20930.64225307885,20944.805,20958.96774692115,0.135238756542722,0.6295652609070461,45.861675655899695,20944.805,20990.45,21029.68125,20954.661799326044,20979.01091166216,20987.30313505745,21.553990610328214,22.19874804381834,94.97168795936092,-0.8034557951335837,-69.37557575631536,1
1674209220,-0.6041346105253331,-0.6081896307359063,-0.6239349397656837,-0.5945616216312525,-0.38567633999048595,-0.42843125108569624,0.4489526698692023,-0.6040016753249802,-20.344547705102805,19.740546029777825,20955.55833333333,20982.91666666666,20921.11666666666,21017.35833333333,20893.75833333333,21044.71666666666,20859.316666666666,20931.24061351437,20945.115,20958.989386485628,0.1324832686345208,0.4048606580646363,45.162612392470415,20945.115,20975.91,21020.895,20950.59953288403,20972.36801863268,20983.033788861503,21.35446009389629,21.708920187793144,91.20942453369224,-0.6894957410360287,-75.26068185545775,0
1674211680,-0.6048127701904054,-0.6041437846908266,-0.616159563620441,-0.5861830534657142,-0.5354982831429673,-0.5617354337579987,0.3760840740980277,-2.4885960548235744,-17.78331366768112,15.294717612857546,20938.391666666663,20961.58333333333,20919.283333333333,20980.691666666666,20896.091666666667,21003.88333333333,20876.983333333334,20931.88316316485,20944.78,20957.676836835148,0.1231508455581664,0.852605841116551,46.82121837980131,20944.78,20962.085,21017.7275,20951.69135525602,20969.00565160856,20980.256761350884,23.17605633802788,22.02816901408413,87.62303706699994,-0.6554579019420755,-50.35286545354687,1
1674214140,-0.6031288267588794,-0.6009851855854574,-0.6157725539480525,-0.5829605272481991,-0.41560808622531925,-0.45438079434098805,0.3396888374491858,-3.2267985338621656,-14.81721291737577,11.590414383513604,20957.358333333334,20976.11666666667,20935.11666666667,20998.358333333334,20916.358333333334,21017.11666666667,20894.11666666667,20929.114595849995,20948.415,20967.715404150007,0.1842660091468134,0.8720129352834293,48.13998796778437,20948.415,20954.5625,21017.04375,20955.38590350401,20967.87280586154,20978.59183169842,26.88323242019862,23.8045829507076,83.72853441935725,-0.3575672592451684,-36.29942861196331,1
1674216600,-0.6007074772316986,-0.5729038199436255,-0.5703165087912456,-0.5799697759394672,0.14991388534329494,0.05507049344000356,0.34555512946433103,2.5435761453372834,-7.237470590541058,9.78104673587834,20963.69166666667,20979.78333333334,20946.68333333333,20996.79166666667,20930.591666666667,21012.883333333342,20913.583333333336,20896.673078718544,20969.9,21043.12692128146,0.6984002907162855,0.991622471216963,58.09061091840516,20969.9,20959.3975,21017.76375,20984.223935669343,20981.33229570489,20984.62118106048,42.490407143627024,30.84989863395118,88.74416126279762,0.2303088329510834,70.58571081259691,0
1674219060,-0.5854554238918755,-0.5536683062907066,-0.5588469494095751,-0.56458269479874,0.030390668830094357,-0.049761971979599036,0.34541674131094363,11.359185068980878,1.2625106664820294,10.096674402498849,21035.91756325749,21115.88243674251,20961.93512651499,21189.864873485018,20881.970253029973,21269.82974697004,20807.987816287467,20880.05495769302,20999.425,21118.79504230697,1.1368886748754177,0.9049382832226218,63.28706411236616,20999.425,20972.115,21019.665,21021.515957112897,21002.19915103128,20995.23821143567,61.97883560468858,43.784158389504746,92.66055368072348,0.606492702892491,136.39484961394209,1
1674221520,-0.5682111638086088,-0.5605977048898435,-0.570879431951083,-0.5480856324053138,-0.1983341617768321,-0.256580592045842,0.34192765858191376,16.579001917201822,5.185862011762378,11.393139905439444,21079.175448295413,21159.424551704586,21015.850896590822,21222.749103409173,20935.601793181653,21302.998206818345,20872.277241477062,20909.8877337878,21026.245000000003,21142.60226621221,1.1067812271017103,0.7162735583191212,60.38248562962998,21026.245000000003,20985.68,21019.49375,21039.8689714086,21015.72203266196,21002.98457225132,75.91330263010876,60.12751512614145,90.56337127495746,0.6477746326869585,141.08226181698393,1
1674223980,-0.5630539047521375,-0.5528254216979819,-0.5544842949208408,-0.5576457935172753,1.3504943059582963,1.1376556050561213,0.3651116066444548,22.226676064190546,8.666828927000878,13.559847137189664,21076.625,21108.25,21044.95,21139.925,21013.325,21171.55,20981.65,20954.282134257657,21055.165,21156.047865742345,0.9582719085064754,0.7146548855511898,62.463430168483335,21055.165,20999.9725,21021.402500000004,21059.4043142724,21030.768026723417,21012.07889870357,79.94838354040176,72.61350725839971,93.85170189817494,0.6820388870728548,138.2309062272072,0
1674226440,-0.5565889410587271,-0.5312387036548293,-0.525141925214358,-0.5354606543950828,2.0521089484514925,1.779097834783796,0.39469920856264606,31.250333289732225,14.15238892203405,17.097944367698176,21090.55833333333,21162.816666666666,21026.21666666666,21227.158333333333,20953.95833333333,21299.416666666664,20889.616666666658,21018.021524538417,21094.47,21170.91847546157,0.7248200638516212,0.9240110715653336,67.559988174392,21094.47,21021.4425,21024.97875,21092.7028761816,21054.137476410066,21026.0999559699,78.46896580949243,78.11021732666767,98.43661296896408,1.025085224831225,168.50220469151802,0
1674228900,-0.542562565349154,-0.5340601489231084,-0.546251543708231,-0.5261724541262114,0.033814482279920545,-0.04498288557151234,0.38011625843596925,37.32983301583954,16.18551091851309,21.14432209732645,21159.286514370266,21238.313485629747,21080.273028740525,21317.326971259485,21001.24605748104,21396.35394251897,20922.232571851306,21050.7470089052,21116.36,21181.972991094804,0.6214422475730086,0.7666392692678885,66.29303665838529,21116.36,21043.13,21025.27375,21112.2519174544,21071.812480699144,21038.02853159181,78.63158411963349,79.01631115650923,96.55542632832368,1.0359705700763933,120.91251565875103,0
1674231360,-0.5369601700337824,-0.4900260833052846,-0.46536652217920693,-0.5156581080936625,3.3648619153584947,2.9879074133813153,0.4670309482854454,51.56528342215461,24.33676905986252,27.228514362292085,21145.283333333333,21184.366666666665,21112.266666666663,21217.38333333333,21073.18333333333,21256.466666666664,21040.166666666668,21014.12055763692,21152.225,21290.32944236308,1.3058148006943104,0.9460392362908354,74.37102902530687,21152.225,21075.825,21033.1375,21166.6429449696,21108.832938753843,21060.63771905926,76.40211338381988,77.83422110431526,109.13254689217986,1.5607341345849792,182.28091603855432,0
1674233820,-0.5121408485612954,-0.47087042187693784,-0.46656273389386027,-0.49061905893443764,0.784628787980963,0.647968200480885,0.48532038293324126,66.43647353055349,31.36636733460912,35.07010619594437,21273.06329525923,21410.56170474077,21137.926590518466,21545.69840948154,21000.42818103692,21683.19681896308,20865.29147629615,21031.384029857672,21202.79,21374.19597014233,1.6168246739445935,0.8693278591605323,76.95802932925172,21202.79,21114.5175,21045.213750000003,21220.8952966464,21148.9360407986,21086.2341267679,78.28832178308349,77.77400642884562,115.57344047924936,1.847560997446591,166.23998113641008,1
1674236280,-0.4901528825024351,-0.46655840174994645,-0.4585058961686982,-0.46843643143313873,0.807776682455548,0.670056832858452,0.5117660221100667,78.29981081171718,34.58376369261825,43.71604711909893,21313.23164762961,21420.968352370382,21221.66329525923,21512.536704740767,21113.926590518466,21620.27340948153,21022.35823814808,21088.23481767356,21251.405,21414.57518232645,1.5356178316346465,0.7762300032846905,77.50839837920873,21251.405,21153.285,21057.685,21261.1135310976,21183.9567606534,21110.549924218576,80.53057421652137,78.40700312780825,118.76480391327289,1.8501351182060564,151.79947860072184,1
1674238740,-0.4770027825731466,-0.4609864909685653,-0.46825150337336985,-0.45914390880189854,0.15042142145507226,0.07032225876572634,0.523214289244847,87.95456439882037,35.39081382377715,52.563750575043215,21345.565823814806,21423.68417618519,21263.43164762961,21505.818352370385,21185.313295259228,21583.93670474077,21103.17911907404,21140.89202734304,21290.995000000003,21441.097972656964,1.4100136950571012,0.7206984939312748,78.23193782181693,21290.995000000003,21192.7325,21073.6475,21293.15902073173,21215.46462235277,21134.04516953109,84.6882576570999,81.1690512189016,117.895889348039,1.8817880743365247,124.0553857241484,0
1674241200,-0.4676416391658901,-0.4488933151803133,-0.4599132040682897,-0.44572589403332064,0.0022465216881561627,-0.06315763692438693,0.5247497285495367,97.23473242975524,35.73678548376962,61.49794694598562,21350.216666666667,21407.033333333333,21300.43333333333,21456.816666666666,21243.61666666667,21513.63333333333,21193.833333333336,21263.035220028825,21338.99,21414.94477997117,0.7118873008626246,0.84451419660399,79.75422676209331,21338.99,21227.675,21093.53625,21325.88101382116,21247.43923647045,21158.54801052813,87.5093444935606,84.2427254557273,116.10515669024322,1.660615248622982,117.42989034745268,0
1674243660,-0.4569141799427014,-0.351464728730723,-0.25947737646896474,-0.43490346364815646,4.951530088503894,4.532850708282306,0.6368756568562067,125.29686142915308,51.03913158653396,74.25772984261911,21381.9664559537,21433.0585440463,21340.2329119074,21474.7920880926,21289.140823814803,21525.8841761852,21247.407279768504,21164.84966423753,21417.075,21669.30033576248,2.3553667880648708,0.993160211776418,87.39953077787254,21417.075,21284.65,21128.3825,21439.204009214107,21323.51392074855,21206.86248571593,82.70093910609172,84.96618041891742,152.9762395030437,2.7007361550239146,196.2631936916364,0
1674246120,-0.4028337431760984,-0.20594735814883164,-0.12845701101699336,-0.38034424790761295,3.5186793878961087,3.2817589780877707,0.7221629590203197,178.5635224807702,83.44463411052087,95.11888837024932,21673.44989464352,21985.80010535648,21353.49978928703,22305.75021071297,21041.149578574063,22618.10042142593,20721.19947321758,21004.652936523617,21566.370000000003,22128.08706347639,5.209194347276672,0.9535245883815104,92.16095358540794,21566.370000000003,21384.58,21185.13,21651.427672809405,21460.30684424881,21289.625582314413,80.46866379546674,83.55964913170637,202.92973368387808,4.741282679942064,237.9030174584641,0
1674248580,-0.3030312341043969,-0.12766556065818918,-0.10446241132895741,-0.2796581782408619,1.526873900903211,1.425588773299082,0.7727610050375754,235.85747603994605,112.59087013575738,123.26660590418868,21985.04994732176,22456.62505267825,21604.29989464352,22837.375105356485,21132.72478928704,23308.95021071297,20751.9747366088,21011.956924501847,21757.35,22502.74307549815,6.851873739202174,0.8616212825962446,93.56884627729134,21757.35,21504.3775,21252.175,21866.43511520628,21612.33287256721,21385.513622094,79.73245166201309,80.96735152119054,234.10082977912668,5.67801701307797,214.92448101644547,0
1674251040,-0.21398714128162952,-0.06223997132395013,-0.0063730507274274905,-0.18982577005035556,3.3304557638793018,3.172885206810754,0.8703399657408667,292.7640496143431,135.59795496812353,157.16609464621956,22175.041640327545,22555.40835967245,21916.08328065509,22814.366719344904,21535.716561310182,23194.733438689807,21276.75820163773,21179.394182488963,21982.06,22784.72581751104,7.302917174377972,0.8106772389700928,94.46378057235394,21982.06,21636.5275,21328.985,22071.22341013752,21770.235986645897,21489.826610465992,85.57134937835532,81.92415494527839,265.0391661883804,6.245480710609519,184.9831300805025,0
1674253500,-0.13675067919216244,-0.015588527233980843,-0.014394705755098998,-0.11190552661071955,0.933273832350655,0.8849098769016812,0.8893446972175114,344.4986693707615,149.86605977963353,194.632609591128,22413.05415349711,22780.545846502897,22113.30830699422,23080.291693005787,21745.81661398843,23447.78338601157,21446.07076748554,21559.683349137355,22226.245000000003,22892.80665086265,5.997969075411956,0.7895493608884032,94.99825389729033,22226.245000000003,21782.6175,21412.87375,22251.565606758348,21923.32944361937,21596.7240761359,90.40777057464106,85.23719053833649,276.5948521573775,6.9068877400260575,151.6578981933672,0
1674255960,-0.07480557024732516,0.00044402496658580966,0.006081624183958129,-0.04941201204132642,0.3045750931742871,0.28176942963788526,0.8870751408234553,384.7092840588885,152.06133957420838,232.64794448468007,22521.810410081885,22780.43958991811,22353.62082016377,22948.629179836225,22094.991640327546,23207.25835967245,21926.80205040943,21995.03935253261,22424.56,22854.080647467385,3.8308055762733977,0.7710754434892289,95.17080193011616,22424.56,21920.8175,21498.32125,22386.85207117224,22056.8013629613,21697.743211742003,91.76069865154182,89.24660620151273,279.01553306593416,6.49575742905255,131.44781202166945,0
1674258420,-0.03581634244560267,-0.016324942193940675,0.020436164759791556,-0.05682941346857871,3.207562298037593,3.07653845702775,0.9727619988763089,408.0599447511922,140.3296002132097,267.73034453798255,22614.44687170761,22791.178128292395,22480.693743415224,22924.931256584783,22303.96248683044,23101.662513169565,22170.209358538053,22268.533888916063,22531.42,22794.306111083934,2.3335068192234245,0.6497891989715193,91.61101187814086,22531.42,22048.895,21581.70625,22461.29304744816,22157.414751513792,21784.64147729038,92.78445740788304,91.65097554468863,285.6572807040817,6.004739936425768,106.0940455967278,1
1674260880,-0.02470662759973994,-0.022739737568046602,-0.028467784751014375,-0.005591246610090316,0.14686607700514623,0.1274159806549567,0.9914396235181467,420.2624858092495,122.02571301701352,298.236772792236,22605.391666666663,22793.783333333333,22421.783333333333,22977.391666666663,22233.391666666663,23165.783333333333,22049.783333333333,22472.64915606386,22590.55,22708.45084393613,1.0438067593408633,0.5065733202081184,90.22077631932412,22590.55,22173.95,21663.6175,22504.89536496544,22236.448433056736,21861.542288977013,90.86217972098513,91.80244526013666,271.6746177966474,5.8596962263753065,89.80041309550164,0
1674263340,-0.022359326799434816,-0.029136788003357287,-0.04412408513397023,-0.009887948233443685,-0.17390580776168824,-0.18233938761768126,1.001200657299645,423.595673409618,100.2871204939056,323.3085529157124,22600.733333333334,22641.36666666667,22551.466666666667,22690.63333333333,22510.83333333333,22731.26666666667,22461.566666666666,22553.62025928045,22609.205,22664.789740719552,0.4917000904680249,0.1839960073102861,88.77397783992735,22609.205,22295.6325,21744.182500000003,22527.95524331029,22297.835081591875,21929.40254716968,88.27841885115714,90.6416853266751,256.3692879540298,5.697479778529543,76.40840082676044,0
1674265800,-0.024384360112860232,-0.022784099915032118,-0.039444786367828624,-0.004910935519725512,-0.3391684026978905,-0.3411582327523013,1.0045432321284034,422.8077642827338,79.5993690936171,343.20839518911674,22575.891666666663,22603.68333333333,22546.283333333333,22633.291666666668,22518.491666666665,22661.083333333336,22488.88333333333,22548.10640263046,22605.15,22662.193597369544,0.5046955881252025,0.3845181527152636,88.96325788032523,22605.15,22415.6975,21821.68625,22549.295162206865,22351.315066756983,21992.50468553447,87.61941087580777,88.92000314931668,242.1143388144562,5.612789296595689,69.01206583405178,1
1674268260,-0.022220375328629825,-0.031239563250470507,-0.03955033446029773,-0.02349417004072935,-0.014271964812800882,-0.029483561288535527,1.0154998018092958,415.4715646615769,57.81053557796804,357.6610290836088,22590.925,22619.85,22563.05,22647.725,22534.125,22676.65,22506.25,22557.49856731332,22587.295,22617.091432686684,0.2638335638391603,0.1787367098384658,86.86391731627268,22587.295,22505.9275,21895.28875,22555.58010813791,22390.73960007389,22047.3280488169,86.68139654428263,87.5264087570825,232.56331461342373,4.164618512543948,58.95309900508227,1
1674270720,-0.02536632410022759,-0.0431286722425889,-0.054146257943178816,-0.029652775700868137,-0.31296110943460065,-0.3176828223443299,1.0173601934793044,402.3167465576953,35.72457397926917,366.5921725784261,22565.58333333333,22621.066666666666,22512.666666666664,22673.983333333334,22457.18333333333,22729.466666666667,22404.266666666663,22530.076052181656,22572.19,22614.30394781835,0.3731489750737237,0.0543044294739959,83.86709895782896,22572.19,22551.805,21968.1925,22548.60340542528,22416.905127333182,22093.73966321529,85.3454442778138,86.54875056596806,221.9597861311284,2.078173571828983,47.86157535047755,1
1674273180,-0.03288414755147505,-0.029970800126685772,-0.04257604644441903,-0.021668071850803387,-0.30861394818981996,-0.31260923243434197,1.010150559964351,390.3830087662464,19.032668950256152,371.3503398159902,22534.85463862044,22576.80927724087,22492.69536137958,22618.96855448173,22450.740722759147,22660.92319310216,22408.58144551829,22530.829498785115,22568.115,22605.40050121488,0.3304263667114686,0.548410238328238,84.50426726083633,22568.115,22579.3325,22041.855,22556.31060361685,22445.054195090783,22139.26207624241,84.52589606300599,85.5175789617008,212.86980140747644,1.2346135819827722,48.13316527493316,0
1674275640,-0.030063797214366274,-0.02139112221968587,-0.033217448912135815,-0.004274136064941808,-0.24187312080434764,-0.24726533906174794,0.9973099302288145,378.5128950120743,5.73004415686728,372.782850855207,22565.608333333337,22616.01666666668,22521.31666666668,22660.30833333333,22470.908333333336,22710.716666666674,22426.616666666672,22528.85450973517,22572.48,22616.10549026483,0.3865369712572906,0.7684210522085897,84.92242786487468,22572.48,22590.8425,22113.685,22569.507069077903,22472.48070507428,22182.75140231456,84.85637168894684,84.90923734325554,202.85920995227647,0.5119924557845014,53.42139589181899,1
1674278100,-0.024363570518728797,-0.027557488450672647,-0.04060581538499138,-0.005913499231841037,-0.5357809453568005,-0.5307792115887817,0.9785759598191308,363.51337118744414,-7.4155837342103155,370.9289549216545,22598.72615965511,22633.67384034489,22560.95231931022,22671.447680689787,22526.00463862044,22706.39536137957,22488.230798275545,22529.797143127234,22569.79,22609.782856872767,0.3543928133382404,0.6092070019877571,83.18495199697966,22569.79,22587.47,22185.04375,22572.513046051936,22491.761485969862,22220.444125903647,85.0248736925354,84.80238048149609,192.3906949556853,-0.1491448219438514,45.68504768320111,0
1674280560,-0.02459679306679735,-0.02616451075532769,-0.04092245966239999,-0.00738153895315422,-0.4784846762958887,-0.4756465058024534,0.9784607716528929,347.9321103996299,-18.397475617619648,366.3295860172496,22584.408333333336,22609.616666666672,22553.31666666668,22640.708333333336,22528.108333333337,22665.91666666667,22497.01666666668,22531.50660440792,22572.65,22613.793395592085,0.3645420062959717,0.6190956635806311,83.26823142996528,22572.65,22579.9725,22250.395,22575.825364034627,22508.25030670261,22254.920875817585,83.06757199824452,84.31627245990892,182.89850245885057,-0.3309069764106123,42.49879366116362,1
1674283020,-0.024016880980178228,-0.016786310602589786,-0.03582096852638067,0.0018263140628906908,-0.4119107442572576,-0.4109018321345645,0.980761938613622,333.86750880918044,-25.96966176645532,359.8371705756357,22584.05,22613.0,22553.5,22643.55,22524.55,22672.5,22494.0,22560.926533712824,22587.495000000003,22614.06346628718,0.2352493385138903,0.902356684215426,83.84822080190627,22587.495000000003,22579.8425,22314.36875,22586.84190935642,22526.54570548396,22288.630792406388,79.49913425294888,82.5305266479096,173.2831765781709,-0.0057496237866326,72.27372610562755,0
1674285480,-0.019037592502405217,-0.008579276410269255,-0.023260745522525942,0.006849684629693985,0.09645456465252096,0.08035790244143941,0.9972492920229572,320.88820546840725,-31.159172085782814,352.04737755419006,22606.263686623555,22631.711313376447,22583.427373247112,22654.54762675289,22557.97974649422,22679.995253505786,22535.143433117777,22560.68879825767,22599.55,22638.41120174233,0.3439112879887368,0.9175115352217068,84.3591833174095,22599.55,22583.8325,22378.89125,22601.894606237613,22545.719213577784,22321.33262170101,75.04675102962192,79.20448576027178,165.90255468434935,0.1766104080630019,137.15612033933036,0
1674287940,-0.012444227826546628,0.011374907263815497,0.0074889320835496665,0.01350142095643156,0.5297520856846304,0.5023681075513688,1.0260742091445052,311.5475751533522,-32.399841920670326,343.9474170740225,22630.54850997844,22666.25149002156,22596.297019956884,22700.50298004311,22560.594039913773,22736.205960086223,22526.34254989221,22537.850702455115,22618.015000000003,22698.17929754489,0.7088535182675273,0.9379131493086492,85.55564611245678,22618.015000000003,22595.2475,22445.44,22630.67140415841,22571.62935656364,22356.274752967587,72.94102793447286,75.82897107234788,163.96503185206265,0.5056685600628057,244.06947809181776,0
1674290400,0.0008300407413842978,0.026325018197934518,0.012133048152201996,0.02689320781868014,0.10792209541230981,0.09576331199054422,1.0344325809970718,304.03941664265585,-31.926400345093384,335.96581698774924,22684.615921655888,22755.80907834411,22617.03184331177,22823.393156688224,22545.838686623552,22894.586313376447,22478.25460827944,22540.742016923028,22648.38,22756.017983076967,0.950513750448988,0.8807670752311777,86.39534292546679,22648.38,22609.085,22512.39125,22663.897602772275,22600.48765537025,22391.900966970672,75.76187366364209,74.58321754257896,160.43725225664136,0.6124962514344142,231.2214499697169,0
1674292860,0.014942600902424233,0.0876515266707134,0.12380292998478973,0.04113070774495787,2.6921294966103053,2.626955662078833,1.0189824867272712,308.4767349987451,-21.99126559120333,330.4680005899484,22715.52462749461,22780.225372505392,22665.64925498923,22830.10074501078,22600.94850997845,22894.80149002156,22551.073137473064,22503.764239837783,22712.52,22921.27576016221,1.838243930327568,0.9565862035420448,89.17525248858355,22712.52,22642.585,22574.25625,22743.648401848182,22655.51717257565,22440.591351068702,75.56316763791426,74.75535641200975,176.99266700674409,1.484392827945578,292.4660904453203,0
1674295320,0.05266365466980588,0.10090699594998517,0.21098565436448521,0.007119829025663398,5.720482155309237,5.615245423556261,1.0867802832378244,311.417349266354,-15.240521058875515,326.6578703252295,22892.17898041397,23093.77101958602,22701.55796082794,23284.39203917205,22499.96592165589,23485.9840783441,22309.34490206986,22536.00962283898,22778.845,23021.68037716102,2.132113170452848,0.8328489487197085,89.66673944875325,22778.845,22683.17,22617.4875,22809.265601232124,22707.33223210736,22488.201698585966,69.07052430403768,73.46518853519802,216.8503336491196,1.8010042312616283,219.4058274632522,1
1674297780,0.07815224461602112,0.033449611123808703,0.048471228216129016,0.02917623069221147,0.5113699696129773,0.4874233410321715,1.0710278507762876,295.0096556097342,-25.31857177239624,320.3282273821304,22955.566666666666,23315.533333333333,22580.533333333333,23690.566666666666,22220.566666666666,24050.533333333333,21845.533333333333,22602.228983025685,22802.53,23002.83101697432,1.7568315180316731,0.3699332614804412,71.80024900254732,22802.53,22701.04,22640.18625,22789.652067488085,22715.16728081511,22513.175346339685,51.23987144116822,65.29118779437339,221.5967383884681,0.7916984634537269,64.82833227391927,0
1674300240,0.05716617582448727,0.06737793409833241,0.07708030771835095,0.06097182270502614,0.9651091689363357,0.9396635033164478,1.0828295463442295,286.4189023960316,-27.127459988879025,313.54636238491065,22758.76974510349,22860.33949020699,22648.85525489651,22970.25398041397,22547.28550979301,23071.823725517468,22437.37101958603,22669.173934679005,22834.09,22999.006065320995,1.4444724122659995,0.5361850738336829,74.54725767797495,22834.09,22726.0525,22658.4475,22808.44304499206,22738.95959339418,22544.875313354954,42.10934702160677,54.13991425560423,220.3398285035775,1.106948605720507,100.94721117413545,1
1674302700,0.06363814353788569,0.10802271640646303,0.12000319865589283,0.09025735640197574,1.4989890035739342,1.4711341606761785,0.9652638006980426,285.5601196514436,-22.388994186773743,307.9491138382173,22847.341666666664,22948.683333333327,22744.683333333327,23051.341666666664,22643.341666666664,23152.683333333327,22540.683333333327,22728.793628294523,22880.13,23031.46637170548,1.3228628657746095,0.7656995112731741,77.38886586488326,22880.13,22764.255,22675.8625,22859.14536332804,22779.2487582316,22584.46337874972,42.90716644781357,45.41879497019619,222.044854408492,1.6919838651993495,130.9280458621624,0
1674305160,0.08719752558027895,0.11577725465953079,0.11891253503370991,0.1140253117739375,0.34215657675830774,0.3378491417204699,0.8563009159611228,283.376057733014,-19.658444884162577,303.0345026171766,22953.44660294254,23079.103397057457,22834.89320588508,23197.65679411492,22709.23641177016,23323.31358822984,22590.683014712697,22723.23396270541,22895.98,23068.7260372946,1.5089639080274653,0.7501359838796912,77.8959012292501,22895.98,22804.25,22692.11125,22900.23024221869,22816.18534764404,22622.36210458308,51.75887303192565,45.59179550044868,218.6652287783276,1.7710655841151013,118.87873639576986,0
1674307620,0.10285467785759686,0.09803231586532422,0.08900724216738974,0.10039406009929276,0.23384586554716114,0.2279662155960128,0.7986321864014475,274.4469373384236,-22.870052223002403,297.316989561426,22981.823301471275,23069.47669852874,22894.74660294255,23156.553397057465,22807.093205885085,23244.20679411493,22720.01650735636,22723.16944944015,22894.36,23065.55055055985,1.4954822983464184,0.6111042632773745,73.81671203826855,22894.36,22836.6025,22708.2225,22910.953494812464,22837.31528443603,22651.88952319421,53.9249963048409,49.53034526152672,212.17485529416152,1.4309646101365123,76.99374184783196,1
1674310080,0.10181034494334461,0.10207816191040384,0.09924540713691765,0.10777006455271683,0.07264956343329172,0.07104570719635211,0.7879374016400231,265.23298902541865,-25.667200428805927,290.9001894542246,22924.13333333333,22992.166666666664,22864.36666666666,23051.93333333333,22796.33333333333,23119.966666666667,22736.56666666666,22839.73545230013,22933.035,23026.334547699866,0.8136694310183175,0.557690526189006,74.14910691683163,22933.035,22867.7825,22725.807500000003,22921.90232987497,22856.67614181129,22679.69052098524,52.0240053376124,52.56929155812632,206.75522277315,1.3776952986921305,74.42001811463355,1
1674312540,0.10331120175028378,0.15083238124748505,0.17379754311777987,0.12048114018847055,1.2826412999585421,1.2669338419330358,0.8100555870145312,265.9501749451374,-19.96001160726973,285.91018655240714,22944.5,23012.3,22876.0,23080.8,22808.2,23148.6,22739.7,22873.494377401566,22980.065,23086.63562259844,0.9275049709253292,0.974380263222188,77.80557348383284,22980.065,22907.0775,22751.1625,22974.99321991665,22897.494116027425,22717.927138034265,55.537287771330654,53.828763137928,214.3227068607821,1.7319556730418566,119.03623444903933,0
1674315000,0.128439947776625,0.17209969039234135,0.19191663232502093,0.12857326157911886,1.895681047998096,1.8789079259398485,0.8641203011966649,268.2616434013835,-14.11883452081895,282.38047792220243,23072.75833333333,23233.31666666667,22920.61666666667,23385.458333333336,22760.05833333333,23546.01666666667,22607.916666666668,22853.13292567245,23016.175,23179.21707432756,1.4167608156225229,0.8831066321844734,79.18842641590464,23016.175,22948.1525,22778.61875,23030.362146611104,22941.78609493153,22758.229315364337,64.2284778211202,57.26325697668776,223.4139420850121,1.8070553247090344,126.72631434259873,1
1674317460,0.15163850228971024,0.17939286023676126,0.1797786016910439,0.16753002296418915,0.4005890991568241,0.404414695610824,0.8770513240767314,268.6548264551202,-10.980521173665808,279.635347628786,23117.43333333333,23300.066666666666,22958.46666666666,23459.033333333333,22775.83333333333,23641.666666666664,22616.866666666658,22858.48015248128,23052.025,23245.569847518724,1.679200395789283,0.7832030958338884,79.65653379348315,23052.025,22974.0025,22808.29375,23074.124764407403,22981.761350398523,22796.650332948688,73.20003613321772,64.3219339085562,221.62008907894003,1.1286657075555109,130.59446080791938,1
1674319920,0.16688454516699858,0.19927606415566895,0.2094376156749353,0.19441780771689968,1.1485057515953578,1.1503245525324342,0.8922363911328288,270.3705131615534,-7.4118675737861395,277.7823807353396,23149.05,23254.5,23056.2,23347.35,22950.75,23452.800000000003,22857.9,22922.15129326647,23109.08,23296.008706733526,1.6177944490523042,0.7904717041529803,80.91675699212647,23109.08,23001.72,22842.445,23121.97484293827,23024.65474123516,22836.747920286907,78.79976112959925,72.07609169464573,220.6119913049828,1.2082343453717193,153.31126082954808,1
1674322380,0.18444966119943196,0.19204500159703106,0.2248124544779731,0.19119768773949472,0.8359876986381672,0.8409917059815288,0.925361481726331,267.0082105735819,-8.619336129406122,275.627546702988,23220.85609325216,23323.01890674785,23115.512186504307,23428.362813495693,23013.349373008616,23530.525626991384,22908.00546626077,23064.73993791515,23159.78,23254.820062084847,0.8207337210012239,0.6973904434453518,79.00007329885382,23159.78,23046.4075,22873.72375,23147.08322862552,23056.044788283307,22871.08621359292,79.79404310991144,77.26461345757615,223.43970621176976,1.9642490195238271,129.99400181644984,0
1674324840,0.18961650877658667,0.18046642903381,0.17998969787598212,0.1744763572552776,-0.21947166360745085,-0.20701824296910376,0.9188291048868988,258.72853520609715,-13.51920919751268,272.24774440360983,23225.63333333333,23341.56666666667,23081.36666666667,23485.833333333336,22965.43333333333,23601.76666666667,22821.166666666668,23121.769622546548,23176.48,23231.19037745345,0.4721198167577791,0.39211370356525,75.89986709460425,23176.48,23078.2725,22902.1625,23152.94715241701,23075.79573586816,22899.0470503936,78.61345599843972,79.06908674598348,220.3011557680719,1.394772175903676,77.58655915761518,1
1674327300,0.18641035940813883,0.20026090825874793,0.1924091900898772,0.21411648574884237,-0.06553126774545802,-0.052556226391300136,0.9292546036494129,253.7424244742433,-14.804255943493215,268.5466804177365,23156.725,23250.450000000004,23070.950000000004,23336.225,22977.225,23429.950000000004,22891.450000000004,23142.040050674783,23192.35,23242.65994932521,0.4338495178385293,0.77926881637625,77.52377082843522,23192.35,23104.2625,22934.25875,23175.448101611342,23102.09651116486,22929.656855118013,77.30100305652418,78.56950072162512,212.64571607035248,1.1319415257909666,96.39029972377624,1
1674329760,0.19470501477243635,0.20546017532544966,0.20092340288240623,0.22248457444359998,0.3905151299080365,0.40100819304274726,0.9278584564294299,248.1129368698057,-16.346994838344642,264.45993170815035,23223.986178323183,23274.263821676814,23170.172356646373,23328.077643353627,23119.894713292742,23378.35528670725,23066.080891615933,23158.29613268204,23207.04,23255.78386731797,0.4200782807110917,0.7878310805434837,77.94415587147984,23207.04,23129.5325,22966.89125,23195.332067740896,23126.27896368034,22958.746678440108,78.42670725135311,78.11372210210567,204.95107438784328,1.0995370370370243,92.18700860840902,1
1674332220,0.20145210480708897,0.18457438236466908,0.18006006327096197,0.1816375266275332,0.6846325360984553,0.6863425460667102,0.9505923398469054,236.1802849076994,-22.623717440360792,258.8040023480602,23244.72642249493,23292.37357750508,23187.452844989857,23349.647155010152,23139.805689979705,23397.294310020305,23082.53211247464,23146.13051519389,23198.755,23251.379484806104,0.4536836981648965,0.2861736786315698,72.1095675161609,23198.755,23153.9175,22995.26,23188.97137849393,23135.36460664755,22979.46128049343,76.91535951835463,77.54768994207731,201.71885478871167,1.063342694179408,46.18803598262206,1
1674334680,0.194382235869141,0.1723126296578726,0.17024409067131047,0.15832792032084173,-0.10184671374551182,-0.09253755359659725,0.9575212637651572,221.383702488296,-29.936239887811382,251.3199423761073,23167.316666666666,23251.63333333333,23091.93333333333,23327.016666666663,23007.616666666665,23411.33333333333,22932.23333333333,23117.7977348681,23187.635,23257.472265131903,0.6023664347994134,0.1711283015361166,68.85102536550478,23187.635,23173.7075,23020.745000000003,23173.21425232929,23136.51649634799,22994.912587113104,69.31753999697608,74.8865355888946,201.3746508752321,0.8625423861783915,12.09210602633846,1
1674337140,0.18471612124460354,0.1782216942763426,0.1673239267796583,0.18854805507175962,-0.3420766876981726,-0.32853389769194136,0.9599691923895918,208.596252416246,-34.178951967889105,242.7752043841351,23124.8,23231.7,23034.8,23321.7,22927.9,23428.599999999995,22837.9,23114.709673451045,23186.370000000003,23258.03032654896,0.6181245839599516,0.3044943321542002,69.5647941731293,23186.370000000003,23181.425,23044.25125,23168.259501552857,23140.48622428472,23010.478055007094,61.89766687956371,69.3768554649648,194.43360438414416,0.3343633935447362,27.525136343400376,1
1674339600,0.18283774264695388,0.11127891267519839,0.15224548609555902,0.06240405657947726,0.2153862490712167,0.21366753669074462,0.9731335897172955,181.1534211356812,-49.2974265987632,230.45084773444432,23155.716666666664,23209.133333333328,23104.933333333327,23259.916666666664,23051.516666666663,23313.33333333333,23000.733333333326,22958.19127847208,23136.225,23314.258721527924,1.5390040642146685,0.0323919576272969,54.365951992103504,23136.225,23164.2875,23056.22,23102.081334368573,23109.43872896022,23006.596811673084,50.72562057535277,60.64694248396419,210.0913793722624,-0.7405654873795974,-127.63594113193228,0
1674342060,0.14842550394602147,0.06037755574401715,0.1181327904468851,0.03733996377658261,1.0047132422936302,0.9737514305958965,1.0119741057086467,146.14689040435042,-67.44316586407513,213.5900562684256,22961.12248473927,23172.24496947854,22758.60251526074,23374.76493895707,22547.48003052147,23585.88742369634,22344.96006104294,22782.47417735878,23054.465,23326.45582264122,2.359550071027187,0.0805648922556266,46.115492420712506,23054.465,23130.7525,23052.3775,23010.154222912384,23057.95896005836,22989.42568675184,38.492532191384726,50.371939882100406,222.70511849630785,-1.4478674878516953,-192.04312504500524,0
1674344520,0.10576744497727956,0.058336887782683394,0.07584605068518374,0.04990781602489069,0.350034051742954,0.33418847832840237,1.0329992547830287,116.59594022561942,-77.59529283424493,194.1912330598644,22857.661242369635,23035.32248473927,22648.63875763037,23244.34496947853,22470.977515260736,23422.00621184817,22261.95503052148,22690.67653852956,22983.325,23275.973461470443,2.546615526434424,0.2218932927545189,45.81530712497597,22983.325,23091.04,23046.38,22946.952815274923,23014.793694593205,22973.34228801357,25.67457424609725,38.29757567094492,223.3256002861752,-1.7104425830751788,-183.83258839710788,1
1674346980,0.08341803095182383,0.07892101678396429,0.08411684721630863,0.0888287715631002,0.25919723558148755,0.25131598326979876,1.0500116125215586,96.74153834512616,-77.95975577179055,174.70129411691673,22827.380621184817,22939.661242369635,22708.269378815185,23058.772484739267,22595.988757630366,23171.05310592409,22476.87751526073,22679.14066709955,22930.695,23182.24933290045,2.19404019721557,0.3963543990700559,49.39373049006405,22930.695,23059.165,23052.78625,22924.15187684995,22990.02211375808,22964.314451059898,23.452674300623286,29.206593579368427,218.0487716943056,-1.3740823285468566,-113.03455718542304,1
1674349440,0.08253589844047361,0.04762781722038,0.05656879508180454,0.043820822058473416,0.2965457423913252,0.28351823730564785,1.0734065141599536,73.04972446901229,-81.32125571832356,154.37098018733585,22890.783333333336,22957.76666666668,22811.56666666668,23036.983333333337,22744.583333333336,23103.966666666674,22665.366666666672,22730.984937454094,22857.1,22983.215062545903,1.1035088663557928,0.2354598306775959,44.57423917488667,22857.1,23021.735,23050.00375,22879.55958456664,22953.72263852933,22947.748789054192,21.716915494999323,23.61472134723996,216.3024308589982,-1.6158223674625234,-126.37334005263996,0
1674351900,0.06644745706998907,0.03543704426876062,0.036868325578488015,0.04310470512124786,-0.22356676319391697,-0.22419187584541994,1.0850586377477125,50.915115597767,-82.7646916716551,133.6798072694221,22793.391666666663,22888.68333333333,22695.08333333333,22986.99166666667,22599.791666666664,23082.283333333336,22501.48333333333,22732.97455534964,22814.36,22895.745444650365,0.7134580558066469,0.1416128200158592,42.82134524408648,22814.36,22975.292500000003,23039.777500000004,22838.38138971109,22917.77761334218,22929.48938057284,18.59931391022869,21.25630123528377,210.82405957937752,-2.0000689047800506,-112.17602782063076,1
1674354360,0.052307547865396396,0.029323912854156975,0.03556472468040058,0.012204259279965143,0.1585308123011384,0.14404497981666353,1.103725412677255,31.61888225878284,-81.64874000851142,113.26762226729426,22762.610077648103,22829.12015529621,22689.5149223519,22902.21531059241,22623.004844703795,22968.72538824052,22549.909689407592,22697.602805797625,22796.86,22896.11719420238,0.8707970676872056,0.2075274972934594,41.93086820502056,22796.86,22925.6625,23027.5975,22805.18759314073,22885.236229098147,22911.32848718496,14.663286529949152,18.32650531172573,211.6366267522792,-2.1359925285451564,-106.02250366929604,1
1674356820,0.04218087609437434,0.024470672093940448,0.013751452236731753,0.03562128312724152,-0.0728708455271967,-0.0793593732500067,1.1193242284403835,15.049538391958777,-78.5744671002684,93.62400549222716,22726.86666666667,22843.93333333333,22621.733333333337,22949.06666666667,22504.666666666668,23066.13333333334,22399.533333333336,22667.94423472488,22777.775,22887.60576527513,0.9643678127045175,0.2603130604247718,41.19838876615303,22777.775,22880.55,23017.23375,22778.500062093823,22856.125096534844,22893.594821738767,14.88393711284183,16.048845851006565,203.2911534128306,-1.946496952699423,-93.95337435512144,0
1674359280,0.03469079958288965,0.033201181980689554,0.018782577977771244,0.04994362187175275,-0.27244896520164286,-0.27220933649785717,1.117188867827607,3.858747175589088,-71.81220665331047,75.67095382889956,22723.441666666666,22771.68333333333,22676.88333333333,22818.241666666665,22628.641666666663,22866.48333333333,22582.08333333333,22708.27880288732,22752.01,22795.74119711268,0.3844161207091601,0.4738744860549341,43.12320449439476,22752.01,22841.3525,23007.53,22768.908374729217,22836.7796244376,22879.89293395412,17.94887723616623,15.832033626319074,193.7060710261997,-1.6938038259937782,-74.34738152045277,1
1674361740,0.03531123258117936,0.06042191809100396,0.05210059250060115,0.061679664753144306,0.2855804333443537,0.27365383789729775,1.1316088360339664,1.165577451363788,-59.60430110202862,60.76987855339241,22749.74166666667,22784.283333333336,22715.18333333333,22818.841666666667,22680.64166666667,22853.38333333333,22646.08333333334,22688.8136338041,22759.22,22829.626366195906,0.6187063194248377,0.9772650800710873,48.75557828742392,22759.22,22808.16,22994.792500000003,22788.08058315281,22834.896965448945,22874.800749768016,22.72344216507767,18.51875217136192,189.22871669868428,-1.4332843229331782,-41.75404509091417,0
1674364200,0.04923249156749144,0.07468884888154499,0.055618862249579994,0.07572416989817718,-0.22055427585304105,-0.21806498559128573,1.131125830406486,2.2490988645622565,-46.81662375106412,49.06572261562638,22817.80062985301,22887.624370147,22756.60125970601,22948.823740293992,22686.777519412022,23018.647480587984,22625.578149265035,22670.794174204,22781.340000000004,22891.88582579601,0.9704944994105296,0.8857450038745743,51.4682525725561,22781.340000000004,22797.85,22981.06875,22814.26205543521,22840.66569900368,22874.022106932967,30.69625323563069,23.789524212291536,182.98374087881325,-0.4488516950028725,-20.70422740314376,0
1674366660,0.06332693993918952,0.08942602055013406,0.07482861507900397,0.08994339768981195,-0.06762222182209128,-0.06780219419282357,1.1386733443230308,6.384916508919559,-34.14464488536546,40.52956139428502,22847.60864825984,22908.016351740163,22806.21729651968,22949.407703480327,22745.809593039347,23009.815406960653,22704.418241299183,22677.193437222428,22815.21,22953.22656277757,1.209864496338814,0.8366987198115678,54.16720757174781,22815.21,22806.035000000003,22968.39375,22845.55803695681,22852.9355719121,22877.27238246316,40.39609197393719,31.27192912488185,178.2482613596293,0.3585776056566425,17.74265465580517,0
1674369120,0.077743115093479,0.0985557915597528,0.08144296220708522,0.10448720054019985,0.08167319553226575,0.07960369903742925,1.1535575035824415,11.604603648986084,-23.139966196239143,34.74456984522523,22892.88765746325,22958.862342536737,22842.1753149265,23009.574685073487,22776.20062985301,23075.54937014697,22725.48828731626,22727.15560253615,22856.96,22986.76439746385,1.1357975641891962,0.7962727053273434,55.806871663411776,22856.96,22817.3675,22954.20375,22874.99702463788,22867.651831564446,22882.663107942863,48.06811389145924,39.72015303367571,172.29256510573595,0.4965918875750178,56.96272184892366,0
1674371580,0.08951631437834695,0.09466964996382131,0.07852279831543175,0.11045550306731268,-0.20108367167837027,-0.1974917625613897,1.1546179779544286,14.68835165161363,-16.04497455488928,30.73332620650291,22921.268828731627,22975.00617126837,22880.13765746325,23016.13734253675,22826.400314926505,23069.874685073497,22785.26914365813,22812.031840533,22891.6,22971.168159467004,0.6951734214035358,0.6968438142206249,54.90645118973516,22891.6,22821.805,22940.485,22890.97301642525,22877.701498552728,22886.497573853063,53.38736574793313,47.2838572044432,164.97881045532608,0.1939589703018607,89.29313521017232,1
1674374040,0.09345974693819323,0.07707554314936525,0.06364548561901859,0.08574946873303081,0.08371688046113986,0.07857018232046585,1.1686649399060767,12.982304056502471,-14.200817720000352,27.183121776502823,22920.408333333336,22956.616666666672,22886.716666666674,22990.30833333333,22850.50833333334,23026.51666666667,22816.81666666668,22847.62767059746,22900.985,22954.34232940253,0.4659828335116354,0.2410383886390285,50.902146918324725,22900.985,22830.1025,22925.91875,22885.09867761684,22876.910316997684,22885.245423962297,56.17743610139716,52.544305246929845,160.88925256565983,0.364079134283655,44.914311181076485,0
1674376500,0.08663397389215478,0.08573507328093857,0.06856609492582189,0.1047265675695082,-0.18727198783469293,-0.18450329079717065,1.1684097741038937,13.444149341743469,-10.991177947807486,24.435327289550955,22866.78804051624,22918.37608103248,22821.76195948376,22963.40216206496,22770.17391896752,23014.9902025812,22725.14783793504,22865.3066994024,22907.21,22949.113300597604,0.3658525031865973,0.3871210636741613,52.72943197942175,22907.21,22844.275,22909.78375,22889.31578507789,22880.699350270832,22886.43633596589,64.72093189870618,58.09524458267882,153.5114488109697,0.6228020930720481,73.64714937345144,1
1674378960,0.08755106698695649,0.08058904103061867,0.07095851835512725,0.09308966733959283,0.2978298472426771,0.28837277213649337,1.155935380216217,12.496089102638509,-9.55139054952996,22.047479652168462,22897.25,22926.3,22868.7,22954.85,22839.65,22983.9,22811.1,22856.23822463776,22902.23,22948.221775362246,0.4016357827359755,0.2936587590878293,51.502735944961614,22902.23,22858.72,22892.19125,22887.2938567186,22881.16310476704,22886.132875397707,71.18070579780714,64.02635793263683,149.4677738959003,0.6352577972452244,51.67074970408248,1
1674381420,0.08543646990901244,0.0719472558378406,0.05569204760587283,0.09502318307010106,0.06170254957248922,0.05689820237719775,1.1584784440472353,9.668451147750602,-9.903222803534293,19.571673951284893,22883.85,22932.000000000004,22835.10000000001,22980.75,22786.950000000004,23028.9,22738.200000000008,22843.45475786996,22887.235,22931.015242130048,0.3825734487372332,0.1763951200197673,49.42336566686878,22887.235,22872.0975,22876.32375,22877.8292378124,22877.11526753667,22883.539268216973,75.50149393905139,70.46771054518824,142.22779113144952,0.5886656289019376,32.528252501378994,1
1674383880,0.08005806466127355,0.06279973988942661,0.05948895897345672,0.0681687979241425,0.18128685548231385,0.1735370194986094,1.137274179157119,5.286758150075912,-11.427932640967184,16.714690791043097,22863.06933839786,22885.038676795724,22836.93066160213,22911.17735359145,22814.961323204272,22933.14669198932,22788.822646408546,22825.118958499897,22869.275,22913.431041500105,0.3861603964279937,0.0906562412312675,47.248779993386734,22869.275,22880.4375,22860.895,22862.927825208262,22869.11703707545,22878.737909339165,69.96647494947503,72.21622489544451,141.63294890777468,0.3665978379958503,-3.6022288381694514,1
1674386340,0.07279487742062941,0.045329847646530766,0.04316049449133839,0.05703317955028554,0.08509797410909968,0.0761001273819652,1.1137239321145365,-2.1332207871382707,-15.078329262545097,12.945108475406824,22833.075,22900.050000000003,22766.15,22966.975,22699.175,23033.950000000004,22632.25,22770.8407537688,22851.385,22931.9292462312,0.7049397332476971,0.0810687717761901,43.32789975106543,22851.385,22876.185,22842.1725,22836.58521680552,22853.623030334464,22869.70572749734,61.11977689544346,68.86258192798995,139.9869885428194,-0.1862972410265797,-57.05808597178321,0
1674388800,0.06042790483771522,0.03889730733363089,0.030901170839575623,0.045002415004896636,-0.005425030118478039,-0.013115391229612217,1.1088830496302033,-9.36815333580671,-17.85060944897083,8.482456113164119,22790.829834599463,22846.659669198933,22728.07016540053,22909.419338397867,22672.240330801065,22965.249172997334,22609.48066160213,22736.42319695877,22824.99,22913.55680304122,0.7760511881163888,0.1657043160266558,41.94758873601454,22824.99,22866.1,22831.975,22812.98181120368,22837.650661182743,22859.807562973787,48.08332062761266,59.723190824177045,138.369685925418,-0.441035789059376,-100.00957336052178,1
1674391260,0.05102798901457716,0.06540824589217445,0.06367569997474205,0.07396934511566981,0.7534308338110459,0.7308058171787375,1.135981008787759,-8.970813841624476,-13.962615963830878,4.9918021222064,22761.973250633066,22822.54650126613,22705.20174936693,22879.318002532265,22644.628498733862,22939.89125316533,22587.85699746773,22745.52821188392,22816.435000000005,22887.34178811609,0.6215413417221795,0.6695183256688816,49.139106698254565,22816.435000000005,22859.3325,22832.68375,22822.14620746912,22838.16417733133,22857.96636650009,44.73292013617092,51.31200588640902,138.9236369307453,-0.2954188793071588,-7.0001561150851614,0
1674393720,0.059584157228058265,0.08333063407432306,0.06779207558104629,0.08616747978648816,0.06839327422010227,0.06527206848536644,1.1374824279547866,-4.528786444854632,-7.616470853648826,3.0876844087941944,22844.891666666663,22907.483333333326,22777.883333333324,22974.491666666665,22715.29166666666,23037.08333333333,22648.28333333332,22734.16227818383,22822.85,22911.537721816167,0.7771835841375468,0.884072330447328,53.34673892127692,22822.85,22855.0425,22836.205,22845.089138312745,22847.76614508927,22861.110045881032,52.48559883243081,48.43394653207147,136.65998872320617,-0.1870595352944125,33.90458007846134,0
1674396180,0.07282387947823914,0.08723452060904852,0.0727880186245965,0.09952441448932647,0.045841856084766215,0.04314907150704088,1.111520877343033,-0.1194625705211365,-2.565717583452265,2.4462550129311285,22876.980812658265,22937.59418734173,22830.36162531653,22984.213374683462,22769.748250633067,23044.826749366926,22723.129063291333,22726.933116550124,22836.620000000003,22946.30688344988,0.9606227493374956,0.7979162044924911,54.23486480767749,22836.620000000003,22852.9475,22837.37625,22864.051092208498,22857.622300527582,22865.00194627332,67.58939974457103,54.93597290439092,132.90775960101985,-0.0913932231597875,64.38289441575988,0
1674398640,0.08139578059496941,0.06463634105462801,0.119932833260913,0.023733741969296944,2.4661556354082923,2.4119049486565483,1.1547000217869818,-1.742989876154752,-3.351395911268704,1.6084060351139524,22897.815406329133,22941.959593670865,22857.830812658267,22981.94418734173,22813.68662531653,23026.088374683462,22773.70203164567,22750.87467205256,22847.5,22944.125327947444,0.8458284534189213,0.452393434540263,48.48140988133575,22847.5,22849.4425,22839.7725,22855.467394805662,22854.10915497711,22862.458903771098,65.0517214636046,61.70890668020215,154.11434820094692,-0.1532350967391992,-26.45103970939142,1
1674401100,0.07438208147445288,0.03835608670040708,0.04618989932231695,0.047866882753798884,0.8164403633920044,0.7874690827167445,1.1390849609389764,-8.902243578555499,-8.408519690935561,-0.4937238876199379,22850.7,23059.4,22629.6,23280.5,22420.9,23489.2,22199.800000000003,22749.535635876786,22847.195,22944.854364123217,0.8548915008885557,0.0753351419770284,42.79562621653626,22847.195,22836.0925,22840.18375,22825.06159653711,22837.771126799453,22853.10567484052,50.3215089497802,60.98754338598528,154.02046618659352,-0.5830267165987925,-130.59382261613064,1
1674403560,0.05773445360683194,0.04370618574686061,0.03619801323521652,0.04453693899569898,0.14814720378542828,0.13737401759895135,1.1313790329598539,-13.207331310313748,-10.170885938155047,-3.0364453721587,22778.61666666667,22847.833333333336,22695.033333333336,22931.416666666668,22625.81666666667,23000.63333333333,22542.233333333337,22722.7687317869,22834.965,22947.1612682131,0.9826708139303176,0.252041663746254,44.22958255174112,22834.965,22825.7,22842.21,22809.81606435808,22827.14455829046,22846.078943903325,35.35559174810022,50.24294072049501,152.56900431612263,-0.454153146952462,-118.70569265752536,0
1674406020,0.05208582175247433,0.06947183687604801,0.0626202190500484,0.07350386910647345,0.9903511228275319,0.961491577423924,1.1420965370392746,-10.638299404305144,-6.081483225717155,-4.556816178587989,22771.075,22842.05,22708.349999999995,22904.775,22637.375,22975.75,22574.65,22726.83334032003,22827.155,22927.476659679967,0.8789677003548487,0.623452901791189,50.64600549333924,22827.155,22825.0025,22848.55,22823.85237623872,22831.65009314673,22846.63571115063,36.41228478362034,40.69646182716693,150.92657543639965,-0.030513279291664,12.241467284003011,0
1674408480,0.06214496977012494,0.08964783228506164,0.07873389450037126,0.08875096343246318,0.8974687731041848,0.8762224222941462,1.1668803318452168,-3.969248202683957,0.4700543807232265,-4.439302583407184,22847.275,22913.55,22785.65,22975.175,22719.375,23041.45,22657.75,22724.073290894183,22828.515,22932.956709105816,0.91501097733091,0.8842334671040541,55.01091074452549,22828.515,22832.5675,22856.5025,22852.15991749248,22845.672803483696,22852.55373866009,47.62098650535151,39.79628767902403,149.51162759498823,0.3313168915774843,90.07805388860048,0
1674410940,0.0772630413721081,0.07845077590591627,0.06740506590865912,0.08657300321083995,-0.08582359076143357,-0.08668206611866583,1.1678404734442918,-1.2157836065125591,2.5788151815156994,-3.794598788028259,22895.68589811445,22967.78910188554,22836.6717962289,23026.80320377109,22764.56859245781,23098.90640754218,22705.55449057226,22724.55394861138,22836.3,22948.046051388617,0.9786703746983362,0.6831160899711562,52.24915442241278,22836.3,22841.9,22859.0425,22860.51494499499,22851.40956648666,22854.903382597226,55.21366527066855,46.41564551988014,146.33222562391768,0.409609417176151,55.53622222241832,1
1674413400,0.07922327156071284,0.05717459429166364,0.04953293235323322,0.06931458502370366,-0.08170239629157983,-0.08498527768192601,1.1767215391516384,-3.826991873254883,-0.0259144681812992,-3.801077405073584,22872.408333333336,22927.31666666668,22822.31666666668,22977.408333333336,22767.408333333336,23032.31666666668,22717.31666666668,22756.495296975645,22846.905,22937.31470302436,0.7914393921133196,0.3361348449954763,47.38149901987244,22846.905,22847.05,22856.575,22846.10162999666,22845.203281670903,22851.31972711177,52.52636885373061,51.787006876583554,143.58885236506637,0.2262167661764205,-29.62025847582824,0
1674415860,0.06956476870057517,0.002981551214156572,0.039958502414131486,-0.050348555186687904,1.478275682760315,1.4153913765636017,1.227256686565571,-18.010394454049674,-11.367453639180871,-6.642940814868802,22819.42564119528,22869.55128239056,22767.14935880472,22921.82756478112,22717.02371760944,22971.953205976395,22664.74743521888,22653.63517613636,22823.955,22994.27482386364,1.4924654720326922,0.032115533046819,37.73765810490089,22823.955,22829.46,22844.39625,22785.59275333111,22812.361775912555,22833.534515005893,43.85028201949393,50.530105381297695,162.5745387527703,-0.7701240889254616,-227.6283463708732,0
1674418320,0.037637653022914705,-0.047671376573906805,0.008309297911126376,-0.051458536439387,1.3655720983700268,1.2944913245246639,1.2647290908203728,-40.30297032841918,-26.9280236108403,-13.374946717578878,22648.054487264308,22861.008974528617,22451.62051273569,23057.44294905723,22238.666025471382,23270.39743632154,22042.232050942774,22468.17283553703,22757.94,23047.707164462976,2.546514881953055,0.092621199096954,31.320832502052887,22757.94,22792.5475,22823.795,22697.67850222074,22759.54145301936,22803.850275481524,30.288451147400703,42.22170067354176,174.00005247731949,-1.6125350711361135,-220.92031010641216,0
1674420780,-0.003653623707450336,-0.07445736168376109,-0.0326225568365262,-0.10051254663933795,1.7985274059762104,1.6966279466319054,1.3202855926960335,-63.33016828892869,-39.96417725707985,-23.365991031848843,22569.460576965485,22706.92115393097,22384.38942303451,22891.992307861943,22246.928846069022,23029.452884827428,22061.85769213805,22334.98753579024,22665.46,22995.93246420976,2.916088746575281,0.1685276025585307,28.55564248698878,22665.46,22746.9875,22799.9675,22613.91066814716,22702.60209792493,22769.80501114995,23.190585252199,32.44310613969788,186.0851105466701,-1.9893480802419816,-218.3233995514425,1
1674423240,-0.037692918288002725,-0.035418496336506664,-0.03314708351715598,-0.03359141885560872,0.9752613086620867,0.9223563032317579,1.356182280545047,-71.87478015782835,-38.807031300783606,-33.06774885704475,22459.85528848274,22624.71057696548,22281.51971151725,22803.04615393097,22116.664423034512,22967.90144241371,21938.328846069024,22343.63714905353,22601.29,22858.94285094647,2.2799835845340657,0.4128381466865032,37.250741433796776,22601.29,22718.795,22784.11875,22594.732112098107,22676.01535284767,22749.478343421382,22.392702024437497,25.290579474679067,186.38795979333665,-1.2344395160760775,-117.00798787524997,0
1674425700,-0.035192165661873595,-0.014408488804165849,-0.023260745522525942,-0.013396921225848674,-0.4594613264407113,-0.45742003712421303,1.3438369902416083,-73.02768370004196,-31.967947874397765,-41.0597358256442,22558.325,22634.75,22479.95,22713.125,22403.525,22789.55,22325.15,22410.22056690605,22560.95,22711.679433093952,1.3361975723003794,0.681202167614973,41.38527951777485,22560.95,22703.9275,22770.01,22601.679741398737,22665.026197784457,22736.72564404792,31.467773772742927,25.68368701645981,182.1102483795269,-0.6531073942695202,-73.51174048903152,0
1674428160,-0.023436265030162023,0.010345700813752292,0.005553883721611303,0.002412070258167893,-0.05167200051046377,-0.05987691023011194,1.3527446661535625,-67.53462882627718,-21.17991440050639,-46.3547144257708,22606.225,22674.150000000005,22547.650000000005,22732.725,22479.725,22800.650000000005,22421.150000000005,22402.51072605849,22565.1,22727.689273941505,1.441068499067203,0.8697199608728632,45.90760481763776,22565.1,22694.5275,22760.11375,22629.56149426583,22668.716889096373,22731.830344614784,41.72137830415388,31.86061803377811,180.8343746966301,-0.4126548964905676,-32.1036737199156,0
1674430620,-0.005180606585495091,0.014435909205816127,0.013751452236731753,0.02082934769005691,-0.06211279755860306,-0.06937549527768305,1.363135489650741,-61.54195473627624,-12.149792248404353,-49.392162487871886,22671.49232772701,22760.53267227299,22596.28465545402,22835.740344545982,22507.24431090804,22924.780689091964,22432.036638635047,22415.91185705686,22600.1,22784.288142943136,1.6299763535837255,0.7626390560598368,46.640177770307226,22600.1,22679.02,22752.01125,22651.99099617722,22673.83200016976,22728.4988832229,47.74931342258842,40.31282183316175,177.63988424754837,-0.67860803849129,-10.089213617479755,1
1674433080,0.005992428173534023,0.022660688336931897,0.027824531232647127,0.031073940575858945,-0.0489643430508408,-0.055279144278440454,1.3715923840321569,-54.29678894227254,-3.9237011635205192,-50.37308777875202,22700.246163863503,22766.60383613649,22630.492327727006,22836.35767227299,22564.134655454018,22902.715344545977,22494.38081931752,22534.230313429653,22654.83,22775.429686570344,1.06467085888833,0.7702950640007479,48.16051128548093,22654.83,22660.145,22746.35625,22674.66899745148,22682.230727411617,22727.69184672548,55.46876207423188,48.313151266991404,175.48703537272348,-0.8239200917552335,13.44265214798292,1
1674435540,0.015691538899073446,0.03847142880256968,0.032398281906319625,0.04188627615709593,-0.23483556919279974,-0.23496106612585302,1.3501821684311923,-44.44776401600393,4.740259010198479,-49.18802302620241,22730.841666666664,22799.183333333327,22651.683333333327,22878.341666666664,22583.341666666664,22946.683333333327,22504.183333333327,22599.057534674022,22696.47,22793.88246532598,0.8583930921943254,0.8495702514667638,51.04792019711898,22696.47,22648.88,22745.39,22704.637664967657,22697.202413336778,22731.20452798972,62.44618551452795,55.22142033711609,172.25959549626972,-0.492411120666942,32.84954618727507,0
1674438000,0.02844685622798563,0.029776408793408468,0.014455106186527521,0.041636665399935976,-0.20490072109235993,-0.20744915867601393,1.3536961544941268,-38.17918022458616,8.807074241293002,-46.98625446587916,22760.090707632546,22827.48429236745,22697.181415265084,22890.39358473492,22629.78783053017,22957.787169469822,22566.87853816272,22663.96734848549,22721.370000000003,22778.77265151451,0.5052745632372411,0.6629280138328657,49.41774759689781,22721.370000000003,22641.16,22744.105,22716.45010997844,22704.997429093724,22732.049334847845,67.69112222727507,61.86868993867831,165.6696243893933,-0.3383401392146991,18.96677429583678,1
1674440460,0.03047678945651781,0.03196790873449272,0.011746038479813556,0.04790268860065964,-0.2778854935654826,-0.27797630977344884,1.357800196767656,-32.34021366179513,11.716832643267225,-44.05704630506236,22734.691666666666,22777.38333333333,22697.38333333333,22814.691666666666,22654.691666666666,22857.38333333333,22617.38333333333,22687.11164309181,22733.555,22779.998356908192,0.4085885987316288,0.6366718605751822,49.85241901690483,22733.555,22649.3275,22739.39375,22726.38340665229,22712.497896531226,22733.40177914805,69.01621949370924,66.3845090785041,157.7503655044366,0.3603641365434792,29.41914382917671,1
1674442920,0.03258756033881701,0.02198638066275153,0.013645904144262644,0.02724271496170193,0.12425049882347329,0.11045276774900986,1.3639421004041898,-29.6405650594752,11.533184996469728,-41.17375005594492,22740.016666666663,22770.533333333333,22715.733333333334,22794.816666666666,22685.216666666667,22825.33333333333,22660.93333333333,22703.209023122123,22737.81,22772.41097687788,0.3043474888555983,0.2155427132956683,47.83610136754995,22737.81,22668.955,22730.75125,22723.630604434864,22713.52100625282,22731.946847800617,67.76628517006702,68.15787563035046,154.90391082554837,0.8714870226025014,22.4728012239137,1
1674445380,0.028651934437704057,0.010984518610343469,-0.0005982040374061993,0.030894911341552558,-0.4309114366120567,-0.42747775983059083,1.3613509819560825,-29.660606011399068,9.210515235636684,-38.87112124703575,22713.20833333333,22774.616666666665,22656.716666666664,22831.108333333334,22595.30833333333,22892.516666666663,22538.816666666666,22678.068243060447,22731.230000000003,22784.39175693956,0.4677420178279542,0.0851811288879214,45.64472412299722,22731.230000000003,22693.03,22720.00875,22711.462069623245,22708.72173238868,22727.67810039104,67.94232691819364,68.24161052732332,148.64033738665935,1.0725562590841506,18.96195958026217,0
1674447840,0.021182917874341976,0.021817803744207085,0.0099165382103443,0.0386289742635881,0.06343778074351838,0.05231427656362932,1.3657976983568916,-26.903252272746613,9.574295179431315,-36.47754745217793,22692.779627560365,22723.55925512073,22656.345372439628,22759.993510241467,22625.565744879263,22790.773137801832,22589.131489758525,22680.22912080832,22721.845,22763.46087919168,0.3663072183766651,0.4495985657220174,48.16287052758171,22721.845,22709.1575,22713.97625,22713.524713082166,22710.34505377255,22726.72304321093,70.78055645628437,68.82972284818169,143.41602757332657,0.7149863397819971,53.74376332572333,1
1674450300,0.02286532056946285,0.028587497894195853,0.009107336168079423,0.047079154122850506,-0.5953420854394993,-0.5857414750335334,1.3648122000831726,-22.914690200894256,10.850285801026942,-33.7649760019212,22720.11666666667,22756.63333333334,22681.13333333334,22795.61666666667,22644.61666666667,22832.13333333334,22605.63333333334,22680.66140967655,22721.175,22761.688590323447,0.3566152747245485,0.6919109103371607,49.73012890856329,22721.175,22721.2725,22712.6,22721.25814205478,22715.141407632087,22727.67561052418,76.19047612105952,71.63778649851251,136.7148827466603,0.5356927692530383,59.89545015161958,1
1674452760,0.0270915367207084,0.026742024259599404,0.00843886491577421,0.04188730632796518,-0.3895741668361593,-0.3864774858338104,1.3650633335170128,-19.943427150854404,11.05723908085344,-31.000666231707843,22733.575,22759.95,22710.35,22783.175,22683.975,22809.55,22660.750000000004,22683.74301113616,22718.23,22752.71698886384,0.3036063008768048,0.6927538535256259,49.2926018870943,22718.23,22725.8925,22710.21,22724.68042803652,22718.12024260807,22728.04221904569,81.08407332153679,76.01836863296023,131.39239112189887,0.2036558876718791,47.94210977094067,1
1674455220,0.028281862254831504,0.03449656251266715,0.020612078247240498,0.05284389546751575,-0.2831062894240457,-0.2819822112807297,1.3677435508189257,-15.645219038706273,12.284357754401256,-27.92957679310753,22726.375,22760.05,22697.85,22788.575,22664.175,22822.25,22635.65,22680.797751845283,22725.28,22769.762248154715,0.3914781085620614,0.8158001356213198,51.23408859425911,22725.28,22731.545,22705.2825,22734.245285357683,22724.530198497512,22730.45486485086,81.97444153496261,79.74966365918631,126.735791756049,0.249043369454358,85.2012014174153,0
1674457680,0.03275448627801371,0.01992796776262383,0.016777164220853045,0.01356488146069345,1.0468792363666792,1.0024006193974313,1.4090920300536172,-15.374027850684795,10.044439153938184,-25.418467004622983,22755.391666666663,22787.483333333334,22721.283333333333,22821.591666666667,22689.191666666666,22853.68333333333,22655.08333333333,22701.22212377338,22730.32,22759.41787622662,0.2560269826964198,0.1907849930378061,47.55055143018044,22730.32,22730.775,22695.46,22726.9385235718,22722.311071497963,22728.72821105554,74.46301104193985,79.17384196614643,129.46894948775977,-0.0338908077786037,-28.354287294617848,1
1674460140,0.027706139957164186,0.017381569045655448,0.013364442564344593,0.03186166920680732,-0.2511967149760084,-0.2524944946542556,1.4133881983739032,-15.558718197953567,7.887799045335534,-23.4465172432891,22701.50833333333,22789.416666666664,22624.416666666664,22866.50833333333,22536.50833333333,22954.416666666664,22459.416666666664,22693.17773678152,22727.82,22762.462263218484,0.3048445756652772,0.1727985141008012,46.9156342767752,22727.82,22724.8325,22686.85625,22719.6756823812,22719.19087668015,22726.48266714549,63.90718208149232,73.44821155279827,127.6640245243484,-0.2610415524998787,-27.890136818311348,0
1674462600,0.023908704347648087,0.019715028497092578,0.008192586033345436,0.03834252748869813,-0.2300690358890741,-0.23190054699475254,1.4034590153980335,-15.00160985808543,6.755925908162936,-21.757535766248367,22712.916666666668,22761.13333333333,22656.93333333333,22817.11666666667,22608.716666666667,22865.333333333336,22552.733333333334,22687.55122626321,22722.82,22758.088773736785,0.3104260275510265,0.342707885411548,47.606035103389466,22722.82,22721.9975,22681.57875,22717.0254549208,22717.833444556483,22725.0771750364,52.99784177370103,63.78934496571108,123.6451656297522,-0.1246697735165877,-32.92673421918858,1
1674465060,0.02317677408334928,0.03110727920297396,0.01920477034764896,0.04943777880213022,-0.14201707072432262,-0.1452613071076444,1.3989538971497186,-11.833486687442928,7.93923926304435,-19.77272595048728,22716.24166666667,22749.68333333333,22678.283333333336,22787.64166666667,22644.841666666667,22821.08333333334,22606.88333333333,22686.395216332126,22725.28,22764.16478366788,0.3422161017851136,0.7384608868908131,50.95942594565863,22725.28,22721.755,22685.54125,22725.95863661387,22722.559181909848,22726.862682175783,53.35245607471805,56.75249330997048,120.08301094191285,-0.0106610979831808,85.90156524817772,0
1674467520,0.028507216563166685,0.062045579990672825,0.07180290309488267,0.05481541216896191,1.81712970222999,1.7686148859779478,1.451619183847537,-2.26235330090276,14.008298119667614,-16.270651420570374,22747.704087086822,22781.62091291317,22709.90817417365,22819.41682582635,22675.991348347303,22853.33365165269,22638.19543543413,22646.688925916427,22740.805,22834.921074083573,0.8277286057689958,0.9791689457844815,58.69176899151089,22740.805,22733.042500000003,22700.99875,22760.972424409247,22742.27569428988,22736.78052196857,58.8970779503158,55.082458599578295,126.23378654390189,0.4968499821178024,280.5173942610342,0
1674469980,0.046642354736825965,0.08328627172733755,0.07982455812255418,0.0731111023530372,0.6837035183961373,0.6661438026266852,1.4341955382930034,10.036538706230203,21.045752101440463,-11.009213395210258,22831.60204354341,22934.39795645659,22728.20408708683,23037.79591291317,22625.40817417365,23140.59182582635,22522.01021771707,22631.181542356902,22776.51,22921.83845764309,1.2761257773302055,0.8933847570336075,63.00457986526494,22776.51,22753.415,22723.2225,22804.264949606164,22769.289204418987,22751.45380559061,70.12675226766575,60.79209543089987,129.92401141111452,0.8979762750899399,260.2349630822155,1
1674472440,0.06633079595999007,0.07499051284104599,0.06205729589021102,0.09151421007769607,-0.01492120600752009,-0.017387814794058407,1.380182793315676,17.693373883255845,22.96206982277288,-5.268695939517038,22876.18435510504,22972.46564489496,22794.56871021008,23054.08128978992,22698.28742042016,23150.36257957984,22616.671775525203,22669.51044894513,22808.975,22948.43955105487,1.2228918752804332,0.7097307149290685,60.35422724806266,22808.975,22768.3975,22738.7775,22825.33496640411,22787.14116725189,22762.503443153408,73.98288568039708,67.66890529945955,126.07229631032062,0.6595092362105988,168.52225470635327,0
1674474900,0.07202693158933612,0.07475982863672208,0.06613848879902726,0.08603591550792078,0.9529142402954474,0.9265160884011933,1.4041994244864044,23.438833080261247,22.966023215822627,0.47280986443862,22868.691666666666,22906.08333333333,22830.08333333333,22944.691666666666,22792.691666666666,22982.08333333333,22754.08333333333,22736.493080206445,22839.995,22943.49691979356,0.9063217377547972,0.6296111224483422,60.27829278910448,22839.995,22781.4075,22751.34,22839.16497760274,22801.629136842457,22772.43882951975,75.95874491574669,73.35612762126986,124.41713228815496,0.5722020211794011,124.08609556480258,1
1674477360,0.07475965158632106,0.08640050848572133,0.08401129912383952,0.09391320181740195,1.4043189267939091,1.3706606557871417,1.3529692533977087,30.28967623369317,23.853493095403643,6.436183138289531,22867.24166666667,22918.483333333337,22815.583333333336,22970.14166666667,22764.341666666667,23021.38333333334,22712.68333333333,22823.46307824205,22871.155,22918.846921757948,0.4170486515258969,0.798478221788746,62.82033003698702,22871.155,22798.2175,22762.055,22859.318318401827,22819.44656650746,22784.55179813692,75.88289142665757,75.27484067426711,124.93733712471536,0.7395016392432912,126.29512500772547,0
1674479820,0.08194663992352315,0.06064372982593154,0.06712360432874107,0.037518993010889,1.2132486070019024,1.1762668317597138,1.3641693478554824,29.52250575580183,18.46905809400984,11.053447661791992,22902.441666666666,22966.88333333333,22835.18333333333,23034.141666666663,22770.741666666665,23098.58333333333,22703.48333333333,22819.98360858445,22870.365,22920.746391415538,0.4405823117868022,0.0701289823187098,54.50817674875161,22870.365,22805.585,22768.565,22848.562212267887,22820.829008960653,22788.599245933405,71.2772375133962,74.37295795193349,133.2418130443786,0.3237981178616487,26.892822741938968,1
1674482280,0.07266110660182472,0.036998598882650016,0.04302788808731403,0.03637320591132784,0.7135175288108074,0.684491467325746,1.361706299304106,23.270192637726723,9.773395980747782,13.49679665697894,22809.75,22939.0,22697.8,23050.95,22568.55,23180.2,22456.6,22748.62274517344,22844.28,22939.937254826564,0.8374722672508063,0.0616903278687907,48.20267910368087,22844.28,22810.395,22770.585,22819.183141511923,22809.846461876896,22785.91598441594,60.49798745670714,69.21937213225364,136.28972609771574,0.2117792872372095,-24.63860077843617,0
1674484740,0.05619518862797002,0.04861266132345898,0.13914258609033825,-0.025642520852406033,2.7282072018845973,2.6528327656006576,1.4290653969274119,20.717010649063013,5.776171193667256,14.940839455395755,22763.645865263697,22849.9917305274,22674.079134736297,22939.5584610548,22587.7332694726,23025.90432631849,22498.1665389452,22729.7783972832,22829.415,22929.051602716805,0.8728791580231398,0.3180136666086711,51.18942809134118,22829.415,22819.195,22772.01375,22810.505427674616,22806.810741535643,22786.60493828109,49.2070272266638,60.32741739892239,171.00474566216482,0.3875772677123912,17.681397873235994,1
1674487200,0.05376954861617281,0.06250694839932194,0.06501264247935376,0.058716054352765876,0.11058767406133789,0.10430965457572171,1.4318964166012458,21.603640023768094,5.330240454697869,16.273399569070225,22807.88333333333,23111.666666666664,22489.36666666666,23430.18333333333,22185.58333333333,23733.966666666667,21867.06666666666,22729.645644077274,22822.51,22915.37435592273,0.8137961681053271,0.5527112900462234,54.564793016710375,22822.51,22831.2525,22776.625,22817.77028511641,22811.44515216552,22790.956848920985,46.80662999024268,52.17054822453789,171.36154954343877,0.5308931840271962,35.03451818712924,0
1674489660,0.05950421639870459,0.07093579432657134,0.06969194124549537,0.07028134288895843,-0.04881665509982287,-0.05046237215822329,1.3012343394768005,23.946684234444547,6.138627732299455,17.808056502145092,22829.233333333334,22918.766666666663,22742.766666666663,23005.233333333334,22653.233333333334,23094.766666666663,22566.766666666663,22746.992676680085,22813.795,22880.59732331992,0.5856309598636831,0.81626894021067,56.52872198485567,22813.795,22842.475,22782.115,22830.53019007761,22819.55512449906,22797.156196642794,51.91493920402824,49.30953214031158,170.3357245760503,0.4934306344689259,55.285400333751696,1
1674492120,0.06658618209010395,0.07966630421332045,0.06835499874088366,0.0932314942048206,-0.3015481701945692,-0.29634228505147314,1.2014094886368696,27.471899109092192,7.73107408555768,19.740825023534512,22852.35,22932.700000000004,22775.700000000004,23009.35,22695.35,23089.700000000004,22618.700000000004,22738.271196738875,22824.515000000003,22910.75880326113,0.7557120338471861,0.8254436717617465,58.52831285587772,22824.515000000003,22847.44,22790.24125,22847.23679338508,22830.66328368105,22805.10798743872,56.60185333976125,51.774474178010735,164.53345141083648,0.2174674784284589,80.74291583020268,1
1674494580,0.07449263618983634,0.11110146328725633,0.12134014116050454,0.10000019578381923,0.6797334629974422,0.6672029972367371,1.179273197913737,36.98656148541341,13.796589169503113,23.189972315910293,22880.648699912315,22925.201300087687,22836.09739982463,22969.75260017537,22791.54479964926,23014.305200350744,22746.993499561573,22748.25310372239,22866.275,22984.29689627761,1.0322791646441103,0.9361478812280598,64.80561281667175,22866.275,22855.2775,22804.34625,22887.899528923383,22855.856323011765,22820.738179111224,63.93620440302112,57.484332315603545,168.55249059577667,0.3423857130687589,170.6887363985492,0
1674497040,0.09416422162693487,0.15141796422769438,0.15624137707037494,0.12105368460769797,1.0097050550346558,1.0011829110962125,1.118630581780454,53.08167803113611,23.913364572180647,29.16831345895546,22966.675,23078.35,22857.55,23187.475,22745.875,23299.15,22636.75,22740.52379855582,22924.21,23107.89620144418,1.602552074371849,0.9317553489400324,70.8911402628368,22924.21,22876.812500000004,22822.605,22952.87468594893,22897.123355191445,22845.69882871968,73.83776086290426,64.79193953522889,175.17023948648975,0.9417305583585516,235.0858882656023,0
1674499500,0.12415926371369689,0.11283159481969146,0.1353428547614401,0.08245533082179297,0.6517629758040552,0.6381083426661569,1.1112745332631169,56.413673295945046,21.796287869591666,34.61738542635338,23057.20800831141,23200.616991688585,22939.416016622825,23318.40898337717,22796.007033245653,23461.817966754345,22678.215041557065,22792.08101782052,22952.57,23113.05898217948,1.3984401936644013,0.5670762556644584,60.16791250405762,22952.57,22887.54,22834.47375,22959.949790632618,22911.119108793,22857.92751169876,77.01967725895076,71.5978808416254,184.77236523745464,0.4691294047162114,106.3494570449139,1
1674501960,0.1198626440215227,0.05068881916238063,0.0898185573646378,0.029784930088853457,0.36989712842869504,0.3516908934494802,1.112981437453162,44.41322886471608,7.836674750690157,36.57655411402592,22965.233333333334,23124.466666666667,22814.86666666667,23274.83333333333,22655.63333333333,23434.066666666666,22505.26666666667,22749.71792364008,22941.16,23132.602076359926,1.6689834024079553,0.1287127607916044,47.66355429331272,22941.16,22877.4775,22837.8475,22906.299860421743,22890.73381628518,22852.31536772745,66.75734088537787,72.53825966907765,194.95333959431915,-0.4394176760536472,-72.55445609739915,0
1674504420,0.08664140667214079,0.06490251513654112,0.0568864959367041,0.07719187133318484,-0.26074275873594105,-0.2580090109013666,1.022352533887837,37.69990939450145,0.8986842243804176,36.80122517012103,22814.70200207785,22970.504004155708,22643.19799792215,23142.00800831141,22487.395995844297,23297.810010389265,22315.8919916886,22728.425781803235,22932.84,23137.25421819677,1.782720484656636,0.2705883650673539,50.21226134836574,22932.84,22878.6775,22842.13125,22883.883240281168,22881.336758778783,22851.051999372456,54.64550106821698,66.14083973751521,188.2640298459235,0.0525692106513982,-37.227487169123485,1
1674506880,0.07713798814883159,0.10183860523668102,0.10793553341689566,0.10387671635224997,0.1553684677719075,0.15272220405507456,1.0225747064880728,40.31283676804014,2.809289278335285,37.50354748970486,22840.98433437226,22890.66866874452,22789.36566562774,22942.28733748904,22739.68133125548,22991.9716718613,22688.06266251096,22725.873353433097,22927.620000000003,23129.36664656691,1.7598568588183667,0.5384269088578268,56.18371215947629,22927.620000000003,22896.9475,22853.67125,22903.63049352078,22892.570984455368,22859.82085657508,53.10652357529708,58.169788509630656,189.0058848569288,0.8027090882529686,72.93965278001895,0
1674509340,0.09085523908081182,0.12054177072577499,0.1033266000457326,0.11771540734128524,-0.49085603796846755,-0.4791564446137596,1.0142926057563857,46.1045851459603,6.880830125004351,39.22375502095595,22948.8838338528,23031.941166147204,22860.0676677056,23120.757332294408,22777.010335411185,23203.814664588816,22688.19416926398,22755.49012763857,22910.22,23064.949872361427,1.3507497733450469,0.7766272559187508,58.87355849540223,22910.22,22917.215000000004,22868.205,22934.36199568052,22911.34444182712,22872.77363213936,62.88567595766904,56.87923353372771,184.085768025777,0.8891925863691471,83.18329415833733,0
1674511800,0.10706591068857113,0.11652254208888695,0.10360806162565193,0.12850164988539606,-0.4053906978523982,-0.3955175955600525,1.0125621772320237,49.213452562897146,7.991758033552955,41.22169452934419,22974.9669169264,23045.4580830736,22925.3338338528,23095.0911661472,22854.8426677056,23165.582332294405,22805.209584632,22753.95380016879,22912.3,23070.646199831208,1.38219384200808,0.7279814737485438,58.048855016801134,22912.3,22932.435000000005,22881.84375,22951.07466378701,22924.645452404005,22883.41423860228,70.11228697769174,62.03482883688596,177.42249888107887,0.6665995103428071,76.99039390384854,1
1674514260,0.11316153259196626,0.09598277543459285,0.08317577609455103,0.10218435244235667,-0.12740119303748038,-0.12564403882671096,1.0096060422475386,46.47152871505386,4.199867348567736,42.27166136648613,22981.5,23028.4,22937.6,23072.300000000003,22890.7,23119.200000000004,22846.8,22826.640158402788,22937.825,23049.009841597213,0.9694453732837586,0.4496334219705292,53.89400390139458,22937.825,22939.4925,22890.983750000003,22942.92477585801,22925.00537014873,22887.529549211584,69.29249267153584,67.43015186896555,173.56374896100192,0.3087803885623154,16.588086776447486,0
1674516720,0.1059389513149178,0.09562787665870873,0.07894499068530947,0.10458334418206255,-0.19648432594287227,-0.19281009852669245,1.012649650870735,43.71393562953017,1.1538194104352328,42.56011621909494,22918.35006256493,22975.600125129866,22869.374937435063,23024.57525025973,22812.12487487013,23081.82531282467,22763.14974974026,22896.17642140264,22955.14,23014.10357859736,0.5137287648636316,0.2497183795309741,53.82232061524402,22955.14,22943.99,22895.715000000004,22937.15818390534,22925.11803012169,22891.157687381907,65.80464053261794,68.40314006061517,167.41633832093035,0.196563471754511,5.487080156270845,1
1674519180,0.10215020249533664,0.10616837030246767,0.09562158929546971,0.12585201721766226,0.08190071193042503,0.0815644574882262,1.0228540345375527,43.4244944869788,0.6915026143070904,42.73299187267171,22916.24166666667,22964.68333333333,22877.18333333333,23003.74166666667,22828.74166666667,23052.18333333333,22789.68333333333,22899.809519640145,22957.58,23015.35048035985,0.5032802269215966,0.4804831119115598,55.7066512360098,22957.58,22942.6,22898.93875,22943.21378927023,22930.6102064632,22897.2688600122,61.081396597985325,65.39284326737972,160.96338558372108,-0.0605157553204246,46.092273373751176,0
1674521640,0.10552633606297417,0.1104449005518712,0.10311550386079439,0.1286448732728417,-0.0869210252112364,-0.08336465998186345,1.0269030262781522,43.66411188825805,0.74489601246907,42.91921587578898,22961.74166666667,22996.283333333336,22920.783333333336,23037.24166666667,22886.24166666667,23071.783333333336,22845.283333333336,22905.90594188193,22951.89,22997.87405811806,0.4006995338341331,0.6683735693818464,56.48254765041433,22951.89,22931.055,22903.933750000004,22951.26752618016,22937.29471437898,22903.94563524913,60.01191624234357,62.299317790982286,155.82314375631245,-0.5001554185850333,53.93903201286832,0
1674524100,0.10935277392854505,0.13466674200596315,0.13495584508905292,0.1363767025298058,0.27803095070117695,0.2790501974339087,1.04816842209566,48.79869404723286,4.7035825371551,44.09511151007776,22975.45833333333,23015.916666666664,22926.916666666664,23064.45833333333,22886.45833333333,23104.916666666664,22837.916666666664,22881.77297114205,22962.115,23042.45702885794,0.699778995601613,0.9574816011304516,60.68343546161331,22962.115,22937.2075,22912.37375,22979.386684120105,22955.172948128256,22916.486527130168,63.4001808435057,61.49783122794488,155.97193622150982,0.2678015678525011,117.6367514994626,0
1674526560,0.1233775137185543,0.15311260588254033,0.1428015866292755,0.15052560460340428,0.04751586893325525,0.05336714870155004,1.0619131336791405,56.41155819973574,9.85315735172638,46.55840084800936,23035.57292057697,23114.552079423025,22956.64584115395,23193.47915884605,22877.6666823079,23272.4583176921,22798.739602884874,22876.418840021703,22994.31,23112.201159978296,1.0253941951578025,0.8956615577333061,63.567734744192975,22994.31,22966.0675,22921.7725,23015.457789413405,22979.25059392312,22932.783048355865,71.94342181747705,65.11850630110878,154.88041357244035,1.2658449932014495,148.94503339574118,1
1674529020,0.13961327257405987,0.13944013054160495,0.11901808312617902,0.15374477192259708,-0.42247838243821356,-0.41097232171922227,1.061636994918006,58.659966772782354,9.681252739818396,48.97871403296396,23073.503126955155,23150.896873044847,23010.20625391031,23214.19374608969,22932.812507820618,23291.587492179384,22869.515634775773,22918.574893572168,23019.0,23119.425106427832,0.8725410002852632,0.6497384522147023,60.05116657350247,23019.0,22987.07,22932.87375,23026.663526275603,22991.94594048255,22943.858472321976,77.22017696828767,70.8545932097568,149.71038403155177,0.9195872858109152,92.14891120315394,0
1674531480,0.1408945755765456,0.14548228220103152,0.12591389183417703,0.16606198324287727,-0.5841530073982376,-0.5691514372453799,1.0438523084491058,61.111170449410565,9.705965133157283,51.40520531625328,23041.125,23077.15,23013.05,23105.225,22977.025,23141.250000000004,22948.95,22959.589385915064,23041.155,23122.72061408493,0.7079993523322514,0.6529137019309647,61.07594400076315,23041.155,22999.3675,22948.1575,23039.80901751707,23005.42849675845,22955.500522577026,81.29068875830113,76.81809584802195,142.53821374358373,0.5359993462093701,119.03208958455502,1
1674533940,0.1445564526103037,0.15137360188070886,0.13572986443382853,0.17189204254726936,-0.6703119837496071,-0.6536788701421249,1.0124939103149622,63.65942209976856,9.803373426812222,53.85604867295634,23064.8,23090.1,23040.8,23114.1,23015.5,23139.4,22991.5,23024.837625756376,23064.22,23103.602374243623,0.3415018955215068,0.7346227259646604,62.09689726586396,23064.22,23008.055,22962.635,23054.10601167805,23019.477860984185,22967.614758522068,83.16213631466447,80.55766734708443,136.70816828988615,0.3777859676702184,117.55606402233312,1
1674536400,0.14933319693274838,0.1531392232907332,0.14037398050248084,0.16187269916010746,-0.11461389754419588,-0.10702332693293444,1.0066789105628269,65.32731815517764,9.177015585777037,56.1503025694006,23085.06080753606,23114.33919246394,23053.42161507212,23145.97838492788,23024.143230144244,23175.25676985576,22992.504037680304,23044.572232267343,23074.63,23104.687767732656,0.2605265413369975,0.7169988156810106,62.4150759860715,23074.63,23018.3725,22975.40375,23065.295674452034,23031.87734080524,22979.04906723425,86.55574209283354,83.66952238859973,134.23615626918016,0.4488894689899841,97.71972587340714,1
1674538860,0.1526044235447377,0.16649228973337363,0.1484660009251322,0.18001126289270428,0.020257493775213933,0.02789300129752044,0.9368612831857536,68.89102796320367,10.192580315042449,58.69844764816122,23081.791666666668,23135.783333333336,23033.68333333333,23183.89166666667,22979.691666666666,23237.88333333334,22931.58333333333,23031.224485957307,23082.17,23133.115514042696,0.4414274224883918,0.9232953657495372,64.8203055744425,23082.17,23038.24,22988.86625,23085.29711630136,23048.863278840647,22992.97772749765,88.33419432389591,86.0173575771313,129.96513756052113,0.8665688909728445,120.3276454550145,0
1674541320,0.1609169009130474,0.15975808546097148,0.1414294614271745,0.1753356975799488,-0.31783298793340353,-0.3062399908499132,0.7790764655713925,69.38435014370043,8.548721996431368,60.83562814726906,23118.88603521735,23159.313964782654,23084.8720704347,23193.327929565305,23044.4441408694,23233.755859130608,23010.430176086746,23052.85747553108,23093.620000000003,23134.38252446893,0.353019790478289,0.655841672780636,62.64306790618436,23093.620000000003,23056.310000000005,23000.15,23092.30641086757,23059.310864505984,23003.77270583121,86.78722267794437,87.22571969822462,125.50334202048391,0.7882009759821192,87.97291064398108,1
1674543780,0.16170587061162206,0.15078801890050084,0.13801673977066478,0.1693561211541151,-0.47908014463972803,-0.46525598930193657,0.7531954065464466,66.96391196439072,4.902627053697316,62.0612849106934,23101.541666666668,23137.68333333333,23070.18333333333,23169.041666666668,23034.041666666668,23205.18333333333,23002.68333333333,23062.75225936243,23096.61,23130.46774063757,0.2931836372313495,0.2702150275389061,59.76351563993605,23096.61,23068.8825,23005.741250000003,23088.55427391172,23063.263434595803,23011.132448133,83.31905414667621,86.14682371617216,121.86024616187792,0.5476942713727737,61.129457305967016,0
1674546240,0.15761509993466316,0.1420752539525444,0.12724239513779745,0.15911564895178879,-0.36065804615866376,-0.34987718174956567,0.7185523093793571,62.34603120322936,0.2277970340287609,62.1182341692006,23084.31666666667,23119.93333333333,23045.43333333333,23158.81666666667,23009.81666666667,23194.43333333333,22970.93333333333,23044.79988725504,23091.370000000003,23137.940112744967,0.4033551300331224,0.1256182565955581,57.021706783229874,23091.370000000003,23077.795,23004.425,23077.869515941147,23062.033719214745,23015.453167358428,75.45978981037256,81.85535554499772,118.33280095078015,0.3880504411148422,24.321974670026982,1
1674548700,0.15121311625120185,0.11601681133325231,0.12408439156470778,0.09656283448513706,0.2855425503988374,0.2814610633852533,0.68684422148446,52.16027241652773,-7.966369402138298,60.12664181866603,23056.39200440217,23092.68400880434,23020.20799559783,23128.86801760868,22983.91599119566,23165.16002201085,22947.73198239132,22971.508032154856,23070.45,23169.391967845146,0.8577376500687673,0.058453293870446,49.68054888601748,23070.45,23072.54,23004.87375,23046.27134396077,23047.677588448427,23012.369532371915,62.37100066682651,73.71661487462511,126.89474374000994,-0.2281249152128465,-95.03425233505334,1
1674551160,0.13498225746527315,0.07936464025381816,0.10480656137724167,0.07171357676340956,0.5987138409334378,0.582613884339191,0.6935482175786045,35.34709647348063,-19.82363627614832,55.17073274962896,22970.691666666666,23095.98333333333,22857.783333333333,23208.891666666663,22732.49166666667,23334.183333333327,22619.583333333336,22857.58983084691,23021.35,23185.11016915309,1.4226808519316825,0.067813099082492,41.57328003588039,23021.35,23051.76,23008.91375,22990.780895973847,23017.154390548712,22999.74386262221,46.425497711212586,61.418762729470565,135.88844085155384,-0.9000502434207076,-188.6066925493081,0
1674553620,0.10853983442351976,0.07821121923219473,0.07859430772887979,0.09137098669025173,-0.2624280847266724,-0.25857442938575675,0.6805802798553895,21.51230510529785,-26.926742115464883,48.43904722076274,22894.86883443388,23013.737668867747,22760.93116556612,23147.67533773549,22642.06233113225,23266.54417216937,22508.124662264498,22804.0270438325,22975.395,23146.762956167506,1.491751990923348,0.2116001082974163,41.34462535764657,22975.395,23034.5075,23010.78875,22952.70393064924,22991.58995590349,22988.011113801047,32.99699445123899,47.26449760975937,134.9966416229292,-0.7485115997062852,-168.13213520220765,1
1674556080,0.09474188381420513,0.09004709340793128,0.07306948020451455,0.11278288311329576,-0.5108458050527453,-0.5000921770110456,0.6653331938535229,13.088325485150564,-28.280577388489743,41.36890287364031,22887.2510838836,22943.602167767203,22820.198916116395,23010.65433553441,22763.8478322328,23067.00541941801,22696.795664465582,22802.667716268472,22941.165,23079.66228373153,1.2074128208530737,0.3871277502430832,44.705445889025086,22941.165,23018.887500000004,23009.1275,22938.43595376616,22976.73723664831,22980.57196010571,29.915096842663704,36.4458630017051,129.78616722129135,-0.6771842660874491,-120.18823041418489,1
1674558540,0.09376113884783806,0.08451067250413806,0.06986785473294431,0.10401045063228263,-0.34760823911256133,-0.34096765502523846,0.6227337898664539,5.094742301447695,-29.01932845775409,34.11407075920179,22913.06666666667,22935.43333333333,22887.53333333334,22960.966666666667,22865.16666666667,22983.333333333336,22839.633333333342,22830.703105630542,22908.725,22986.74689436945,0.6811544018224728,0.4075579994783683,43.45128409225372,22908.725,23000.0475,23004.05125,22923.72396917744,22961.7486481668,22972.355582952787,31.197488281595337,31.36985985849936,125.03715527691335,-0.8161956790150262,-107.1814249400199,0
1674561000,0.09050241874014776,0.09857353649854805,0.09220886763895997,0.10888004580541592,-0.01843998686449604,-0.01827488937335619,0.5727166524344023,1.9348723734583475,-25.743358708594755,27.678231082053102,22896.666666666668,22927.13333333333,22863.833333333336,22959.966666666667,22833.36666666667,22990.43333333333,22800.533333333336,22856.626874881964,22898.895,22941.16312511804,0.3691717449076608,0.914378445958732,47.48155599982661,22898.895,22984.672500000004,23001.5225,22927.12431278496,22956.689803045563,22968.69552743348,36.271778544264784,32.46145455617462,124.1916441857053,-0.665939727581924,-61.71571174935777,1
1674563460,0.09590483911073476,0.11760498335533458,0.10276367688589651,0.1228097119347377,-0.12967257797169554,-0.12508966081285594,0.5588605949036456,3.7149187561044528,-19.17064986075892,22.88556861686337,22935.575,22991.35,22878.15,23048.775,22822.375,23104.550000000003,22764.95,22843.470612045287,22920.445,22997.41938795472,0.6716657373337487,0.9358917412859684,52.42338643269628,22920.445,22970.8975,23004.56875,22947.26620852331,22962.30074794637,22970.491191487432,43.13920580171602,36.86949087585872,122.77057472757082,-0.5956679480914842,-23.69638671971927,0
1674565920,0.10812224425527553,0.09021567032647573,0.09759182035489734,0.0756880257650109,0.6417583106494475,0.6245751891198081,0.5456189785505021,-1.089203522518801,-19.17981771150574,18.09061418898694,22976.41777607606,23034.132223923945,22929.835552152123,23080.714447847884,22872.12110430424,23138.428895695768,22825.5388803803,22861.77527985079,22927.21,22992.64472014921,0.5708040372047813,0.3713603423258272,45.75114204763285,22927.21,22951.3025,23003.80625,22934.969139015546,22952.85970286521,22964.7658399172,44.56089148315235,41.32395860971106,129.80124796131582,-0.8480361978808864,-74.84712000242588,1
1674568380,0.10053561170437565,0.06582525195383934,0.07321021099447421,0.04446532730197746,0.8424361323624786,0.8162699939830628,0.545787480014065,-10.323040595256316,-22.730923827394605,12.40788323213829,22901.925,23016.75,22795.55,23123.125,22680.725,23237.95,22574.35,22817.888088756423,22913.560000000005,23009.231911243587,0.8350680666258942,0.1241843657909188,40.77427627470704,22913.560000000005,22927.3625,22998.1225,22903.862759343698,22932.639756889715,22953.040521829847,41.02434347356775,42.908146919478725,137.6083016783646,-1.037214511471538,-120.86963869219484,1
1674570840,0.08454648193570079,0.07601971929111048,0.0794727311476563,0.06494627170662748,0.3464053612751622,0.33377729057090644,0.56057418806841,-15.148433850590663,-22.045053666183165,6.896619815592501,22826.85,22953.800000000003,22714.700000000004,23065.95,22587.750000000004,23192.9,22475.60000000001,22807.499499502606,22908.775,23010.0505004974,0.8841633871509508,0.3104181178497897,43.538883402007166,22908.775,22908.75,22993.2725,22892.7001728958,22921.31889200068,22945.16761498891,34.85884469387463,40.14802655019825,142.04342298705288,-0.8072560883048164,-82.14111447712148,0
1674573300,0.08164940330225931,0.08996724118335658,0.07743213469324883,0.09717153388177774,0.14038518714356651,0.13513622110622028,0.5659549092642587,-15.621338152057431,-18.01436637411995,2.3930282220625148,22861.425,22965.75,22766.05,23061.125,22661.725,23165.45,22566.35,22805.65360537777,22903.925,23002.19639462222,0.858118375974608,0.5292557158779744,47.17219628536433,22903.925,22901.41,22986.975,22898.3584485972,22919.201820727823,22941.78736594235,39.12357442556394,38.33558753100211,139.31889277369206,-0.319365446094578,-40.51684007666229,0
1674575760,0.0871749705011273,0.09307260547234401,0.07795987515559566,0.1054068786598717,-0.23165207707168167,-0.22737223621247196,0.5496973047917945,-15.115820574552345,-14.007079037291888,-1.1087415372604572,22902.591666666664,22958.08333333333,22854.183333333327,23006.491666666665,22798.691666666666,23061.98333333333,22750.28333333333,22831.22358705737,22890.1,22948.976412942626,0.5144268739990407,0.7405462441097251,47.9749203375826,22890.1,22905.2725,22978.51625,22905.047299064805,22919.06058059549,22939.562378709747,45.9011587271908,39.96119261554313,135.2532575755713,0.1688170351139592,-20.58964347741573,1
1674578220,0.09149051318482204,0.07757240143560355,0.06367569997474205,0.07511513221523097,0.04241367502899556,0.03783501225433377,0.5329157385007832,-18.03154531497057,-13.538243022168093,-4.49330229280248,22913.675,22957.25,22874.85,22996.075,22831.275,23039.65,22792.45,22827.091129330656,22882.975,22938.85887066934,0.4884318640329091,0.4264098933960317,44.35224918249117,22882.975,22905.0925,22969.8,22894.948199376537,22911.00411139632,22933.38977121358,48.19960948194205,44.40811421156561,135.0869534630307,-0.0078683193051368,-93.07726793845764,0
1674580680,0.0858977984689516,0.08723452060904852,0.07050114328776025,0.10547849035359451,-0.24727218523189892,-0.2429722738062534,0.5291156831955143,-17.938662472675787,-10.756288143898646,-7.182374328777142,22857.38333333333,22929.266666666663,22802.86666666666,22983.783333333333,22730.98333333333,23055.666666666664,22676.46666666666,22856.786299512434,22895.04,22933.293700487568,0.3341658323162281,0.5906448253581599,47.03701707847898,22895.04,22904.3,22961.59375,22897.290466251023,22909.3624547788,22930.397888240856,49.605596184489706,47.90212146454086,129.79502821567138,-0.0345920322655398,-3.908026464695313,1
1674583140,0.08793274009032563,0.10779203220213783,0.10948357210644558,0.10952455104891867,0.5616883642604967,0.5520320167412841,0.5527316092455336,-13.04066409227744,-4.686631810800236,-8.354032281477203,22901.191666666666,22932.08333333333,22871.08333333333,22962.191666666666,22840.191666666666,22993.08333333333,22810.08333333333,22857.629944174303,22912.945,22968.260055825696,0.4828279893806459,0.924432365647083,52.3090481177356,22912.945,22910.86,22955.45375,22918.16031083402,22918.55109936447,22933.2076131703,57.72386819760612,51.84302462134597,131.98824048598058,0.2865342028365234,145.31917862227388,0
1674585600,0.09922947603881145,0.12236949942157749,0.10775961992944671,0.1261637821727564,0.04925371293871018,0.05082498680760947,0.5483904658484696,-5.777951240484981,2.060864832793777,-7.838816073278759,22961.2,23040.800000000003,22880.300000000003,23121.7,22800.7,23201.300000000003,22719.800000000003,22842.227950144395,22931.205,23020.182049855608,0.776034664167071,0.8920673932953549,55.67818943570294,22931.205,22917.565,22951.11875,22945.76520722268,22933.537263116385,22939.66165001122,72.20865872153091,59.84604103454225,130.3554583351643,0.2923616432860734,158.28104617757438,1
1674588060,0.11216693880002106,0.1290149790000086,0.11824406378140341,0.13921578145616417,0.072160922504951,0.0741781558114301,0.5240223111226651,1.4717861931458174,7.448481813139661,-5.976695619993844,22988.74856987515,23049.42643012485,22940.297139750302,23097.877860249704,22879.6192795006,23158.555720499407,22831.16784937575,22840.05854309293,22951.46,23062.861456907063,0.9707570403544188,0.8062796569030974,57.16385995099719,22951.46,22920.78,22945.838750000003,22970.41013814845,22949.20321527704,22947.28435001015,83.69212043277285,71.20821578396998,128.36415025317206,0.1398583146094204,160.12067376034454,1
1674590520,0.12195857462093827,0.11196209281877638,0.10775961992944671,0.12012308171985776,0.24934299196010343,0.2455025928850002,0.5213911929835242,3.301958983680379,7.422923682939379,-4.120964699259,23017.07428493758,23069.62571506243,22967.14856987516,23119.55143012485,22914.597139750305,23172.102860249703,22864.671424687884,22890.053140913733,22970.840000000004,23051.626859086275,0.7033861982084315,0.5050131915583739,52.3175758204651,22970.840000000004,22926.9075,22939.105000000003,22970.823425432307,22953.28444886304,22949.604888104423,83.04118417939003,79.64732111123128,128.1952823779455,0.2674552468041289,74.77555598172496,1
1674592980,0.11832752693155127,0.1125033134520002,0.12176233353038225,0.10934552181461228,0.7088520033499744,0.6975216385804981,0.5331409433424761,4.819878304082522,7.152674402673218,-2.332796098590696,22973.35,23035.500000000004,22909.500000000004,23099.35,22847.35,23161.500000000004,22783.500000000004,22941.19540815923,22985.08,23028.96459184077,0.3818528527267935,0.3643601375718423,52.45534439566849,22985.08,22940.06,22933.71125,22971.60728362154,22956.90091270612,22951.849660665903,77.86963120632065,81.53431193949451,133.03133363666376,0.5758121676849153,68.71044140399098,1
1674595440,0.11678262681297504,0.10171439066512208,0.10227111912103895,0.0878978195447075,0.15236675969597266,0.1480364228423778,0.5293734595413253,3.5291327197337523,4.689543054659559,-1.1604103349258064,22977.091666666664,23073.08333333333,22877.183333333327,23172.991666666665,22781.191666666666,23268.98333333333,22681.28333333333,22928.70710673663,22981.655,23034.60289326337,0.4607839884757816,0.1328465817647815,49.39172734374412,22981.655,22947.3,22928.025,22961.99652241436,22954.33256494137,22950.985407269152,70.299886421927,77.07023393587923,137.84338123404476,0.316566737537104,1.2069422980400868,1
1674597900,0.11061544804951343,0.061007501071212,0.08065185407229289,0.03304326215322924,1.666422670208541,1.6121368249266783,0.5787600236686051,-6.672210774780979,-4.409440351884138,-2.262770422896841,22928.525000000005,23035.85000000001,22835.45000000001,23128.925000000003,22728.125000000007,23236.250000000007,22635.05000000001,22818.26810188885,22947.075,23075.881898111147,1.122643283391425,0.0380682178321076,39.91857921136583,22947.075,22939.14,22920.275,22917.35601494291,22931.37664404294,22939.2796541959,58.67055005417132,68.94668922747299,148.86538460488424,-0.3561813949783161,-131.15811787000814,0
1674600360,0.08717740530040093,0.0033719398676298907,0.05741782893810657,-0.05067080780843862,1.289957643814911,1.2306948430838633,0.6083248893669737,-27.54366552661304,-20.22471608297296,-7.318949443640081,22818.7421428086,22969.4842856172,22677.3328571914,23110.893571234395,22526.5907143828,23261.635714043,22385.1814287656,22640.331278292462,22876.27,23112.20872170754,2.0627376902575305,0.0537082712072923,30.88604357080005,22876.27,22913.865,22909.56875,22833.46234329528,22883.06725421695,22913.222068082006,46.51818602109771,58.49620749906535,171.08308671974189,-1.102824474194889,-234.00230067747285,0
1674602820,0.04663917532199266,-0.01700812233751737,0.017232466009308778,-0.011857269810813979,0.16092771511361748,0.1410784339337876,0.6144341868074187,-48.16296864526157,-32.67521536129719,-15.48775328396438,22664.662738070965,22895.12547614193,22435.21226192904,23124.575952283856,22204.74952385808,23355.03869035482,21975.299047716147,22512.51019719507,22803.590000000004,23094.669802804936,2.5529296291060493,0.1644562794847855,28.435849535167044,22803.590000000004,22887.215000000004,22896.15375,22758.39156219685,22833.100480722955,22884.177109217057,34.07513874456155,46.42129160661021,175.81244531879238,-1.1650400550825692,-193.32494527746624,1
1674605280,0.016179524285519484,-0.007612177245985514,-0.00795627211446797,-0.027074754726857157,0.3266012928908456,0.3008379783775135,0.6300877314589817,-61.6568617593548,-36.93528678031233,-24.721574979042465,22643.58136903548,22744.562738070963,22507.26863096452,22880.87547614193,22406.287261929032,22981.85684517741,22269.974523858065,22478.597143426407,22735.9,22993.2028565736,2.263405948949414,0.3033931660392111,31.147763447349536,22735.9,22860.49,22882.395,22717.1693747979,22797.0322115006,22860.4197654821,31.427608380004127,37.34031104855448,178.12584208173587,-1.1669299263491468,-159.34861950980056,0
1674607740,0.005647904110799125,-0.04762701422692129,-0.011931916930813807,-0.08977079258095454,0.7070866818215485,0.6596350247477194,0.6411019440268229,-80.52065993411088,-44.63926796405472,-35.88139197005616,22614.375,22728.65,22520.45,22822.575,22406.175,22936.85,22312.25,22451.12482210735,22651.74,22852.355177892645,1.771300375976829,0.176582297104561,26.535872622947533,22651.74,22816.6975,22863.77875,22652.1045831986,22747.02180940958,22828.18693067428,28.15529534461356,31.219347489726417,191.9739962187548,-1.9073471574353675,-160.4738749907091,1
1674610200,-0.019626315890875847,-0.07119229294562682,-0.04845621392226482,-0.07555587137702688,-0.15997991966305622,-0.17341920761663399,0.6426847884986354,-99.67924072705136,-51.038279005596166,-48.6409617214552,22514.658333333336,22704.31666666668,22332.31666666668,22886.658333333336,22142.658333333336,23076.31666666668,21960.31666666668,22422.466650870167,22577.24,22732.01334912984,1.371056419029385,0.1069575263311658,24.257933260837746,22577.24,22762.1575,22839.86125,22586.5947221324,22694.03148042602,22792.70008013388,24.91757718889418,28.166826971170632,194.5820510165797,-2.3712038294028748,-138.63541612500913,1
1674612660,-0.04404664911397646,-0.03800038493106424,-0.04961258594237671,-0.018803604101901142,-0.26209010292512813,-0.26810692082029236,0.6376032254427504,-106.0928953001312,-45.9615468629408,-60.1313484371904,22471.15392112944,22577.607842258865,22349.12107887056,22699.640684517737,22242.66715774113,22806.09460564717,22120.634315482257,22426.813548899576,22553.925,22681.036451100423,1.127178095169009,0.4810205927230396,32.984232505999586,22553.925,22715.0975,22817.93875,22574.0964814216,22667.680302166744,22769.50007250208,24.4525709219857,25.841814485164488,190.2779759439669,-2.044335938348468,-86.2755842645763,0
1674615120,-0.039660039342059306,-0.022455818547338264,-0.029241804095789976,-0.016118165587305288,-0.16529260126797035,-0.17363474584515168,0.6311498601776541,-106.4147854038165,-37.02674957330088,-69.38803583051562,22554.06666666667,22584.93333333333,22518.233333333337,22620.76666666667,22487.36666666667,22651.63333333334,22451.533333333336,22428.487122675702,22550.855,22673.222877324297,1.0852615328713462,0.6717975375538098,36.66443469058392,22550.855,22677.2225,22802.065,22580.364320947738,22654.08388359097,22752.68101797807,27.596409574468098,25.655519228449336,185.0509776622549,-1.6487714204247408,-62.56717015949405,0
1674617580,-0.02969406612575321,-0.007878351327898613,-0.029910275348095188,-0.0039011317137254134,-0.4898123820354431,-0.48559956962511824,0.6236052047857098,-102.1776362211931,-26.231680312541982,-75.94595590865111,22590.466666666664,22650.233333333326,22533.133333333328,22707.566666666666,22473.366666666665,22767.333333333325,22416.03333333333,22428.747575458256,22550.705,22672.66242454174,1.0816284860428311,0.8413896296715396,39.9924747456306,22550.705,22643.3025,22791.68125,22598.234547298493,22650.427722938064,22741.37568293254,35.50421099290772,29.18439716312051,177.62446351327023,-1.476504662503134,-46.685459322900506,1
1674620040,-0.017421984730630245,-0.00582881089716724,-0.0264271882966069,0.008479595522477373,-0.35706966225118586,-0.3572059399314155,0.6120871864976845,-97.23283117816028,-17.029500215607328,-80.20333096255294,22614.898406807846,22664.97659319216,22583.89681361569,22695.97818638432,22533.818627231376,22746.05637276863,22502.81703403922,22438.84530138547,22574.26,22709.674698614534,1.199726578984485,0.7418127451083444,40.46613189205325,22574.26,22613.0,22780.15,22612.07303153233,22648.486318767507,22731.69704646277,39.52238475177303,34.20766843971629,168.96574396148182,-1.3207861734249733,-34.29848618502991,0
1674622500,-0.010261123037457905,0.0018192577231355264,-0.0001457132717346807,0.0115597540364624,0.1332894283672574,0.11700311973010442,0.6204636496980569,-90.53154140166588,-8.262568351290355,-82.26897305037554,22631.64920340392,22663.90079659608,22607.498406807845,22688.051593192155,22575.24681361569,22720.30318638431,22551.09601701961,22535.6719303182,22615.405,22695.13806968181,0.7051217493722197,0.7878040453174053,42.2965084269342,22615.405,22596.3225,22767.73125,22628.482021021555,22650.8160789916,22724.99256584727,42.55429964538995,39.19363179669024,165.6467622499474,-0.730569704191008,-11.794970355787283,1
1674624960,-0.002856468389067129,0.003034786030538417,-0.014992811612425657,0.0226595665634586,-0.30484994494850504,-0.30617045331765774,0.6047152631307937,-83.97632529299881,-1.3658817940986123,-82.6104434989002,22666.6,22725.200000000004,22602.700000000004,22789.1,22544.1,22847.700000000004,22480.200000000004,22587.07917492505,22638.53,22689.980825074952,0.4545421021148738,0.7545634590100259,42.59857107609236,22638.53,22596.2275,22755.04625,22640.56301401437,22653.344973720392,22719.25279767134,43.91733156028357,41.99800531914886,157.336279232094,-0.0041913598426006,-2.702628121353434,1
1674627420,0.0014536532052519026,0.013575279674297367,0.0037243834521420477,0.02752234117981556,-0.04902663885622454,-0.057501168542988944,0.6018218426341234,-75.51424628714449,5.676957769404567,-81.19120405654905,22664.00833333333,22689.016666666663,22639.716666666664,22713.30833333333,22614.70833333333,22738.316666666666,22590.416666666664,22616.03618458529,22658.835,22701.633815414712,0.3777671306994672,0.9157825357447285,45.27385774941216,22658.835,22604.845,22746.03,22658.51700934291,22660.814069407592,22716.888245512164,47.64317611325922,44.70493577297759,152.4493341957681,0.3811661672177159,40.77308870901531,1
1674629880,0.008879221979843392,0.025872522258683025,0.013962548421669971,0.03501364918307059,-0.0429648112999892,-0.05049904442445335,0.5959620112898522,-65.25974853285152,12.74516441895804,-78.00491295180956,22696.16865042549,22739.75634957452,22650.83730085098,22785.087699149022,22607.24960170196,22828.675398298044,22561.91825212745,22615.90980324584,22677.855,22739.80019675416,0.5463056074232525,0.9134299565088048,48.30118706724517,22677.855,22614.28,22737.385,22682.036339561942,22673.22514769712,22718.04888879672,53.94249026025008,48.5009993112643,148.4955977790532,0.4168374035911732,95.62075993153398,0
1674632340,0.01874093234080493,0.017443676331434912,0.004603950889386759,0.032219727675420105,-0.08222062074666332,-0.08893585897293127,0.591589875462799,-58.37648392725896,15.702743219640482,-74.07922714689944,22724.39265854608,22775.28234145392,22678.18531709216,22821.489682907835,22627.29563418432,22872.379365815672,22581.0882927304,22640.065359731,22690.97,22741.874640269005,0.4486775159369892,0.6409989337331635,46.40628532070237,22690.97,22632.615,22724.65625,22689.79922637463,22679.06148447946,22716.837089863704,61.15964209147611,54.24843615499515,143.4816265091208,0.8140937906200597,94.56640404471372,1
1674634800,0.01945715572115223,0.008012241362313871,-0.008202550996896745,0.03007137686374342,-0.21060351263558488,-0.21445866001443628,0.5862284379302481,-54.43829674137305,15.712744324421124,-70.15104106579417,22705.00833333333,22744.316666666666,22666.016666666663,22783.30833333333,22626.70833333333,22822.61666666666,22587.716666666664,22650.21321931577,22694.46,22738.706780684228,0.3899346420600333,0.3224729600994589,44.311499243674206,22694.46,22654.9325,22708.545,22686.116150916423,22679.00485093774,22713.209747971923,69.40389687617775,61.50200974263466,136.65436747275487,0.993851192855223,64.55760005611798,0
1674637260,0.01509931624970408,-0.0004964567895076541,-0.01369105180530323,-0.0009722923649849243,0.2558274433733922,0.2342309958412372,0.5732257611335001,-52.644978612923296,14.004849962296705,-66.64982857522,22682.016666666663,22704.33333333333,22656.43333333333,22729.916666666664,22634.11666666667,22752.23333333333,22608.533333333336,22642.524826049783,22692.47,22742.415173950216,0.4401916049704123,0.1226362126841917,42.44980400413343,22692.47,22665.5,22690.29875,22675.66910061095,22674.59942349452,22707.64453387936,72.86665347291301,67.81006414685564,135.39334122470095,0.4686439813562533,15.848748128266507,1
1674639720,0.008665836623109338,-0.015313480682670126,-0.009152483829120008,-0.03377044808991511,0.6639314568861019,0.624693273939322,0.5887875331353305,-53.970498841485096,10.143463786987924,-64.11396262847302,22639.925,22706.85,22587.85,22758.925,22520.925,22825.85,22468.85,22595.688350321816,22676.19,22756.69164967819,0.7100103648645241,0.107678847250277,39.34943628496425,22676.19,22667.5125,22672.3675,22654.787733740635,22663.40407376824,22698.63314970037,72.13662514716871,71.46905849875317,141.68667399436518,0.0890766568258169,-29.31276626630408,1
1674642180,-0.0019597822493708367,-0.026501664592417873,-0.030943459506104436,-0.01887521579562396,-0.19063708547174027,-0.19855655052994292,0.5826081957244825,-56.90877823604024,5.764147513946227,-62.67292574998646,22599.775000000005,22718.15000000001,22494.65000000001,22823.275000000005,22376.275000000005,22941.65000000001,22271.15000000001,22557.6161823518,22646.675,22735.733817648204,0.786506784313416,0.1340901343567703,37.14344881242526,22646.675,22662.265000000003,22652.78375,22630.358489160422,22648.5124239922,22687.477611633665,64.01889824077541,69.67405895361905,140.1350097261027,-0.2318417335001852,-60.4431831280269,1
1674644640,-0.012866960843469121,-0.02283733473141396,-0.03765046879584864,-0.004552877051112731,-0.5460287188207426,-0.5404375744857542,0.5038980012947112,-57.738669177804695,3.947405257745416,-61.68607443555011,22582.4877914129,22641.9755828258,22522.012208587108,22702.45116565159,22462.52441717421,22761.93895706449,22402.048834348418,22549.6428198834,22623.975,22698.3071801166,0.6571098148455209,0.2837410395499843,38.36224472581034,22623.975,22657.4725,22635.23625,22617.51399277362,22638.20561962997,22678.367839097125,52.07755206862368,62.74435848552261,134.47536617423833,-0.2116851997040571,-70.13010344786672,1
1674647100,-0.016488294421093258,-0.0060417501626972014,0.0033021910822643302,-0.0005068163557885699,0.31402615028439607,0.29267752489085264,0.4907696147992232,-53.955664426444855,6.184328007284208,-60.13999243372906,22592.908333333336,22622.81666666668,22561.91666666667,22653.80833333333,22532.00833333333,22683.716666666674,22501.01666666667,22560.75263657056,22616.055,22671.357363429448,0.4890540231658237,0.7088066274912891,43.74638225042007,22616.055,22655.2575,22625.79,22624.725995182416,22638.3773251518,22674.63280680216,48.71403838676912,54.93682956538942,136.72712573322133,-0.0977437305008883,9.42243521453734,1
1674649560,-0.009900752791322796,0.01403664808294648,0.0022467101575706773,0.016067413605055286,0.22748683660054417,0.21046705073264213,0.4928428072703602,-45.86378703519222,11.420964318829483,-57.2847513540217,22651.25,22728.2,22562.2,22817.25,22485.25,22894.2,22396.2,22542.58409502776,22624.245000000003,22705.90590497225,0.7218884428828143,0.9376635308186292,49.43301301991492,22624.245000000003,22658.3575,22627.2925,22648.392330121613,22648.8041751242,22676.64158710672,55.61318579990791,52.134925418433575,135.297390196574,0.1367764223920652,58.56834519787699,0
1674652020,0.003432714616930314,0.004614085583223059,-0.003136242558366698,0.014889697794560999,-0.09322236007761521,-0.10148411191436459,0.464528378441107,-41.11928153452391,12.932375855598238,-54.05165739012215,22684.538057259942,22748.486942740044,22631.77611451989,22801.2488854801,22567.827229039784,22865.197770960203,22515.065286299727,22547.84906205414,22635.475,22723.100937945856,0.7742354684039722,0.6922946606336102,47.03027333315484,22635.475,22655.8325,22630.33875,22655.319886747744,22652.507961465253,22675.930483572745,64.52858460119876,56.2852695959586,133.1118623253902,-0.111260805241816,25.299295756779244,1
1674654480,0.005387933613959851,-0.023183361037901765,-0.023659702202865063,-0.012322745820010332,0.6327637167077622,0.5948076444662249,0.45761147562064936,-43.18162871736786,8.696022938203434,-51.87765165557129,22669.49166666667,22721.68333333333,22616.983333333337,22774.19166666667,22564.791666666668,22826.38333333334,22512.283333333336,22554.117664341025,22637.345,22720.572335658977,0.7353100432844557,0.2206747060213726,40.73922572433636,22637.345,22642.01,22628.145,22633.829924498496,22641.297423017026,22667.827580375342,58.96150299677237,59.70109113262635,132.73780073071947,-0.6081417743573031,-99.74874651573576,0
1674656940,-0.007533868918909638,-0.05762628723745643,-0.03646902625954426,-0.08339735183964729,2.1961805359121063,2.085851996843257,0.5172416201859498,-52.04720980116326,-0.1356465164735709,-51.91156328468969,22598.60534764832,22655.910695296643,22533.544652351684,22720.97139059328,22476.23930470336,22778.2767382416,22411.178609406725,22475.557572812657,22617.74,22759.92242718734,1.2572646708940955,0.0641514832325445,34.56886674644361,22617.74,22620.8575,22626.73625,22587.153282999,22614.4797097412,22651.2535251015,46.02392132024804,56.5046696394064,143.57495935513103,-0.9316096554442688,-206.68725471231065,0
1674659400,-0.031217086657044923,-0.04815936239074749,-0.043385248486685186,-0.05682941346857871,0.660273800367597,0.6160587908196673,0.5366299058396196,-56.27212706281352,-3.4884510224990635,-52.78367604031446,22487.95267382416,22633.10534764832,22348.64732617584,22772.41069529664,22203.49465235168,22917.5633691208,22064.189304703355,22435.372987465096,22594.005,22752.6370125349,1.404195604408348,0.2682371961844043,37.37642693412936,22594.005,22605.03,22629.98125,22564.927188666,22597.387944333703,22638.798427472782,38.22496907527116,47.73679779743053,146.9338908297644,-0.6979000165353093,-132.50261993878388,1
1674661860,-0.03832499854638585,-0.019243984625587136,-0.014887263519956548,-0.019913585354601544,0.30352445444900983,0.27867913209323436,0.50593294751528,-52.44153942378762,0.2737092932214793,-52.715248717009096,22515.025,22613.05,22422.45,22705.625,22324.425,22803.65,22231.85,22450.63039078514,22575.25,22699.86960921486,1.1040374677122975,0.6071259979397243,45.12190587868324,22575.25,22599.7475,22632.62375,22577.268125777337,22598.217409000303,22635.28905342776,45.80216612124057,43.35035217225326,148.47432719906695,-0.2331738011081581,-24.66570325398207,0
1674664320,-0.02742054918933646,-0.012492035414392316,-0.02544207276689308,-0.001607487127253765,-0.2909074597762377,-0.29406799117865257,0.4626481373051813,-47.325078573565406,4.312136114754956,-51.63721468832036,22603.55,22687.0,22518.5,22772.05,22435.05,22855.5,22350.0,22466.74936779051,22565.61,22664.47063220949,0.8762061580386196,0.7800154053368661,46.77726639065283,22565.61,22600.5425,22634.027500000004,22591.83708385156,22602.35515281843,22633.92581024416,57.1484578134072,47.05853100330632,144.11001792170066,0.0351567293628211,0.757888220979506,1
1674666780,-0.01859218261617943,-0.025587800244515978,-0.03663017056864555,-0.02052228475124223,-0.22141653243400794,-0.22902870892748717,0.4098657835603686,-45.72072800916794,4.733189343321939,-50.45391735248988,22616.93366756135,22662.64133243864,22575.2673351227,22704.307664877288,22529.55967024541,22750.015329754577,22487.89333780676,22466.637381708733,22564.255,22661.87261829126,0.8652412259236043,0.6015185595947748,44.00471762593968,22564.255,22600.8,22631.5325,22589.249722567707,22599.03148866962,22629.17811403043,63.5370761944177,55.49590004302184,141.55930235586473,0.0114031397382845,-47.73535364715908,0
1674669240,-0.02072620621064965,-0.021284652586920888,-0.027130842246402668,-0.009279248836801696,-0.1903127994831019,-0.19727352611960022,0.3794086289225352,-42.97548778909186,5.982743650718419,-48.95823143981028,22576.425,22634.45,22526.05,22684.825,22468.025,22742.849999999995,22417.65,22516.202244321645,22584.735,22653.26775567835,0.6068944858405668,0.5836461330536085,45.15504408976893,22584.735,22601.2375,22629.355,22591.566481711805,22598.51667254788,22626.037341265623,64.59409455072948,61.759876186184805,138.87649504473154,0.0193654120461715,-2.553291842858495,1
1674671700,-0.019641537562553147,0.0024403305809327556,0.0009449503504482489,0.006240392789573437,0.5221395606737683,0.4950281183230397,0.40505845230361204,-35.0021458754818,11.16486845146278,-46.16701432694458,22599.93333333333,22650.06666666667,22546.06666666667,22703.93333333333,22495.93333333333,22754.06666666667,22442.06666666667,22558.046458438963,22613.25,22668.45354156104,0.4882406691743745,0.9510580172192096,51.11752750784513,22613.25,22603.6275,22629.4425,22615.394321141204,22610.250004811896,22629.562356383183,68.33752620545096,65.48956565019938,138.98932573185726,0.1055693345377269,103.77176957010964,0
1674674160,-0.007236123834760275,0.021223348294600135,0.008474047613263487,0.01875563276158718,-0.03624351020365195,-0.0448529791507901,0.4054616080633526,-24.13440339758017,17.62608874349153,-41.7604921410717,22663.26462511184,22733.38537488817,22592.92925022368,22803.72074977633,22522.808500447347,22873.841499552665,22452.473125559187,22539.58247851906,22636.055,22732.52752148094,0.8523792814687938,0.914211211509526,55.26411352334805,22636.055,22605.6525,22632.005,22648.92121409413,22629.47273120973,22637.79213196574,78.28232463327625,70.40464846315223,138.1260212033134,0.0892238516284454,128.8581952580951,0
1674676620,0.008358557261639971,0.06088328649965178,0.07377313415431032,0.034488374973257026,1.574149854635799,1.5321934737440406,0.4482181383240499,-6.430224494404683,28.264214117333616,-34.6944386117383,22699.69064588925,22771.284354110747,22644.381291778504,22826.59370822149,22572.78758355701,22898.18741644299,22517.47822944626,22499.428475140936,22677.405,22855.38152485906,1.5696374859386506,0.9223028855042428,62.497882753210185,22677.405,22621.5075,22638.67,22708.52247606276,22665.518598262504,22655.88097654043,84.07227106859837,76.89737396910853,147.4430219149424,0.6994078964055784,206.6692194584473,0
1674679080,0.03598684954309408,0.09223859334901553,0.11082051461105856,0.06236126301282847,1.5628499430146556,1.5272641613590758,0.4903358180280763,14.561713102033536,39.404921371017466,-24.843208268983933,22813.45365627796,22954.87134372204,22686.30731255592,23082.01768744408,22544.88962511184,23223.435374888155,22417.7432813898,22514.366321044297,22743.805,22973.243678955703,2.0175927375010727,0.8754162131339244,67.0361515624227,22743.805,22654.03,22648.02,22777.706650708507,22711.07430766932,22680.66135972705,84.39537298294175,82.24998956160546,158.05562860552294,1.439631532235406,218.9851189301626,0
1674681540,0.06547942598031693,0.22138625789325006,0.34091535619427493,0.09211493988358546,3.8360614137667244,3.828182390852658,0.5967108121689394,59.87150223768185,67.77176840533264,-7.900266167650777,22903.951828138976,23058.02317186102,22762.00365627795,23199.971343722045,22607.932312555906,23354.04268744409,22465.98414069488,22444.22616725149,22880.56,23316.8938327485,3.814013579637068,0.9576942813304806,78.55002419241626,22880.56,22732.6475,22676.7525,22945.129433805672,22814.510797183983,22737.73884927686,77.23693040362603,81.90152481838874,208.68895926166687,3.495074198223507,294.5265664845645,0
1674684000,0.14480274628601775,0.30552388518598067,0.3830994104845305,0.17214051668306096,3.3509612777640223,3.385819422440291,0.6896276314540779,113.60029427002884,97.20044835014367,16.399845919885145,23270.950914069486,23708.92408593051,22842.00182813897,24137.873171861025,22404.028656277947,24575.84634372205,21975.079570347432,22451.406843827725,23051.36,23651.31315617228,5.205360171133296,0.8881053005630628,82.77192989929547,23051.36,22832.305,22718.6675,23135.76962253712,22942.245197695986,22811.95895886953,76.69829796673395,79.44353378443391,248.30572137838843,4.425195294504227,229.13129863858072,1
1674686460,0.2265353047132481,0.18703205638766643,0.2522901412174974,0.08929424757229656,2.7717716160834924,2.7197146708158226,0.7693170115903222,127.76700832078495,89.09372992071985,38.67327840006511,23464.44212370141,23872.4078762986,23109.08424740283,24227.76575259718,22701.118494805647,24635.73150519436,22345.76061850706,22645.86780821326,23144.8,23643.732191786738,4.311397737606186,0.538457129677857,63.743584385295016,23144.8,22890.4275,22745.0875,23151.571415024748,22986.05061629672,22847.31286754863,68.48565921288501,74.14029586108167,279.9945984227893,2.571570152132885,101.9331878326002,0
1674688920,0.20815273372604667,0.15397323541406038,0.17734012156914677,0.15728955076186413,1.9814355175234901,1.9608535793140105,0.8178463765704919,129.97948219734826,73.04496303782652,56.93451915952174,23152.091666666664,23479.08333333333,22856.183333333327,23774.991666666665,22529.191666666666,24101.98333333333,22233.28333333333,22797.38986908105,23197.26,23597.130130918955,3.4475634701594307,0.3659127155189601,59.625159558873214,23197.26,22937.3325,22768.9375,23131.055943349835,23004.95504969731,22870.42830873448,62.33017377567143,69.1713769850968,275.7070623051658,2.0735180512776434,75.84451501447187,1
1674691380,0.18243121866687279,0.16410559546555206,0.15184250072378724,0.1679954989733868,0.43403117128491103,0.434788686758945,0.8404478487355608,132.5091471183332,60.459702367049175,72.04944475128403,23113.331364258687,23211.66272851737,22991.693635741314,23333.300457034748,22893.362271482627,23431.631821293435,22771.72454296525,22929.48061113147,23237.76,23546.039388868536,2.6532625250328232,0.3066932070330074,60.468201482877376,23237.76,22990.7825,22795.79125,23126.89562889989,23025.613222479617,22894.06132695024,52.50020890288937,61.105347297148604,264.41348973965603,2.366711941932534,62.38890008727909,0
1674693840,0.17463689220649606,0.18873557051191,0.19423869035934643,0.20223878698245,0.6776558552119213,0.6815628687890892,0.8564977375797851,138.5171849097787,53.17419212679576,85.34299278298298,23108.65734879601,23172.414697592023,23054.817651204,23226.25439518404,22991.060302407983,23290.01174398005,22937.220604815964,22912.376134624064,23219.36,23526.343865375937,2.644206088160364,0.4488816782576381,62.51705137966594,23219.36,23049.96,22825.59875,23147.2554192666,23055.133545665143,22922.05310533593,50.68452021362228,55.17163429739437,257.271454758252,2.6189137996654206,73.94386640324028,0
1674696300,0.18305532674175065,0.18742244504113975,0.17664734161445222,0.20133074240123616,-0.1265031846371493,-0.11468470469533118,0.8687487809087179,141.35063691265168,44.80611530373497,96.54452160891672,23203.83700773133,23267.137992268657,23124.674015462668,23346.300984537324,23061.373030925344,23409.601969074647,22982.21003865668,23071.502365349443,23152.805,23234.10763465056,0.7023134747652182,0.6935361635896589,62.331570743347285,23152.805,23102.0825,22852.855,23159.595279511064,23078.61381008966,22947.02661911346,50.87629604783056,51.35367505478074,245.680636561234,2.2998890264108414,59.20829620838424,0
1674698760,0.18660794873946304,0.18979139437016607,0.18509118901200144,0.20874255270152098,-0.2795800030689567,-0.26542584700925165,0.8716229947675416,142.49222310393816,36.75816119601714,105.73406190792102,23185.091666666664,23232.183333333327,23137.183333333327,23280.091666666664,23090.091666666664,23327.183333333327,23042.183333333327,23070.535125403483,23154.360000000004,23238.184874596525,0.7240526155464552,0.7182526378722137,62.54745237167514,23154.360000000004,23149.58,22877.61625,23170.046853007378,23099.038571891542,22970.25741729313,51.43179140412885,50.99753588852724,235.1534482354315,2.090929401005249,55.530439896766254,1
1674701220,0.1895687930968815,0.18468972446683168,0.17425491818514688,0.20047140207656497,-0.4609698899224108,-0.44525802865647574,0.8669753115812351,140.61606159450093,27.905599749263928,112.710461845237,23202.216666666664,23245.733333333326,23147.433333333327,23300.516666666663,23103.916666666664,23344.03333333333,23049.133333333328,23117.7100481734,23171.67,23225.62995182661,0.4657407241395007,0.545450374156748,61.726997694634186,23171.67,23184.465,22902.98625,23172.22290200492,23113.136104274898,22989.906710884265,50.732458422526655,51.01351529149537,224.82820193290084,1.5281855725877291,42.812564562041175,1
1674703680,0.18849825392287806,0.17492113566062173,0.1606392142565985,0.19026673572110073,0.015609238721252675,0.023975938526249137,0.8400276043765619,135.347945749847,18.10998712368797,117.237958626159,23179.45833333333,23223.316666666666,23132.716666666664,23270.05833333333,23088.85833333333,23313.916666666668,23042.11666666666,23147.48053861909,23177.765000000003,23208.04946138092,0.2613233966339192,0.0259119909905815,60.101324770319344,23177.765000000003,23207.7625,22930.89625,23164.49860133661,23119.665903497644,23005.06321460957,48.7833822901549,50.315877372270144,214.5119017948365,1.0166444297289223,25.93878476217787,1
1674706140,0.18307844790224978,0.17465496157870863,0.16232798373610807,0.1896938421713208,-0.029606478336013844,-0.020471316647027442,0.8458178909455715,129.61824876899118,9.90423211426574,119.71401665472544,23147.88333333333,23188.666666666664,23108.266666666663,23228.283333333333,23067.48333333333,23269.066666666666,23027.86666666666,23134.10262392606,23169.83,23205.557376073943,0.3083956686254567,0.1986904390145993,60.05491331550073,23169.83,23194.595,22963.62125,23159.099067557745,23124.872102861707,23018.704813218188,46.107752123394,48.5411976120252,205.3896230952053,-0.5656148685726494,17.490453967715638,1
1674708600,0.18023545125614324,0.18367826295556114,0.16148359899635392,0.2078869105792347,-0.27084510146798413,-0.25772081540351993,0.8447523877517543,125.68024402594163,4.772981896972965,120.90726212896868,23148.7,23191.9,23105.1,23235.5,23061.9,23278.7,23018.300000000003,23134.49580097086,23167.72,23200.94419902914,0.2868145767398815,0.5903708768829985,61.15016688260173,23167.72,23160.2625,22996.28375,23163.97437837183,23133.75444779594,23033.46864053074,44.22700460061453,46.37271300472114,193.69036430269057,-1.4598982440399657,18.373272457332043,0
1674711060,0.1833258271864952,0.17727234005085282,0.15603028088543672,0.19456343734445408,0.03541727852623565,0.043672508582991876,0.8493888543439879,119.7227731414896,-0.947591189983271,120.67036433147288,23173.31177616247,23190.313223837533,23156.72355232494,23206.901447675064,23139.72210464988,23223.90289535013,23123.133880812347,23136.393316887265,23160.665,23184.936683112737,0.2095940087448815,0.3972053158237069,59.89459984937052,23160.665,23157.5125,23023.97,23161.20791891455,23137.74000274213,23045.107341432573,41.76325473823177,44.03267048741344,183.80533828107,-0.1186205081918244,-21.46662132809002,1
1674713520,0.18166789498356842,0.1482238752447372,0.15108582142964763,0.11901310046715737,1.630579382450199,1.603600463982386,0.8445141819421517,107.16153215632949,-10.807065740114709,117.9685978964442,23149.725,23180.35000000001,23125.050000000003,23205.025000000005,23094.425,23235.65000000001,23069.75,23071.33745569143,23140.115,23208.892544308565,0.594444274011314,0.018083986085699,54.43630425534462,23140.115,23155.8925,23046.612500000003,23132.08027927637,23126.11909315265,23047.84235653423,35.54757341246047,40.51261091710227,188.6939806982688,-0.0701601665654356,-150.5879522789512,0
1674715980,0.16631397676248963,0.13924493621486894,0.13586555215736404,0.1541744420849327,-0.1676239394792618,-0.1603124934428261,0.8222684818611795,94.08065637415348,-19.110353217832586,113.19100959198606,23047.423777373948,23186.747554747897,22934.501222626044,23299.6701094958,22795.17744525209,23438.99388686975,22682.25489050419,23021.21414178161,23120.01,23218.805858218395,0.8546350820643487,0.1382186394799077,52.833554447020994,23120.01,23148.8875,23069.835,23104.228519517583,23112.011076215807,23047.90737019764,28.464715598609388,35.25851458310056,183.12910108131567,-0.3030031046463688,-125.00884995289763,0
1674718440,0.1541473256711773,0.12442791232170648,0.12380480628876414,0.133836721067727,0.04682000931387131,0.04809031208073074,0.823881817066063,79.42947840949273,-27.009224945994674,106.4387033554874,23057.303555353643,23108.307110707286,22997.52144464636,23168.089221414568,22946.51788929272,23219.09277676821,22886.73577858544,22964.53030754471,23091.705,23218.879692455288,1.1014751180589732,0.1660892259289126,50.20656543795469,23091.705,23130.7675,23090.36375,23071.744013011725,23092.87724417657,23043.990001607388,25.54419019616,29.8521597357433,179.57026050625464,-0.7814395176810269,-170.4348977956863,0
1674720900,0.1406551210663409,0.12402865119883683,0.11043004525347148,0.12484945350554673,-0.3111128622437401,-0.3027126632431904,0.7908520262879272,66.95571244390885,-31.58639272926284,98.54210517317168,23013.02677767682,23076.55355535364,22943.24822232318,23146.33211070728,22879.72144464636,23209.8588883841,22809.94288929272,22947.65415617616,23058.090000000004,23168.525843823845,0.9578923824466068,0.2625770846481216,50.1342279399127,23058.090000000004,23112.905,23107.49375,23049.71267534115,23077.01774523537,23040.33857288288,25.88260533994493,26.63050371157145,175.34311093546714,-0.7704575622916826,-150.8123327323205,1
1674723360,0.13370937831023091,0.11623862306817989,0.1088854662491202,0.12384688979342989,-0.14930556481888127,-0.1445894220446055,0.7502548810189095,54.66879366809371,-35.0986492040624,89.76744287215611,22991.61338883841,23058.82677767682,22938.43661116159,23112.00355535364,22871.22322232318,23179.21694419205,22818.04644464636,22958.32800985152,23023.695,23089.06199014848,0.5678236282097995,0.1940734160380371,48.661063416138944,23023.695,23092.18,23120.88,23027.70845022744,23060.050882465304,23034.944423084507,25.117215752994937,25.514670429699965,171.3043172972197,-0.8936675729109846,-127.6075127932642,1
1674725820,0.12634129985794842,0.10027705062279033,0.09624081941742622,0.1113864550857054,-0.29216068516020094,-0.2854700266098283,0.710917627999816,40.83153487031086,-39.1487264014762,79.98026127178706,22981.9,23042.2,22923.4,23100.7,22863.099999999995,23161.0,22804.59999999999,22925.134598819543,22996.675,23068.215401180456,0.6221803906908863,0.0949840995871334,45.69803525110514,22996.675,23068.395,23126.43,22998.047300151626,23037.991631107976,23025.78066850503,19.763801391964964,23.58787416163496,167.47258332090442,-1.0262517218355265,-128.3602057302139,1
1674728280,0.11467607893871443,0.09559238678112084,0.09252551191636858,0.10000019578381923,-0.0253032059425827,-0.02560903898678937,0.691611796469438,28.47206960287076,-41.20655333513304,69.6786229380038,22943.3283472096,22999.856694419195,22882.19665279039,23060.988388838403,22825.66830558079,23117.516736048,22764.536611161584,22904.27744103914,22972.075,23039.872558960866,0.590260644376804,0.1566985543913757,44.83513594920178,22972.075,23046.0425,23126.9025,22973.873200101087,23017.543152724706,23016.232509599788,16.938221480550116,20.60641287517001,165.4316845122685,-0.965590380598778,-119.45153342156352,1
1674730740,0.10650102048912746,0.10023268827580481,0.08534824162845123,0.11507445731241678,-0.421615710215487,-0.4123341257948673,0.6093050234850194,19.5072797824796,-40.13707452441936,59.64435430689896,22924.80833333333,22994.61666666667,22855.716666666667,23063.708333333336,22785.908333333333,23133.51666666667,22716.816666666666,22896.909157318903,22958.44,23019.9708426811,0.5360193696183092,0.3387800399319229,45.92435873349939,22958.44,23025.0725,23109.83375,22962.11546673406,23003.1898522293,23008.83893725695,17.148435636054867,17.95015283618999,159.072278475678,-0.9058980573087628,-96.59694019953147,1
1674733200,0.10473375698167103,0.11438427696418453,0.09847138779214205,0.13171679301018904,-0.15773736255301204,-0.15276099596331966,0.6022935283975294,15.442190552461398,-35.36173100355005,50.803921556011446,22936.4,22975.7,22899.3,23012.8,22860.0,23052.1,22822.9,22906.03712373288,22953.005,22999.97287626712,0.4092525250364793,0.7711427684652306,49.2175111303504,22953.005,23005.5475,23082.905,22967.568644489373,22998.69624273306,23005.947133708672,23.867763820981125,19.318140312528712,152.86711572741532,-0.8425490507028974,-57.8378244468792,0
1674735660,0.11092627019763951,0.14455067291433568,0.14498291387364262,0.13796412910298542,0.5545767346076906,0.5523959522084684,0.6180605616984091,18.861938984184235,-25.55358605746177,44.415525041646006,22977.618126734527,23011.656873265456,22944.43625346905,23044.838746530928,22910.397506938127,23078.877493061857,22877.21563367265,22867.98038026884,22968.96,23069.93961973116,0.879270282426044,0.967990472986659,55.44621480746095,22968.96,22996.3275,23076.92,22999.537429659584,23010.47419859977,23011.42597811737,38.62225195448081,26.54615047050561,154.94609388247147,-0.3981745295699682,15.343780362855956,0
1674738120,0.1291064721955741,0.14287377619828368,0.14674204874813204,0.11002583290497708,1.9409532785975472,1.9102802205209757,0.6766584774586646,20.949355117478262,-18.7729359393342,39.72229105681246,23055.834063367267,23150.64093663273,22968.66812673453,23237.80687326547,22873.861253469066,23332.613746530937,22786.69531683633,22876.30140413111,22992.965,23109.62859586888,1.0147764402623651,0.7819431353459095,55.04206167293248,22992.965,22994.82,23075.35625,23019.27495310639,23019.251617036178,23015.93302782048,51.82563419340003,38.10521665628733,162.8070871765807,-0.0653337710587678,-0.899305281556671,1
1674740580,0.13735808328904026,0.16282795987236842,0.169118244351637,0.16377040904375495,0.45802551704941313,0.4609982893827388,0.6708651150744214,26.83124120347929,-10.31283988266653,37.14408108614583,23029.916666666668,23176.833333333336,22911.833333333336,23294.916666666668,22764.916666666668,23441.833333333336,22646.833333333336,22903.8179369,23030.855,23157.8920631,1.1031901603305698,0.8310844801795431,58.88276114501232,23030.855,23001.465000000004,23075.17625,23051.174968737592,23036.655868484144,23025.365596599484,65.03899238434464,51.82895951074183,163.92800952111062,0.2883047830609424,98.40521430277671,1
1674743040,0.15146147506577173,0.1591902474195561,0.18122109228812472,0.12689038677663853,2.2348242972062606,2.204916030309303,0.7028782199880022,30.316123564833106,-5.462366017050179,35.778489581883285,23119.891666666663,23206.683333333327,23028.183333333327,23298.391666666663,22941.391666666663,23385.183333333327,22849.683333333327,22967.75011678048,23064.08,23160.40988321952,0.8353238734822096,0.7109677632816085,57.91147399716812,23064.08,23011.26,23071.01375,23069.0249791584,23049.0320742143,23032.923635018586,65.72608895307947,60.86357184360805,174.78315169817424,0.425744155797573,83.91579178166356,1
1674745500,0.1566942245982907,0.14923533675600648,0.1555025404230899,0.15958112496098645,-0.04150948909029857,-0.03413157804652829,0.6847625922283567,30.46335477598768,-4.252107844716484,34.715462620704166,23093.608333333334,23257.11666666667,22941.216666666667,23409.50833333333,22777.70833333333,23573.01666666667,22625.316666666666,23038.988999551835,23083.72,23128.45100044816,0.3875545228252845,0.4212514818647693,55.22673231052213,23083.72,23018.3625,23065.63375,23071.5749861056,23054.05806072079,23037.09043168348,64.48882454783933,65.08463529508782,173.12006943401892,0.308728507996939,92.0195514789174,0
1674747960,0.15433289738586708,0.11271625271753015,0.12398876268518551,0.100966953649074,0.4532572164129791,0.4439899026456592,0.6869408416186086,22.022999117762083,-10.153970802353667,32.17696992011575,23090.325,23159.25,23007.75,23241.825,22938.825,23310.75,22856.25,22965.5007778197,23065.78,23166.059222180305,0.8695064479094389,0.0412559152354849,46.67774043327925,23065.78,23017.37,23054.775,23038.974990737068,23039.46114058973,23031.06039057077,50.31329923273648,60.17607091121844,176.87064972020897,-0.0431827773596038,-53.16081786562104,0
1674750420,0.13489178694876375,0.12212107027845963,0.10751334104701794,0.13824084023166394,-0.40126384747957167,-0.3909924699247443,0.6832689407932275,17.273170620657766,-11.923039439566388,29.19621006022416,22971.60106448023,23085.50212896046,22859.87393551978,23197.22925792091,22745.97287103955,23311.13032240114,22634.2457420791,22940.49795143776,23054.085,23167.672048562243,0.9853962849728678,0.2631332062893121,48.872734279157015,23054.085,23023.525,23045.96,23026.07499382472,23032.33638775524,23028.12844861165,41.40878090366598,52.07030156141394,169.57274616876552,0.268323544573654,-13.0633292077657,1
1674752880,0.1298738735282557,0.12507560258769398,0.11560536146966928,0.137345694060132,-0.5051435609635972,-0.4924870221676856,0.6660093629948158,14.019052332376305,-12.141726182278283,26.160778514654588,22999.525000000005,23037.25000000001,22962.55000000001,23074.22500000001,22924.825000000004,23111.95000000001,22887.85000000001,22933.913338776914,23032.81,23131.70666122309,0.8587459473949292,0.3775995079075984,49.574987641463,23032.81,23031.8325,23038.9375,23020.249995883143,23028.020680890644,23026.26859636292,35.60528559249797,42.44245524296682,164.61755001385376,0.3623690188119883,0.22839397703205,1
1674755340,0.12884225617531148,0.13192514896225874,0.12513987248940145,0.13863470454713878,-0.2606876349958904,-0.2525102177285564,0.6720238022253124,12.8493693164055,-10.64912735859927,23.49849667500477,23009.13333333333,23058.966666666664,22958.766666666663,23109.33333333333,22908.93333333333,23159.166666666664,22858.566666666666,22948.756650179464,23017.445,23086.13334982053,0.5968373103142874,0.5761046089134325,51.24685436008749,23017.445,23040.7625,23032.917500000003,23022.79999725543,23027.998738910523,23026.42396813788,40.21952259164545,39.07786302926981,161.69486787000685,0.3893001316558243,19.360859618500303,1
1674757800,0.13175139039326492,0.14085085317574517,0.1306283732978092,0.15145319772347607,0.2876478513856341,0.2876471710305677,0.6901333176277362,13.792787246155058,-7.764567543079771,21.55735478923483,23025.8,23088.7,22965.0,23149.5,22902.1,23212.4,22841.300000000003,22959.46208602408,23012.72,23065.977913975927,0.4628563157760184,0.8786291744193396,53.41442120104198,23012.72,23048.22,23026.88375,23032.883331503625,23032.553513654064,23028.95978069618,44.71867007672656,40.18115942029,157.53809159357778,0.3245428602202904,46.319455140626246,1
1674760260,0.13766903075585366,0.1367517723142824,0.12630090150656548,0.14651199085661995,0.17569597259648018,0.17732696859045557,0.6980534294245684,13.45338206580709,-6.483178178742193,19.936560244549284,23051.31666666667,23103.93333333333,23000.43333333333,23154.81666666667,22947.81666666667,23207.43333333333,22896.93333333333,22986.87213768877,23026.265,23065.65786231124,0.3421559016300153,0.6933725947562859,52.2651805242184,23026.265,23046.0225,23021.175,23035.755554335752,23034.180147535146,23030.154087296545,47.52344416027315,44.15387894288173,153.7853707654651,-0.0952805247257776,22.72761706894117,1
1674762720,0.138578208945925,0.15510891149688857,0.14473663499121386,0.1653458663056517,0.5223657674476024,0.5201672486773367,0.7168374160478254,17.1603622570874,-2.220958389969507,19.381320647056903,23038.766666666663,23092.63333333333,22987.63333333333,23143.766666666663,22933.766666666663,23197.63333333333,22882.63333333333,22988.14543818651,23044.855000000003,23101.56456181349,0.4921667922275209,0.9264712903185196,56.752777827356624,23044.855000000003,23049.47,23022.145,23054.912036223835,23044.915575256025,23036.16084088735,53.001934899299904,48.414683045433215,150.286415710789,0.1495094053233525,88.4032246723012,0
1674765180,0.14821182245619774,0.15045973753280698,0.15011958770715123,0.1571463273744185,0.5089990458002267,0.507609347505613,0.7279977531806858,18.82411753792257,-0.4457624873074657,19.26988002523004,23091.00833333333,23144.516666666663,23039.716666666664,23195.80833333333,22986.20833333333,23249.316666666666,22934.916666666664,23010.77528546036,23059.16,23107.544714539647,0.4196572168253021,0.7166489995804494,55.33396258435584,23059.16,23045.985,23023.725,23063.31635748256,23051.31728884584,23040.347903659986,55.21179056894099,51.91238987617135,149.76595744573262,-0.150768062695281,67.33265357552926,1
1674767640,0.15070392703947227,0.1343029707606814,0.12408439156470778,0.1403175793496178,0.43413995690975443,0.43033383021015303,0.7416133910001073,16.281485720483033,-2.390715443797607,18.67220116428064,23084.108333333334,23153.61666666667,23010.61666666667,23227.108333333334,22941.108333333334,23296.61666666667,22867.61666666667,23015.39231771545,23060.5,23105.60768228455,0.3912116587632515,0.2129092131511191,50.59972328478578,23060.5,23038.9725,23025.11625,23053.744238321706,23048.27778178296,23039.8004842638,54.498240192290815,54.23732188684392,147.354103342466,-0.3035093471140643,-39.91511522036661,1
1674770100,0.14387119563843298,0.14647599877350811,0.14287195202425532,0.16126399976346548,-0.038457228104276424,-0.03179459936608544,0.7333433639502932,16.840033604588825,-1.465734047753454,18.30576765234228,23028.599999999995,23089.59999999999,22973.59999999999,23144.599999999995,22912.599999999995,23205.59999999999,22857.59999999999,23018.875431120672,23063.67,23108.46456887933,0.3884426795850768,0.5583776128540097,53.80649607025577,23063.67,23038.195,23028.27875,23058.796158881138,23052.027276004235,23042.57186671486,52.410078118293306,54.04003629317504,144.75023881800425,-0.0336920288559674,49.14666053053215,1
1674772560,0.14654164554821028,0.12518207222046027,0.11626533018868371,0.14124853136801183,-0.4778846368548267,-0.4658504861505086,0.7196143317594116,12.299408344508263,-4.805087446267212,17.104495790775477,23077.33333333333,23128.566666666666,23017.666666666664,23188.233333333334,22966.43333333333,23239.466666666667,22906.766666666663,22995.15720202248,23057.15,23119.14279797753,0.5377316622178154,0.1108418915251195,47.94361122256387,23057.15,23041.7075,23029.53875,23042.16410592076,23044.185953094373,23039.365022265825,46.29581938363808,51.06804589807408,141.4609360452897,0.1528917211037367,-64.73952175848561,0
1674775020,0.13722937963960613,0.122112197809062,0.10703412336426028,0.14260915354874013,-0.18578774741371526,-0.17946879823328143,0.7257992008482934,7.911745723711647,-7.354200053651064,15.265945777362711,23013.491944398906,23056.78388879781,22965.608055601093,23104.667777595623,22922.316111202188,23147.959721994528,22874.43222240437,22975.23853767719,23038.555,23101.87146232281,0.5496565415913566,0.1975115270598433,47.14603649982438,23038.555,23041.705,23032.615,23028.192737280508,23036.197597986305,23035.63978205003,43.347068417890064,47.35098863994049,135.72357751336614,-0.0001086943525738,-74.12888548085218,1
1674777480,0.13103823341915016,0.1235584103207901,0.12028466023581089,0.1298980779129864,0.42179967867690943,0.4161867816999379,0.7520853514276761,4.709027194898226,-8.44553486597159,13.154562060869816,23003.129305532784,23032.25861106557,22971.12069446721,23064.267222131144,22941.991388934424,23093.39652766393,22909.98277786885,22971.96957437152,23023.395,23074.820425628484,0.4467232189560569,0.3145858807492586,47.58838480874744,23023.395,23041.2775,23036.555,23020.23682485368,23030.40258017061,23032.65742185479,40.72278472194078,43.45522417448965,135.6218934052685,-0.0185800092139366,-62.20822148067422,1
1674779940,0.12866580239673456,0.10616837030246767,0.09854508820764686,0.1163276619525615,0.32228768317255424,0.3151726576594907,0.778022579560702,-1.7627212501247411,-11.933826648795646,10.171105398670903,23005.20833333333,23071.916666666664,22937.616666666665,23139.50833333333,22870.908333333333,23206.216666666664,22803.316666666666,22935.11466878871,23007.54,23079.965331211293,0.6295790963422631,0.1395252936595551,42.93516955102773,23007.54,23034.02,23037.39125,22998.59954990245,23016.75211104868,23025.29242929719,38.59396898455202,40.88794070812764,133.8210066727202,-0.3151611740540853,-148.09359815743372,0
1674782400,0.11878413601367506,0.03785922841416878,0.08874943728366592,-0.015688495424969688,3.1842999740084115,3.0817877620412055,0.8642251892623363,-22.167222496223985,-25.87066231591591,3.703439819691927,22955.644826383195,23010.689652766392,22900.2801736168,23066.054305532787,22845.235347233604,23121.099131915984,22789.87069446721,22758.859230542344,22946.33,23133.80076945765,1.6339934922722168,0.0106437112014829,30.37221935301424,22946.33,23005.0,23026.61,22920.016366601634,22970.588090858007,23000.29791222127,38.66042044097073,39.32572471582119,156.49573759429717,-1.2588355987602695,-355.7593522059112,0
1674784860,0.07968703942296254,0.017931662148275594,0.04999266332493929,0.011165889720988862,-0.223983825597456,-0.22551908710303298,0.8578430162361017,-42.380239455465926,-36.86694342012628,-5.5132960353396445,22759.305746524933,22986.711493049865,22535.444253475067,23210.57298609973,22308.03850695013,23437.978732624662,22084.17701390027,22634.21691721,22885.890000000003,23137.56308279001,2.1993733500423427,0.1440024534735021,27.8152714789484,22885.890000000003,22971.52,23008.77125,22848.91091106776,22922.608437974734,22972.33620629544,32.466629483459094,36.57367296966063,164.32522917951877,-1.453030401666555,-231.2343769972588,1
1674787320,0.05017421426118545,0.053004533675025105,0.03609246514274741,0.06806138038355893,-0.3952600946878096,-0.39012616444583387,0.8558197992247597,-49.85020727874144,-35.46952899472143,-14.380678284020004,22728.86953992913,22850.839079858262,22584.730460070863,22994.97815971653,22462.760920141733,23116.94769964566,22318.621840283464,22618.960905377127,22846.945,23074.929094622872,1.9957512448414645,0.4091603296525695,37.7486279419395,22846.945,22942.75,22996.11,22834.44894071184,22901.320540161145,22956.44942474349,36.192797400245006,35.77328244155829,161.64485566669595,-1.2458199320363317,-123.57411983409852,0
1674789780,0.05295510642337798,0.051895475000387194,0.03764050383229862,0.06645011727480142,-0.6241418830298188,-0.6126887113514776,0.8520292484847383,-55.38394039066407,-32.80260968531525,-22.58133070534882,22801.608333333337,22837.416666666675,22769.716666666674,22869.30833333333,22733.908333333336,22905.11666666668,22702.01666666668,22641.55821637025,22806.56,22971.561783629742,1.4469677463830442,0.4873940756624457,37.57255633840652,22806.56,22914.9775,22980.48125,22823.765960474564,22883.33498740457,22941.7780509584,38.29977092323277,35.65306593564563,155.57022311907494,-1.2033080410093036,-98.69504602226075,1
1674792240,0.05379099568866536,0.05316423812417193,0.04246053338839861,0.0668081757434142,-0.1620682594086112,-0.16256330096985883,0.8572185194219296,-58.80314507503863,-28.977451495751847,-29.82569357928678,22800.533333333336,22839.76666666668,22763.16666666667,22877.13333333334,22723.93333333333,22916.36666666668,22686.56666666667,22699.539662340416,22776.69,22853.84033765958,0.6774499513281594,0.6897917811404572,37.92924220737611,22776.69,22892.115,22965.54375,22817.83564031637,22869.2695351492,22928.8444270576,43.58851419743223,39.36036084030334,150.8366357534267,-0.992528630842298,-77.74316389495797,1
1674794700,0.05484335331859427,0.057840029496446385,0.03739422494986984,0.0790179695231108,-0.44589569423372116,-0.43896274491134896,0.8381055968122725,-59.76089068159854,-23.9481576818494,-35.81273299974914,22806.625,22850.95,22761.65,22895.925,22717.325,22940.25,22672.35,22705.88862662013,22787.95,22870.011373379875,0.7202172497295681,0.6901016197692134,39.30555937437151,22787.95,22867.140000000003,22952.667500000003,22818.27376021092,22860.1568923948,22918.3973387664,44.31436790794314,42.06755100953605,142.9768760567533,-1.0826263931093376,-60.20690961671047,1
1674797160,0.05770754366900135,0.09975357492836175,0.1298543539530336,0.08427425239869746,0.27789738901099315,0.2728728613907783,0.8297224693746599,-50.409142758744565,-11.677127807196342,-38.73201495154822,22817.58333333333,22838.766666666663,22797.966666666664,22858.38333333333,22776.783333333333,22879.566666666666,22757.166666666664,22730.229934021947,22834.06,22937.89006597805,0.9094314894333352,0.996917723339482,50.00664256773503,22834.06,22859.975,22950.84125,22857.93250680728,22874.173821050288,22920.19283031246,51.49832187949495,46.46706799495678,153.40138799067367,-0.3114012403895946,19.57147518241201,1
1674799620,0.08009745002717898,0.12430369775014626,0.11226300520813938,0.1068623786129583,-0.47668002675057675,-0.4648603681714264,0.824123936871169,-36.989577944445045,1.3939496056825431,-38.38352755012759,22949.44331895612,23087.80668104388,22798.88663791224,23238.36336208776,22660.52327582448,23376.72672417552,22509.9665947806,22708.591846973715,22874.24,23039.88815302628,1.4483379821693108,0.8989932805922324,55.01017878901238,22874.24,22860.5925,22951.14875,22907.43000453819,22898.219489950232,22928.405417901748,63.0376490312341,52.95011293955741,155.0037903888985,0.0268475342659287,42.950261711786666,1
1674802080,0.10356807288097034,0.11557318786339715,0.09836583969967294,0.12943260190379005,-0.53482453057658,-0.5223533039851701,0.8234973583068428,-28.016533398258616,8.293595321495175,-36.31012871975379,22976.863326144725,23079.56167385527,22903.72665228945,23152.698347710542,22801.028304578904,23255.39669542109,22727.89163072363,22744.53751556645,22910.125,23075.712484433545,1.445539772773347,0.7165018698281392,52.97949104050521,22910.125,22858.3425,22949.81,22932.2283363588,22913.420491777462,22933.4929971492,72.51994771309772,62.35197287460894,149.16780536111995,-0.09780769485738,46.481259487411485,0
1674804540,0.11093791305383395,0.12881091220387497,0.12387329537976957,0.13797587503443362,-0.30272631274897716,-0.29326063045331824,0.8246701501200333,-17.69159498289082,14.894826989490376,-32.5864219723812,22976.50833333333,23015.816666666666,22942.516666666663,23049.80833333333,22903.20833333333,23089.11666666666,22869.216666666664,22807.920717452525,22952.755,23097.58928254747,1.2620208994299114,0.7291239298894884,55.65265806263135,22952.755,22864.7225,22949.37125,22961.193890905863,22932.63949327247,22941.64842599213,79.513450201248,71.69034898185997,147.2229625061441,0.2779311554072934,80.84348028860533,1
1674807000,0.12124202329373805,0.11998280515375721,0.10695041788718183,0.1274990861732805,-0.242601024393612,-0.23576960471890746,0.8188126869728242,-11.384972634867154,16.961159470011236,-28.34613210487839,23021.06166486952,23081.06333513049,22959.123329739028,23143.00167026097,22899.121659478056,23203.003340521944,22837.18332434757,22931.48468998974,22987.775,23044.065310010265,0.4897412647397414,0.557514339491273,53.469506506369584,22987.775,22887.8625,22946.43125,22972.212593937245,22943.841403586564,22946.65809970717,80.50158264270799,77.51166018568459,144.07132232713397,1.0165686634142976,60.13445045156521,1
1674809460,0.12197980615986677,0.10533435817913919,0.09191729055929827,0.1211256454319733,-0.3699603000444374,-0.3614391486817233,0.812533823829246,-9.60673606436103,14.99151683241389,-24.59825289677492,22986.983333333334,23042.166666666668,22939.066666666666,23090.083333333336,22883.88333333333,23145.26666666667,22835.966666666664,22945.580763117887,22990.92,23036.25923688212,0.3944099399425083,0.0815434642331675,49.96691728875084,22990.92,22912.49,22942.005,22965.800062624832,22945.50205747992,22947.259709258866,80.42304758551882,80.14602680982495,139.5126564466244,1.0845917724724323,40.609058808689205,0
1674811920,0.11502411116975265,0.10090699594998517,0.08502214176398495,0.11840440107051668,-0.62211476663128,-0.608466473209009,0.7795080578240371,-9.099208995572551,12.399235120961894,-21.498444116534447,22953.04874955071,22992.097499101423,22913.926250449287,23031.219998202847,22874.877500898576,23070.26874775356,22835.75500179715,22921.15155188088,22977.735,23034.31844811912,0.4925067515933974,0.170972685142717,48.9237806570893,22977.735,22925.9875,22934.36875,22957.36670841656,22944.592592483565,22946.61592742469,75.80971659919011,78.9114489424723,134.27411843801306,0.5918521937118244,36.08922245026407,1
1674814380,0.1093324728659971,0.10028592309218795,0.08978126151216406,0.11686474965548067,-0.685113412074724,-0.6699536181169965,0.7395922666557588,-8.737480277912255,10.208771070897756,-18.94625134881001,22939.824374775355,22973.24874955071,22907.075625224643,23005.99749910142,22873.65125044929,23039.42187387677,22840.902500898577,22905.031815433373,22969.120000000003,23033.20818456664,0.5580377878354063,0.2630608496295589,48.76996757136762,22969.120000000003,22939.6225,22927.3,22951.16113894437,22943.530302941093,22945.86679147948,72.55324766766397,76.26200395079097,130.683109978155,0.597963372276596,38.98745532035405,1
1674816840,0.10617610189726484,0.09818314784507473,0.08000047161000312,0.11987244079182856,-0.6068183785112764,-0.5935366026541585,0.7146839552543246,-8.827151735262305,8.095279690838165,-16.92243142610047,22942.316666666666,22982.533333333333,22898.533333333333,23026.316666666666,22858.316666666666,23066.533333333333,22814.533333333333,22907.48515801672,22951.86,22996.23484198328,0.3866775240288232,0.2855203630114147,48.217240651317645,22951.86,22952.307500000003,22922.21125,22945.049092629582,22941.58388422453,22944.62471610048,69.87900342689564,72.74732256458326,124.76288783685814,0.5562138869309564,26.262365079518588,1
1674819300,0.10354647669012886,0.10892770828496602,0.08847950170504292,0.1288955142008709,-0.6843391302735095,-0.6690720864974615,0.6931334112832293,-6.381713113700243,8.432574649920182,-14.814287763620426,22933.875,22957.25,22909.45,22981.675,22886.075,23005.05,22861.65,22923.780162448213,22945.63,22967.479837551786,0.1904487917898504,0.8997741392492455,51.2570769750147,22945.63,22966.7025,22916.92125,22951.066061753056,22945.495905274613,22946.38426694805,65.76460105235329,69.39895071563764,119.39232441993975,0.630829807420509,42.89833724676357,0
1674821760,0.10760421051809758,0.10267261736000821,0.08847950170504292,0.10465495587578538,-0.348667455901223,-0.34131087441234903,0.6900757288389211,-5.799028004345018,7.212207807420325,-13.011235811765344,22960.400000000005,22985.10000000001,22938.40000000001,23007.10000000001,22913.700000000004,23031.80000000001,22891.700000000008,22923.50779349732,22944.13,22964.752206502675,0.1797601957683968,0.5326104774439757,49.43757784157706,22944.13,22967.525,22913.75,22949.20237450204,22945.492104315592,22946.297670095857,60.01830676184388,65.22063708036428,119.03572981851558,0.0358587014572302,4.661577823593723,1
1674824220,0.10650537699093138,0.10418980962691339,0.10118045549885603,0.10000019578381923,0.36873518751097056,0.3602997418138471,0.6986027068301626,-4.935396901521017,6.460671128195463,-11.39606802971648,22931.95833333333,22995.916666666664,22881.516666666663,23046.358333333334,22817.55833333333,23110.316666666666,22767.11666666666,22925.332690222705,22945.98,22966.627309777294,0.1799645060031791,0.5912951866529922,49.902102946071686,22945.98,22961.8575,22911.225,22949.384916334693,22946.266267167302,22946.626463420063,56.4885423159152,60.75715004337079,122.21174911719304,-0.2463442277537656,4.754535976965252,1
1674826680,0.10671459395137503,0.09751771264029198,0.09516421422810271,0.10397464478542057,-0.0930422436239468,-0.09218449178413662,0.7026328282514531,-5.702234106978722,4.555067138190207,-10.257301245168929,22941.08333333333,23027.166666666664,22863.666666666664,23104.58333333333,22777.58333333333,23190.666666666664,22700.166666666664,22920.851389497067,22944.42,22967.988610502936,0.205440891536456,0.2142385632295961,47.82140028917291,22944.42,22956.77,22907.55625,22943.239944223133,22943.4814913187,22945.13346690387,51.40101961324646,55.969289563668525,123.1466241802509,-0.2213705830585691,-35.396052214876704,1
1674829140,0.10348298862769914,0.09839608711060469,0.11184081283826167,0.09502318307010106,0.4389130501479706,0.4300254631104725,0.6994246352232262,-6.04061386502508,3.373349904115079,-9.41396376914016,22932.816666666666,22999.533333333333,22864.23333333333,23068.11666666667,22797.516666666663,23134.833333333336,22728.933333333327,22921.20379205957,22944.54,22967.87620794044,0.2034140404682975,0.261850767948812,48.12803822618978,22944.54,22948.2,22906.46125,22939.96829614876,22941.653038351666,22944.018374817788,47.39055654522488,51.76003949146219,129.18615102451875,-0.3722991208397397,-50.192700715704326,1
1674831600,0.10230639496397939,0.13238651737090787,0.13829820135058282,0.1292679413380919,0.3876455284019634,0.38634763962843677,0.7082670175133938,1.40328363354638,8.65379792214923,-7.250514288602851,22941.108333333334,23041.11666666667,22833.416666666668,23148.80833333333,22733.408333333333,23248.81666666667,22625.716666666667,22884.932954192525,22957.76,23030.58704580747,0.6344438290797799,0.9904771243149316,58.33254616937646,22957.76,22951.695,22919.77875,22969.712197432505,22957.57066774227,22952.130910549426,51.05124940094654,49.947608519805975,133.57106880848175,0.1519945203692259,174.85994252777985,0
1674834060,0.11871415542297058,0.1433085271987412,0.14463108689874474,0.12560137628963305,1.0326359976063988,1.0169114052923303,0.7333648106813471,9.674390977055737,13.53992421252687,-3.8655332354711343,23029.980043130632,23123.21995686937,22935.960086261264,23217.239913738737,22842.720172522528,23310.47982747748,22748.70021565316,22873.684644889345,22980.66,23087.63535511065,0.9310033315897374,0.8707162267325751,60.98828304461851,22980.66,22962.395,22937.4425,22999.79979828834,22976.189637243675,22962.401776211387,60.52522645966925,52.9890108019469,139.4231353221616,0.4661705073089654,158.69302504960393,0
1674836520,0.13237931117453391,0.16020170893082664,0.14544028894100963,0.15960709578242455,0.7716008879174986,0.7677081709343305,0.7470117245814126,19.84150481054894,18.96563043681606,0.8758743737328807,23042.825,23159.15,22943.65,23258.325,22827.325,23374.65,22728.15,22872.29672908572,23012.225,23152.15327091428,1.216121178323979,0.8407102774049562,64.73246356257451,23012.225,22979.1025,22952.545,23035.72486552556,23000.077885017552,22976.22779752459,75.70585724823468,62.42744436961683,138.2377304885808,0.7282971164534371,182.29862366798685,0
1674838980,0.1476588984686881,0.17099950418710105,0.1639815705181284,0.17502195463805856,0.7452523543352977,0.7440613318485472,0.7479628877130263,30.0081437990666,23.305815540266977,6.702328258799626,23091.11584411599,23160.75915588401,23037.93168823198,23213.94331176802,22968.28837646396,23283.58662353604,22915.10422057995,22911.889634639872,23053.635,23195.380365360124,1.22970078566895,0.79759350432961,66.91801764533038,23053.635,22999.027500000004,22969.325,23069.81657701704,23025.15463319618,22991.63467395081,81.34998520447313,72.52702297079236,137.82619501268326,0.8686175140319329,189.743161523732,0
1674841440,0.1606978572744609,0.18147789054508054,0.18139700577557366,0.1881763485196467,0.28595290395096956,0.2933666790905025,0.7514535742550609,39.98675675247432,26.62754279493976,13.359213957534564,23133.17458872466,23201.82541127534,23069.349177449323,23265.65082255068,23000.698354898646,23334.30164510136,22936.872943623308,22999.75897524684,23100.455,23201.15102475317,0.8718098821271517,0.8330320147414245,68.93020678068852,23100.455,23022.4975,22987.4025,23102.386051344696,23051.040154433234,23008.38613357455,83.94302762520222,80.33295669263669,138.35561800556368,1.0234238476943016,167.85396732842665,0
1674843900,0.17245678947308968,0.18034221446225107,0.16538887841771993,0.19928980913014305,-0.3341847640844497,-0.3204541324136196,0.6991764950285637,47.09379816323417,26.987667364559684,20.106130798674485,23171.76229436233,23242.262705637662,23097.024588724656,23317.000411275338,23026.52417744932,23387.500822550675,22951.786471811647,23047.35529468947,23127.480000000003,23207.604705310536,0.6928961158806111,0.729922842506568,68.4442929385997,23127.480000000003,23042.620000000003,23004.66125,23123.032367563133,23071.637399081734,23023.2374541865,81.22381543089824,82.17227608685788,133.38021671945205,0.8762971898393606,127.2341488982411,0
1674846360,0.1777683893930202,0.19153039837199753,0.17337535074790217,0.20539800759540155,-0.20468381056126764,-0.19200787834161545,0.6601206121070632,54.64012635498875,27.62719644505141,27.012929909937338,23165.875,23199.45,23130.75,23234.575,23097.175,23268.15,23062.05,23094.988666099645,23154.655,23214.321333900352,0.5153722558194324,0.8452114224815449,70.64009945667432,23154.655,23067.6575,23017.59125,23147.30491170876,23094.2215083396,23039.676744263976,82.58510113468189,82.58398139692747,129.16311404150946,1.0911737499441612,120.72655002689729,0
1674848820,0.18601855851084562,0.23361252072245992,0.27058514391218735,0.2137212162029433,3.6359828633913494,3.6382306518072776,0.7509258996357294,69.3887866037403,33.90068535504237,35.48810124869793,23189.63640692392,23229.91359307609,23155.57281384784,23263.977186152173,23115.29562769566,23304.254372304345,23081.232034619577,23072.08104088492,23196.025,23319.96895911509,1.0686655072590034,0.9776352185509164,77.09592322414778,23196.025,23104.125,23032.99125,23203.01160780584,23134.25850682331,23065.843244810265,79.6905660990002,81.16649422152678,143.32256229669653,1.5890151308837914,171.6848093184906,0
1674851280,0.2111857468887361,0.19175221010692511,0.2181277419549133,0.15650182213091576,0.6483510298992918,0.6493767428267528,0.759333414375691,70.74413253534658,28.20482502931892,42.53930750602766,23329.009870128622,23485.415129871373,23158.019740257245,23656.40525974275,23001.61448051449,23812.8105194855,22830.62435064312,23097.62161490228,23207.72,23317.81838509773,0.9488082853268182,0.4489320393299982,62.3979650243781,23207.72,23130.6775,23043.72375,23200.83273853723,23145.5705964918,23078.284364352145,71.09212994933152,77.78926572767121,157.23523641836124,1.1579328374969104,70.23291558094871,1
1674853740,0.20283814862186558,0.1688878564705902,0.17207179753671487,0.18869127845920527,0.05542263891143706,0.06411079205931632,0.7423050397848957,65.86049607109817,18.656950852056404,47.20354521904176,23186.724999999995,23360.64999999999,23022.54999999999,23524.825,22848.625,23698.75,22684.449999999983,23077.30206214526,23200.625,23323.94793785474,1.063100135058778,0.221969808727822,56.10613329786501,23200.625,23150.54,23049.37,23177.90515902482,23143.11230622056,23083.40490108051,56.64238377093145,69.14169327308772,154.38235543108303,0.8660939218629577,41.41547151215432,1
1674856200,0.18723160617375306,0.14801980844860357,0.15660110301761207,0.13466025554553615,-0.09031191963057913,-0.08410779801512036,0.7441255066565166,56.59313991168528,7.511675754114819,49.08146415757047,23151.581634198825,23200.46326839765,23083.168365801183,23268.87653679529,23034.28673160236,23317.758170994115,22965.87346320472,23021.7651662794,23182.41,23343.0548337206,1.3859200464541728,0.1602442871276631,51.04691143117407,23182.41,23154.945,23053.32,23143.02010601655,23130.410068725912,23082.43776764427,44.44149339808771,57.392002372783566,159.37093370730793,0.1912788980945897,-22.64399954469905,1
1674858660,0.1689937939034753,0.13726637553931467,0.1385220426960649,0.14103369628684337,-0.2702989586723385,-0.2618570015264456,0.7439110043034313,46.27036069948372,-2.2488827664694,48.51924346595312,23067.024150432742,23182.248300865485,22958.025849567253,23291.24660173097,22842.80169913451,23406.47075216372,22733.80339826902,22958.22993956327,23151.83,23345.43006043673,1.672438510793598,0.2188017406751216,48.61422176797521,23151.83,23153.2425,23057.81875,23109.66340401104,23114.508238048475,23078.677027868624,36.67476096524522,45.9195460447548,159.0613117031517,-0.0738292214106815,-47.46774184878748,0
1674861120,0.1544979048822691,0.13974179450110596,0.12415233386558532,0.16305429210652939,-0.45187771857209896,-0.43924163616047696,0.7364223622911931,38.21182586713621,-8.245934079053526,46.45775994618974,23045.72874188304,23121.85748376608,22966.82125811696,23200.76496753216,22890.69251623392,23276.8937094152,22811.78503246784,22982.975959962205,23098.93,23214.8840400378,1.0039775871678511,0.2886878284532918,49.21421407750486,23098.93,23147.4775,23063.29,23089.750602674023,23102.765831130568,23075.938739500183,32.52010927303093,37.87878787878797,151.46358321182342,-0.2494852878331086,-52.53086621941478,1
1674863580,0.14848773118454944,0.15036214036943832,0.13794637437568494,0.16763744050477403,-0.2159275591776059,-0.20660625217796016,0.7435791379474498,33.84987605983042,-10.086307109087455,43.93618316891788,23054.93937094152,23078.77874188304,23026.08562905848,23107.632483766072,23002.24625811696,23131.47185470759,22973.39251623392,23012.76924265533,23075.605,23138.44075734468,0.544607669828581,0.5337785377258512,51.81377659221218,23075.605,23141.6625,23070.345,23086.450401782684,23098.59931637956,23076.311240500163,29.688894584419376,32.96125494089852,146.29475583955022,-0.2513181778891929,-43.04824622528902,0
1674866040,0.1507930804038562,0.1678497775511294,0.15891526207959833,0.17818388376797545,0.1729092277999266,0.17930083797702018,0.7574278060812679,33.97740967450591,-7.967018795529583,41.94442847003549,23082.25,23120.6,23041.5,23161.35,23003.15,23199.7,22962.4,23014.277548608254,23075.02,23135.76245139174,0.5264779956138118,0.9453639815346492,55.82360271201807,23075.02,23137.8225,23080.16,23100.675267855124,23104.14944067418,23081.34112235729,31.254530714383066,31.154511523944468,143.6483784077152,-0.165749254613954,-3.512674856043223,0
1674868500,0.16069000688515386,0.1600686218898701,0.14128873063721484,0.17923853488782734,-0.37342165119413606,-0.3608710839160237,0.744187139873039,31.941119376322604,-8.002647274970315,39.94376665129292,23128.359842735383,23183.365157264627,23074.119685470767,23237.605314529243,23019.114370941523,23292.610629058487,22964.874213676907,23015.99841590509,23081.81,23147.621584094904,0.5702463029970937,0.6928991707857101,53.68299521466128,23081.81,23132.11,23087.365,23102.850178570086,23104.704087824328,23083.80387260898,30.13931250100057,30.36091259993435,137.40206566430703,-0.2466076607023947,-37.6072330435611,1
1674870960,0.16174769950610057,0.15624458757971935,0.13689089345099129,0.17698276653556708,-0.4686574985646061,-0.4550710668640008,0.739906749671793,29.122189719611924,-8.657261545344795,37.77945126495672,23105.33333333333,23134.366666666665,23078.166666666664,23161.533333333333,23049.13333333333,23190.566666666666,23021.966666666664,23039.246841929285,23092.505,23145.76315807071,0.4612592533439915,0.5368018735721283,52.61518844168926,23092.505,23122.167500000003,23094.9125,23100.70845238006,23103.198799129,23085.00588474146,30.02013750107244,30.47132690548537,131.15906097399937,-0.4286327080059391,-50.36996611151185,1
1674873420,0.16036443391567262,0.1571318345194284,0.1378760089807051,0.18077818630286202,-0.533218952587922,-0.5184289496132926,0.7272545124002874,26.781179991765384,-8.798617018553067,35.57979701031845,23095.475,23120.950000000004,23070.950000000004,23145.475,23045.475,23170.950000000004,23020.950000000004,23070.13670192428,23102.305,23134.47329807572,0.2784856149697737,0.4474638043945503,52.84953003113462,23102.305,23100.6175,23102.37125,23100.113968253376,23102.421744741903,23086.331514766083,27.18898212331291,29.11614404179532,124.80484233299948,-0.9243204582570816,-39.50017863401117,1
1674875880,0.1601164465731042,0.1599266623795172,0.14248494235186815,0.1826758961865108,-0.23713438920919877,-0.22644875597009623,0.7221807441868237,25.27006205694124,-8.247787962701771,33.517850019643014,23100.775,23120.95,23078.75,23142.975,23058.575,23163.15,23036.55,23084.6434620667,23107.695,23130.7465379333,0.1995139535405933,0.480586978565455,53.6275055104196,23107.695,23091.65,23111.16375,23102.342645502253,23103.217791152463,23088.28089431217,27.16466009972068,28.12459324136869,119.4616393092138,-0.3865889105995443,-24.741061327505708,1
1674878340,0.1613899360776535,0.16108008340114063,0.14040916319997013,0.18675776272869574,-0.48720862282871197,-0.4728453291968754,0.7115981633627617,24.057419093111093,-7.568344741225538,31.62576383433663,23109.533333333336,23133.16666666667,23083.16666666667,23159.533333333336,23059.533333333336,23183.16666666667,23033.16666666667,23093.382505008856,23103.88,23114.377494991146,0.0908721391484441,0.7938796353418902,53.96509168116957,23103.88,23089.45,23119.995000000003,23104.91176366817,23104.460010942923,23090.35414247292,27.993129028335545,27.448923750456387,113.26437935855571,-0.0951061406144131,-17.22109342330369,1
1674880800,0.16260341991836738,0.147797996713676,0.13218729404080573,0.16319751549397501,-0.2304691514299251,-0.22107358051055048,0.7110790622361063,19.847713989332988,-9.422439876002915,29.270153865335903,23112.45,23127.6,23094.9,23145.15,23079.75,23160.300000000003,23062.2,23070.66650952837,23096.965000000004,23123.26349047164,0.2277224775777444,0.037235796361412,49.4965836327492,23096.965000000004,23089.3875,23122.16625,23094.14950911212,23098.67182713512,23088.6656527136,26.393955977137733,27.18391503506466,110.7847808329448,-0.0027087644783461,-66.80703919902967,0
1674883260,0.15656878941261976,0.14213736123832513,0.12620519227800486,0.1656681189274037,-0.4740447876515744,-0.46109765606173475,0.6920070605067932,15.050962537774469,-11.37535306204915,26.426315599823617,23070.251976709405,23109.00395341881,23033.873023290587,23145.38290683763,22995.121046581186,23184.134883547034,22958.742093162364,23047.33533348162,23089.015,23130.69466651838,0.3610346003792646,0.1120410418142893,47.684370630975664,23089.015,23090.76,23122.00125,23081.658006074744,23091.036040383275,23085.618923883725,25.728463574844927,26.70518286010608,106.53072256374234,0.059562686201212,-81.44062447669165,1
1674885720,0.15072101617186714,0.1378519585195227,0.12200861241281104,0.15696729814011212,-0.2748894611162614,-0.26572044154347474,0.6674751035278136,10.158055132276786,-13.014608374037469,23.17266350631425,23061.56765502137,23084.735310042743,23033.507344978632,23112.79562008548,23010.33968995726,23135.963275106853,22982.27937991452,23025.57064092176,23078.15,23130.729359078246,0.4556635525659122,0.1809584541523597,46.30224598536936,23078.15,23090.2275,23118.8525,23069.305337383164,23082.59312394995,23081.712359704325,27.639963536525133,26.58746102950261,103.46424238061805,-0.0231020274469471,-105.27692712762013,1
1674888180,0.14565432201521264,0.1251199649346795,0.11538573040774198,0.14153497814290178,0.04037501585897056,0.04266201664202859,0.6735115891054116,3.346995995409088,-15.860534008724134,19.207530004133226,23045.466666666664,23076.83333333333,23013.233333333326,23109.066666666666,22981.86666666666,23140.43333333333,22949.633333333324,22992.015810279503,23058.535,23125.054189720497,0.5769593750903672,0.1255967623080263,42.37266379197381,23058.535,23083.115,23112.38875,23049.11189158878,23069.16255595905,23074.761182589627,28.514596097981865,27.294341069783982,102.35077801529012,-0.3081692472004801,-161.53955070964906,0
1674890640,0.1367546626914216,0.11768483557990798,0.10656353861348535,0.13619990696057083,-0.19826215649228124,-0.19242455360108668,0.6825989391869619,-3.698671373877005,-18.32496110240818,14.626289728531177,23012.86691375534,23054.73382751068,22966.85808624465,23100.742655021368,22924.99117248932,23142.60956877671,22878.982344978627,22971.508757395583,23034.08,23096.651242604417,0.5432927436599647,0.1299817769902128,40.22569995149219,23034.08,23068.98,23103.401250000003,23028.66626105919,23054.36481851195,23066.47678424776,24.41682017869049,26.857126604399173,100.59003463084184,-0.6111342301102983,-165.88968322426072,1
1674893100,0.1285870841363568,0.1169661655587421,0.0984670551543022,0.13634313034801646,-0.166204013687436,-0.16106450578804782,0.6700502352790502,-9.338169496553746,-19.171567380067938,9.833397883514191,22992.558456877672,23029.016913755346,22951.31654312233,23070.258827510686,22914.85808624465,23106.71728438836,22873.61617248932,22958.50143137184,23016.705,23074.908568628165,0.5057506591683156,0.2340798792101611,40.01465076745537,23016.705,23056.835,23094.4725,23014.36084070613,23041.88939696432,23058.788519081303,17.246422208704825,23.392612828459068,97.2827239655322,-0.5255937543276585,-151.8258460394892,1
1674895560,0.12414394204218124,0.1106755847561964,0.09899912825448888,0.11611282687139436,0.38796476452495837,0.38144959528506733,0.6742436203522056,-15.064121934585271,-19.91801585447957,4.853893919894299,22984.345895105504,23012.191790211007,22957.9041048945,23038.63358042201,22930.058209789,23066.479475527514,22903.616419578,22946.554040441388,22998.975,23051.39595955861,0.4558547462103052,0.2047936525714247,38.12891675502771,22998.975,23043.995000000003,23083.08125,22998.915560470752,23028.45950660717,23050.144374406893,17.04872681767775,19.57065640169103,98.35538653942272,-0.5559301926596928,-151.55670392249033,0
1674898020,0.11877692473583668,0.11685969592597713,0.09889358016201977,0.14074724951195342,-0.32549602801042715,-0.31681178488571526,0.6681741692781905,-17.988567611850158,-18.273969225395565,0.2854016135454071,22960.108333333337,23020.216666666674,22907.916666666675,23072.408333333336,22847.80833333333,23132.51666666668,22795.61666666668,22961.276304612707,22987.145,23013.013695387293,0.2250709723829816,0.4672383942324298,41.069108416018,22987.145,23032.6475,23066.6325,22994.42704031384,23020.639596314955,23043.98300541576,22.466239069879887,18.920462698754164,94.47107321517814,-0.4912566277434926,-89.41049249891104,1
1674900480,0.1191856248876019,0.11546671823063216,0.09783809923732611,0.13147353517488317,-0.1100237941719522,-0.10591326292606831,0.6487646834944718,-20.387907471678773,-16.538647268179343,-3.849260203499429,22988.75,23008.7,22965.5,23031.95,22945.55,23051.9,22922.3,22967.43876710417,22981.705,22995.97123289584,0.1241529546727351,0.4936913969751317,40.60107483947028,22981.705,23020.120000000003,23055.885,22990.126360209222,23013.527851530416,23038.03462394759,29.622448236720373,23.04580470809268,92.44456798552244,-0.5421564214863219,-88.85697792579582,1
1674902940,0.1186934516028324,0.11198871022696665,0.09143484829418437,0.1301845246878764,0.06713881228052329,0.06699694012682507,0.5931315388030245,-22.81715770406663,-15.17431800045376,-7.64283970361287,22977.80833333333,23012.716666666667,22946.61666666667,23043.908333333333,22911.708333333336,23078.816666666666,22880.51666666667,22963.917160618363,22978.495000000003,22993.072839381643,0.1268824558060911,0.2677982373529731,39.39392255558342,22978.495000000003,23006.2875,23047.86875,22983.992573472817,23005.92733307034,23031.71942166687,31.733684000311587,27.940790435637293,89.51995598655657,-0.5985491160772233,-87.79373810559578,0
1674905400,0.11670827478607718,0.11217503208430633,0.09389763711846956,0.13723827651954842,-0.5810031092978476,-0.5676080444704082,0.5606962242898932,-24.418511502044566,-13.420537438745356,-10.99797406329921,22967.275,22995.25,22943.75,23018.775,22915.775,23046.75,22892.25,22962.66315317498,22975.795,22988.926846825023,0.1143102715272403,0.3650227935476925,39.49770270839897,22975.795,22996.25,23042.81875,22980.07838231521,22999.804181603005,23026.055667222405,31.863784089303163,31.07330544211172,85.89710198751676,-0.4350393594140242,-66.64564026250855,0
1674907860,0.11580885192275539,0.10430515172907599,0.08580005170186901,0.12262949100014722,-0.029484824493604758,-0.028484152580482643,0.5519944909262989,-27.16380565713189,-12.93266527506614,-14.231140382065748,22976.35,22993.700000000004,22954.900000000005,23015.15,22937.550000000003,23032.500000000004,22916.10000000001,22947.67319613167,22972.205,22996.73680386833,0.2135781381746562,0.0489528589341129,36.64350443547158,22972.205,22985.59,23038.175,22970.077254876807,22990.76251222064,23018.819413201225,27.419810654231725,30.339092914615502,83.80332203005617,-0.4623389972752019,-96.25068429766765,0
1674910320,0.11142400532612787,0.09961161541800759,0.08288545280416604,0.10895165749913874,0.6849979254544694,0.6685820811471818,0.5774954874070507,-30.06010386231719,-12.663170784201156,-17.396933078116035,22947.68639419436,22977.17278838871,22920.58860580564,23004.270576777424,22891.102211611287,23033.75697097178,22864.004423222574,22929.56794361535,22962.485,22995.40205638465,0.2867029102873594,0.1106122051065769,35.01824242934273,22962.485,22974.815,23032.52125,22959.00150325121,22980.96023727144,23011.012802420155,24.86486646884251,28.04948707079248,83.99594188505216,-0.4675715785910799,-117.6632478791917,1
1674912780,0.10688469758332063,0.10664748364991074,0.08517232814100228,0.13158095271546674,-0.3897593567811991,-0.38074184613595924,0.573096587845468,-30.405236600145145,-10.406642817623286,-19.99859378252186,22927.783333333336,22975.56666666668,22889.06666666668,23014.283333333336,22841.283333333336,23062.06666666668,22802.56666666668,22930.65021634132,22957.515,22984.379783658685,0.2340391253904097,0.4843661499256378,39.36020714161403,22957.515,22969.61,23026.3625,22958.22600216747,22976.54473958572,23005.83777361824,25.933251627581683,26.072642916885314,80.57837460754854,-0.2262185323176285,-67.50088047909031,0
1674915240,0.10813315215139514,0.10872364148883368,0.0873888380828587,0.13508992570787173,-0.5844716635149652,-0.5712112217533669,0.5627969789318874,-29.86247465285487,-7.89110469626641,-21.97136995658846,22957.625,22972.05,22942.25,22987.425,22927.825,23001.85,22912.45,22931.86922336853,22955.675,22979.480776631463,0.2074064616393712,0.6438726428892838,40.62103220469202,22955.675,22967.085,23018.0325,22959.659001444983,22973.99569602468,23001.712747559355,31.979967342647644,27.59269514635729,76.70134784986645,-0.1098409915705195,-45.81686405930268,1
1674917700,0.10979550979462341,0.11736542668161175,0.10853363927422231,0.12882390250714806,0.2473834788706169,0.24481119507175733,0.5556174367537582,-27.154470567056705,-4.146480488374596,-23.00799007868211,22964.94166666667,22976.88333333334,22950.58333333334,22991.24166666667,22938.64166666667,23003.18333333333,22924.28333333334,22925.562748282755,22958.6,22991.63725171724,0.2877984869917472,0.9279260309241076,45.68344040517001,22958.6,22967.1975,23012.01625,22968.73100096332,22976.33738765656,23000.29962874418,42.419694201524855,33.44430439058474,78.64410871773325,0.0048943367086129,30.3286320316748,1
1674920160,0.11494779532500439,0.12993771581730684,0.10754852374450721,0.1420212571542406,-0.4171552422795928,-0.4060198006372915,0.5456639833901932,-21.897436362316512,0.8884429730924808,-22.785879335409,22987.25833333333,23039.016666666663,22935.11666666666,23091.158333333333,22883.35833333333,23142.916666666664,22831.21666666666,22914.352245753544,22973.045,23031.737754246453,0.51097061139657,0.919600346178816,52.08377514238076,22973.045,22972.625,23008.31,22986.58733397555,22984.69422626445,23002.39490219712,57.659657760680126,44.01977310161755,77.61537956248651,0.236306778662936,128.57678523318458,0
1674922620,0.12381039415418235,0.13151701536999147,0.11222782251065011,0.15096231736848825,-0.3326791285359639,-0.32294948573391347,0.49583739166812474,-17.174148180685734,4.4893849237786085,-21.663533104464346,23010.41936648524,23048.48063351476,22984.23873297048,23074.66126702952,22946.17746594096,23112.72253405904,22919.9968324262,22932.62091622975,22991.025,23049.429083770254,0.5080598517921869,0.8058433391450172,52.83560494641368,22991.025,22976.755,23004.70125,22999.97488931704,22992.340730580006,23004.7144353212,73.32864968701875,57.80266721640792,75.82649175603345,0.179678883815628,170.98499243262776,1
1674925080,0.1290313824744812,0.12270665325866896,0.10434689827293699,0.14411299911691408,-0.12472325636900843,-0.11967929573833759,0.4517400858536679,-15.258191363958758,5.1242733924044686,-20.382464756363227,23024.65968324262,23051.99031675738,22999.41936648524,23077.23063351476,22972.088732970475,23104.561267029523,22946.84841621309,22952.804110426747,23000.075,23047.34588957325,0.4110498733004475,0.5195680683894821,48.28410004817216,23000.075,22978.795,22999.4575,23000.62492621136,22994.083325020005,23004.44877481442,79.2298567108182,70.07272138617236,73.93174234488815,0.0887669551955383,87.1076939574726,0
1674927540,0.1272364772898601,0.12273327066685924,0.10490982143277308,0.14629715577545152,-0.5432565477306469,-0.5300328381364635,0.3373058654729332,-13.577220167215271,5.444195671318365,-19.02141583853364,23002.541666666668,23026.88333333333,22977.583333333336,23051.841666666667,22953.24166666667,23076.18333333333,22928.283333333336,22978.64125299215,23007.97,23037.29874700785,0.2549442389558951,0.3982227232823278,48.29859068264001,23007.97,22981.8225,22994.055,23001.083284140903,22995.522720470908,23004.21555816543,76.64802825191278,76.40217821658325,71.85090360596752,0.13179245354888,84.10192772771471,1
1674930000,0.1263523340611303,0.12206783546207649,0.09987869569173359,0.14507975698216882,-0.4216972210068598,-0.41102909323605435,0.23872402285148817,-12.255066435671324,5.413079522289852,-17.668145957961176,23005.13333333333,23025.966666666664,22981.166666666664,23049.93333333333,22960.33333333333,23070.766666666663,22936.366666666665,22987.700109052366,23010.620000000003,23033.53989094764,0.1992114158387414,0.2710503940882635,47.93696559942204,23010.620000000003,22984.61,22990.43,23000.763856093938,22996.359498567104,23003.825981197293,71.4243672748675,75.76741741253284,69.14012477696969,0.1213420539999347,54.53181467470973,1
1674932460,0.1255775283572793,0.12747116932491187,0.1085688219717116,0.14966290538041216,-0.5562195137646622,-0.5424160352721346,0.15176160684825266,-9.8650022136826,6.242514995422859,-16.10751720910546,22998.608333333334,23016.316666666666,22982.416666666668,23032.50833333333,22964.708333333336,23050.216666666664,22948.51666666667,22988.581673165827,23009.230000000003,23029.87832683418,0.179478642563669,0.6481960269503718,51.13624132749116,23009.230000000003,22991.1375,22988.36375,23005.625904062625,22999.812317009448,23004.92350679756,74.05826957033456,74.04355503237163,67.47297300718608,0.2844217284692874,94.73186152728908,1
1674934920,0.12789192631196566,0.13347783110675182,0.1088854662491202,0.1550799836978028,-0.7231042121376486,-0.7062324364748567,0.08109035206074339,-6.52988064701276,7.66210924967416,-14.19198989668692,23016.18333333333,23038.66666666666,22992.86666666666,23061.98333333333,22970.38333333333,23084.46666666666,22947.066666666666,22985.82445938884,23010.335,23034.84554061116,0.2130394069548449,0.9475625476414692,54.48463335712116,23010.335,23000.68,22987.7475,23014.50893604175,23005.714623007727,23007.52841091208,79.99803806160416,75.16022496893542,64.90854402067326,0.4160335878728026,105.84925505209394,1
1674937380,0.1320526050037211,0.11836801572348468,0.1045579944578752,0.1311870883999919,-0.04525850811477577,-0.04264027858348916,0.06856622358209741,-7.238775366604386,5.562571624066028,-12.801346990670414,23027.168010934663,23045.50698906533,23013.936021869325,23058.73897813067,22995.597043738657,23077.07795626134,22982.36505467332,22978.548653728056,23007.890000000003,23037.23134627195,0.2550546466620559,0.1900278564008246,45.95396462966967,23007.890000000003,23003.9825,22986.79625,23006.239290694502,23002.80287336996,23005.830467015687,77.95271728467671,77.33634163887182,66.71329087633967,0.143857941099926,-3.9879088395162015,0
1674939840,0.1265776622910435,0.11512956439354198,0.09755663765740807,0.1339083327614498,-0.31984174585875624,-0.3112361329104138,0.04250100947484222,-8.439604273789882,3.489394173504426,-11.928998447294308,22986.63333333333,23031.166666666664,22945.166666666664,23072.63333333333,22900.63333333333,23117.166666666664,22859.166666666664,22966.772902570607,23003.605000000003,23040.4370974294,0.3202289156799251,0.1873650754732513,44.35117303847894,23003.605000000003,23005.7875,22986.43625,22997.68452712967,22998.761441848143,23003.425184442764,71.13007651559735,76.36027728729276,66.12662724231541,0.0786063379353937,-24.652933365521967,1
1674942300,0.1222208850325471,0.12021348935808242,0.09882321476703994,0.14500814528844602,-0.4883455747288367,-0.47643596920699355,0.03304584952187856,-8.141511773450475,3.029989339075067,-11.171501112525542,22979.49166666667,23009.283333333336,22950.783333333336,23037.99166666667,22920.99166666667,23067.783333333336,22892.283333333336,22965.101107850765,23002.56,23040.01889214924,0.3256932458755539,0.3977545842855886,47.449837652379344,23002.56,23006.590000000004,22986.89375,22996.756351419783,22998.05936151212,23002.613262114883,63.797331763782616,70.96004185468557,63.63365386786421,0.0349112265151372,12.944591448588175,1
1674944760,0.1225845848469594,0.11624749553757623,0.0969585318000814,0.13945823902494792,-0.5686765660581307,-0.5553618822309915,0.02549158191873237,-8.706635748698318,1.9718922910617795,-10.678528039760096,22995.8,23010.9,22979.8,23026.9,22964.7,23042.0,22948.7,22958.87078448508,22996.235,23033.599215514925,0.3249594163124927,0.3325938357383001,45.32935052870139,22996.235,23002.7325,22987.67875,22992.412567613188,22995.45311396446,23000.814380008705,56.32644099573119,63.751283091703726,62.03839287730243,-0.1675549358665325,-43.78331060285439,0
1674947220,0.12078333958084131,0.11751625866136226,0.09498830074065377,0.1406756378182306,-0.6203981468142452,-0.6060530806854227,0.02132562538292567,-8.764990592571849,1.5308299577505995,-10.295820550322448,22985.141666666663,23005.083333333325,22963.78333333333,23026.441666666666,22943.841666666664,23046.383333333324,22922.483333333326,22977.380659198407,22987.24,22997.0993408016,0.0857809880750795,0.5030427997776467,46.15830904454293,22987.24,22998.7875,22987.77125,22990.708378408795,22993.970729607285,22999.52729619836,51.68748567990675,57.27041947980686,59.91422195749532,-0.1713224836331689,-57.10379841742268,1
1674949680,0.12051712994506232,0.12107411888960118,0.10480427334030397,0.14171400737720818,-0.38881134714755555,-0.3787717004312585,0.01075787148683878,-7.911109167202085,1.907769106496291,-9.818878273698376,22985.6,23002.60000000001,22970.300000000003,23017.900000000005,22953.3,23034.90000000001,22938.0,22975.942028384863,22988.765,23001.587971615136,0.1115585949496316,0.8337759864451785,48.5157767263233,22988.765,22998.3275,22988.56125,22992.9139189392,22994.58059695141,22999.31755370328,47.159090909089855,51.72433919490928,59.72749181767417,-0.0199983262270535,-5.892724586978118,1
1674952140,0.12216304339228243,0.15765531021385826,0.1752048510173714,0.1480158364247926,2.105413184360792,2.084496002211705,0.06654722333255667,1.070548464267631,8.711541390372805,-7.6409929261051746,22999.20833333333,23026.916666666664,22969.616666666665,23056.50833333333,22941.908333333333,23084.216666666664,22912.316666666666,22924.50652579357,23012.73,23100.953474206424,0.7667362734141037,0.9968632259645102,65.32629107035142,23012.73,23008.167500000003,22994.995,23028.74261262613,23013.82048841479,23008.94445335058,51.505936822359125,50.11750447045193,72.58981383069766,0.4277888879227956,322.8645383958488,1
1674954600,0.14127750212846973,0.2276590937570031,0.2670668741632085,0.1685840632217138,3.2575432230594092,3.260283011389994,0.15874613893258407,23.830302466536523,25.17703631411336,-1.346733847576835,23106.13333333333,23223.166666666664,22983.36666666666,23345.93333333333,22866.33333333333,23462.966666666667,22743.56666666666,22832.84836855132,23073.28,23313.711631448685,2.08406981104275,0.966598339511514,79.27338198442779,23073.28,23037.92,23011.265,23118.378408417426,23065.425854157555,23036.440219698143,58.04377295957524,52.23626689700808,99.08027243185212,1.2935799261960597,355.4815850639831,0
1674957060,0.18583835771029747,0.1996753252785386,0.2101060869272405,0.17204155966871096,0.27923511469609996,0.28604730825434377,0.1651172460872416,35.100419676669844,29.157722819397343,5.942696857272501,23278.064588584384,23509.58541141563,23066.12917716877,23721.520822831244,22834.608354337524,23953.041645662488,22622.67294292191,22876.3882424038,23120.295,23364.2017575962,2.109893127195824,0.7019316745686018,67.57240607640863,23120.295,23058.265,23024.70125,23151.852272278284,23093.312062492543,23053.80781782213,56.863467706332415,55.4710591627556,111.42453868671969,0.883975259989532,161.54878929670514,1
1674959520,0.19412620792476867,0.167086745182978,0.16343569036298106,0.17347379354316209,-0.4368559509386319,-0.4226945583022464,0.1110939135400328,36.20520758003477,24.210008578209813,11.995199001824954,23201.033333333336,23345.866666666672,23073.966666666674,23472.93333333333,22929.13333333334,23617.76666666667,22802.06666666668,22942.67073506383,23148.230000000003,23353.78926493617,1.7760257690214023,0.448299581615539,57.0176554556797,23148.230000000003,23067.735,23034.2075,23143.559848185523,23099.432596584807,23060.776120886687,49.71253878444978,54.87325981678583,114.79421449481102,0.4111621626608621,70.78024292957032,0
1674961980,0.1819750355563353,0.17437104255800032,0.16046330076914955,0.19040995910854636,-0.6709440818598146,-0.6534662015974637,0.09794185456609501,38.295509127343394,21.04024810041475,17.255261026928643,23127.54114714609,23194.882294292187,23059.63385285391,23262.78958858437,22992.292705707816,23330.130735730465,22924.38541141563,23035.33572517812,23178.265,23321.194274821886,1.2333043463079467,0.3923768414891294,58.57521883704992,23178.265,23083.515,23043.74875,23144.87323212368,23108.17212447848,23069.035537945096,40.57766015696296,49.05122221591506,112.27319917375308,0.6863943418139395,72.84320872308568,1
1674964440,0.17954177853833828,0.1867924997139449,0.1688719654692095,0.2053768030965603,-0.5736532328369525,-0.5568745756566668,0.08172851441658041,42.28881650341282,20.02684438118734,22.26197212222548,23147.33333333333,23187.166666666664,23107.666666666664,23226.83333333333,23067.83333333333,23266.666666666664,23028.166666666664,23074.209717883223,23194.685,23315.160282116776,1.0388180060800558,0.4494294606083986,61.1598919131377,23194.685,23103.7075,23054.7475,23157.415488082457,23121.686283664207,23079.84167718842,38.36922796130687,42.88647563423988,108.78225637562797,0.8786768825410124,83.48052655402307,0
1674966900,0.18453618636637825,0.1938549853540396,0.17798428411906392,0.21222572048446728,-0.5313700353778411,-0.5143980047099275,0.07597306160121817,46.52301668120708,19.40883564718528,27.1141810340218,23180.9,23212.5,23150.9,23242.5,23119.3,23274.1,23089.299999999992,23107.5992182296,23175.635,23243.6707817704,0.5871319752007015,0.6966979676247843,62.58915643209785,23175.635,23124.4575,23065.52375,23172.410325388308,23136.36150481617,23091.513898408568,42.95796069842451,40.63494960556479,105.89581447881255,0.9023740046706008,84.75405697730655,0
1674969360,0.19056480808345522,0.19832670993017915,0.17696398589186083,0.21830771413218222,-0.5998427853703455,-0.5821867857358696,0.06420025221866284,50.3153613597533,18.560944260585195,31.7544170991681,23202.542643393263,23236.65735660673,23168.28528678653,23270.914713213475,23134.17057357305,23305.02942642695,23099.91321696632,23108.7261829198,23174.875,23241.0238170802,0.570866656930839,0.8032934054690011,63.50488974809057,23174.875,23147.585,23075.15875,23186.606883592205,23150.65941303141,23103.274479512515,47.06454949199997,42.79724605057712,101.79511593819102,1.0062555134122144,79.15896071442461,0
1674971820,0.19581509202332903,0.2043599891202094,0.18663922770155264,0.2236044793083019,-0.43103205135006667,-0.4146232057345982,0.06057145963889061,54.06930250266305,17.851908322795957,36.21739417986709,23211.437988363297,23237.462011636704,23188.9759767266,23259.92402327341,23162.951953453183,23285.94804654681,23140.48994181648,23137.69142379198,23195.88,23254.06857620801,0.5017147545858701,0.810370199391702,64.75829492971278,23195.88,23172.055,23085.42125,23201.737922394805,23165.448610662064,23115.534052892275,49.85525978297443,46.62592332446631,98.8949660465384,1.0645008330686976,82.606711307407,1
1674974280,0.20145702307125443,0.19467125253857287,0.17414937009267775,0.21730015010136566,-0.30881872840644486,-0.2944281065147467,0.05316302799171796,54.21647231545285,14.399262508468604,39.817209806984245,23231.202327514984,23262.19767248502,23201.004655029967,23292.39534497004,23170.00931005993,23323.390689940075,23139.811637574912,23174.883132069823,23207.32,23239.756867930177,0.2795399721310083,0.4596138565899959,61.12757789742908,23207.32,23192.792500000003,23095.56,23202.72528159654,23172.58522690532,23124.02604785492,49.231180936840445,48.71699673727162,95.3596113289286,0.9017353105198104,56.208592721104914,0
1674976740,0.19943338025232776,0.19084721822842082,0.16869666614367565,0.21328989525290357,-0.5277894487622475,-0.5113353941917452,0.05038864414877087,52.85438060392698,10.429736637554186,42.4246439663728,23204.4,23226.2,23182.9,23247.7,23161.099999999995,23269.5,23139.59999999999,23183.490245528235,23209.605,23235.719754471764,0.2250340276946908,0.1997865705198599,59.70477296020012,23209.605,23202.145,23105.15625,23199.79185439769,23176.46518564981,23130.683090916355,47.156151145987,48.74753062193397,91.33404949373606,0.4048631192533368,39.93742355601632,1
1674979200,0.19650944694196307,0.18962281745162032,0.17175694666337113,0.21099832105378125,-0.43891523173411967,-0.4234223995826893,0.04304129679218506,50.90967193416873,6.788022374236739,44.12164955993199,23191.90891521208,23212.41783042415,23173.41608478792,23230.91066084831,23152.907169575843,23251.419576060383,23134.414339151685,23177.046113920813,23207.22,23237.39388607919,0.2600387817169689,0.2225249681784934,59.22940267805466,23207.22,23191.4275,23114.67375,23196.68623626513,23179.01242462257,23136.37755844813,43.92446810553034,46.77060006278594,88.67447452989767,-0.4600249381375499,31.94301428302111,1
1674981660,0.1944352495621291,0.19215147122979476,0.176436245429514,0.20713128959276347,-0.43867219825740666,-0.4233476817392386,0.017087102948367204,49.37424865234789,4.202079273932718,45.17216937841517,23191.525,23218.05,23163.95,23245.625,23137.425,23272.15,23109.85,23173.946802771126,23203.74,23233.53319722888,0.2567965097770895,0.3969563428719184,59.938812589121945,23203.74,23189.307500000003,23123.78625,23196.990824176755,23182.3919837821,23142.20826716736,43.2478429222702,44.77615405792918,87.92629777776217,-0.0913053215497817,26.499360819362188,1
1674984120,0.19466254041225128,0.22421657563092676,0.22410880052817733,0.22244172405408152,1.7177029412416973,1.7217652766805724,0.011253436946112225,54.816019600748405,7.715080177866589,47.100939422881815,23194.733333333337,23235.26666666668,23157.06666666668,23272.93333333333,23116.533333333336,23313.466666666674,23078.866666666672,23141.303052479936,23214.93,23288.556947520065,0.6343068664869054,0.9958782243423956,67.63039287032932,23214.93,23205.405,23136.57,23227.31054945117,23201.58435036717,23156.08843219904,48.607622085528526,45.25997770444303,93.85587699331307,0.6960486617899755,172.949231996316,0
1674986580,0.21080953249592466,0.2605315928732707,0.2680871723904129,0.23873166691190284,1.3268944327670256,1.3451435986227962,0.03395750590328037,66.6175094366663,15.613256011027588,51.00425342563871,23284.269864401507,23371.580135598488,23200.639728803013,23455.210271196986,23113.32945760604,23542.52054239396,23029.69932200754,23095.7638194275,23252.045,23408.32618057249,1.344236006531895,0.9422477469572148,73.77215105557154,23252.045,23229.682500000003,23156.59875,23281.63203296745,23235.891741209503,23178.39191484675,60.09247973768692,50.64931491516189,105.0408288793433,1.048817366886279,243.5765787958865,0
1674989040,0.2370414369145436,0.27365397511158596,0.31195999616017805,0.25009830582629716,1.272081414437157,1.28916430093583,0.008800453552800581,78.0540896849052,21.639869007413186,56.41422067749201,23375.20993220076,23507.965067799247,23257.51986440151,23625.65513559849,23124.76472880302,23758.410271196983,23007.07466100377,23104.88429323965,23298.71,23492.535706760347,1.6638320899341477,0.8315865633832863,75.5755476000269,23298.71,23254.1575,23178.9325,23330.171355311635,23270.684151898684,23202.092684861345,67.58819205720053,58.762764626805335,122.06648395939004,1.055753262158956,235.4510463986321,1
1674991500,0.2567189053684813,0.26728354208446553,0.25088283331790584,0.2849015889754597,-0.10709960344455222,-0.08724088822786746,0.007086544294143733,84.69295922771198,22.622990840175973,62.06996838753601,23439.68333333333,23605.166666666668,23261.76666666667,23783.08333333333,23096.283333333336,23948.566666666666,22918.366666666672,23168.350992461805,23342.475,23516.599007538192,1.4919069853406193,0.6918891051980376,72.95306243266018,23342.475,23274.8475,23199.652500000004,23356.54757020776,23295.887033371648,23221.82671487455,68.57734567947237,65.41933915811995,118.53316367657636,0.8917180981277705,143.86125576352566,1
1674993960,0.2633722652454562,0.27497597305175386,0.26488554691884136,0.2779552546843712,0.31756798006981185,0.3365534342798332,0.0035409026870477805,90.65825064469756,22.87062580572924,67.78762483896831,23408.233333333334,23445.066666666666,23372.466666666667,23480.83333333333,23335.63333333333,23517.666666666664,23299.86666666667,23283.889679835305,23389.15,23494.410320164698,0.9000782000602515,0.6986741059430341,74.12084288623176,23389.15,23296.445,23222.015,23381.35671347184,23320.44848184953,23241.745599172213,64.04593299089719,66.73715690919003,119.48079484253516,0.9303252207624318,120.9727326253144,0
1674996420,0.27054535125837664,0.3136421946843302,0.32335919014687003,0.2989963322540897,1.744425412096441,1.7766280265604053,0.059609057536198135,102.98993764495754,28.161850244791367,74.82808740016617,23422.25833333333,23492.516666666663,23360.716666666664,23554.05833333333,23290.45833333333,23624.316666666666,23228.916666666664,23335.07280560748,23439.545,23544.01719439252,0.891418279599863,0.9804149112770532,79.02347640284898,23439.545,23327.2375,23249.64625,23434.21280898123,23360.35330333143,23270.14363734629,68.01996084934213,66.8810798399039,128.0347121903799,1.3254347451790602,156.29323941521918,0
1674998880,0.2934659630911325,0.32528287453332944,0.3108693325379951,0.3221198623262587,0.47709385777319296,0.5053470934809109,0.08527551387258535,114.09436549251404,31.4130224738783,82.68134301863574,23533.563120762545,23656.36187923745,23417.12624152509,23772.798758474903,23294.327483050183,23895.59751694981,23177.890603812728,23342.484026206475,23476.035,23609.585973793524,1.1377643098038015,0.8619966116813405,80.23730341576498,23476.035,23364.04,23278.41625,23480.38353932082,23398.96633908935,23298.96090997997,75.28129754390817,69.1157304613825,128.82904123793713,1.585993354794493,133.38242723452558,1
1675001340,0.3107468973462201,0.3060651058192045,0.29732399400442655,0.3023032305500403,0.2767260773920687,0.3003289993042155,0.09931845839950082,117.17453699139878,27.594555178210427,89.57998181318835,23554.189893714607,23633.035106285395,23493.87978742921,23693.345212570788,23415.034574858422,23772.190425141576,23354.72446857304,23367.63050090411,23494.3,23620.96949909589,1.0782998352442037,0.5958202257578407,72.7524983255112,23494.3,23396.505,23299.325,23493.11402621388,23420.71336834583,23319.876537600925,78.64073059582915,73.98066299635983,130.7698240066559,1.399719969776575,89.50024684382088,0
1675003800,0.30977800396946137,0.30192166261075754,0.2865932712700411,0.32217547555804965,-0.18436763694567032,-0.16091674031681155,0.0869844089219988,117.32111537950914,22.192906853056627,95.12820852645253,23504.858333333334,23589.716666666667,23433.716666666667,23660.858333333334,23348.858333333334,23745.716666666667,23277.716666666667,23419.64968407609,23513.82,23607.99031592391,0.8009784537256082,0.4632580610349149,71.21012665169407,23513.82,23428.1475,23309.7875,23497.70935080925,23436.383665010224,23337.688295924647,76.34798978082559,76.75667264018763,126.4291222918948,1.364461055670498,80.411563026939,0
1675006260,0.3072217330172248,0.3029863589384099,0.2926095125407944,0.3217816112425761,0.2848472426165841,0.30984796997209546,0.08983659745869148,116.33827946843304,16.968056753584406,99.37022271484862,23509.3,23543.1,23473.1,23579.3,23439.3,23613.1,23403.1,23480.68627760035,23529.605,23578.52372239965,0.4158057255924924,0.298594494772214,71.37804166303115,23529.605,23459.3775,23324.3425,23501.772900539505,23449.750271372,23354.089410598488,72.12417641522137,75.70429893062538,123.69847069961638,1.3462599579266947,74.77390411987845,0
1675008720,0.3064759720842844,0.3178477451785579,0.31878543947319754,0.3220680580174661,0.41708594384988185,0.444627775494464,0.08708557215266237,117.58291481481864,14.570153679976016,103.01276113484263,23515.63333333333,23556.86666666666,23468.666666666664,23603.83333333333,23427.43333333333,23645.06666666666,23380.466666666667,23480.22000989069,23531.975,23583.729990109307,0.4398694976457181,0.6912859026558092,73.68515453100238,23531.975,23485.76,23345.5825,23518.440267026337,23468.30022203164,23372.91660958911,74.35625924431918,74.2761418134554,126.4200085067866,1.1328820269710331,87.87894500829202,1
1675011180,0.31353415294962544,0.3337827002157546,0.3201927473727891,0.3423657176757084,0.007822765816603065,0.03563116166005929,0.07398953359655058,120.7998466125282,14.229668382148446,106.57017823037975,23554.658333333336,23634.116666666672,23472.31666666668,23716.458333333336,23392.858333333337,23795.91666666667,23310.51666666668,23468.88846059782,23536.765,23604.64153940218,0.5767703369785894,0.941315957823244,75.9259152644783,23536.765,23506.4,23368.04125,23544.51851135089,23491.64109075316,23394.226932485384,80.3919591233025,75.62413159428102,125.18371396803462,0.8824180134692636,99.7322113049783,0
1675013640,0.3250311157118105,0.328255151781359,0.3137191310346675,0.3453418584772968,-0.16720880406917418,-0.1410916549726127,0.058275927677875476,120.70114820204252,11.304775977330223,109.39637222471232,23589.85437167858,23647.820628321417,23538.70874335716,23698.96625664284,23480.74248671432,23756.93251328568,23429.5968583929,23476.54106902189,23549.27,23621.998930978112,0.6176746113838072,0.7188262605535722,73.58518460933568,23549.27,23521.785,23387.97125,23556.712340900594,23507.90634697985,23412.02436748677,85.17883555196978,79.97568463986381,122.12773439888916,0.6567138695322693,85.99471022296068,1
1675016100,0.3280156859229217,0.3485021269455497,0.3609694937634544,0.35085595889393284,1.3668770555451228,1.4089181796989976,0.09499816034918214,123.79930587813578,11.522346922738762,112.27695895539702,23581.3,23622.4,23540.0,23663.7,23498.9,23704.8,23457.6,23489.39916976,23575.52,23661.64083024,0.7305953823287965,0.8636170240432203,76.44922352213112,23575.52,23544.67,23409.75875,23583.858227267065,23531.58701116533,23433.560142011844,84.71343618928253,83.42807695485162,127.78289622754014,0.977602918498213,133.83043782635832,1
1675018560,0.33963196025785014,0.40637724482285337,0.42521309937980756,0.3686945712208386,2.089722560352448,2.157182424626572,0.16209128545214121,137.82465099896945,20.43815363485793,117.38649736411152,23650.216666666664,23744.83333333333,23543.53333333333,23851.516666666663,23448.91666666666,23946.13333333333,23342.233333333323,23457.299967769944,23633.785,23810.27003223005,1.493497822968732,0.9743745061103366,82.34270506266535,23633.785,23581.695,23439.07,23656.313818178045,23580.61210004436,23468.57584277262,81.6861153413638,83.85946236087204,142.51837582703948,1.5801732535671265,219.65827805783093,0
1675021020,0.37437909030138183,0.42323493667734957,0.43063123479323545,0.4037493207338915,1.2567778608798525,1.3163828940964868,0.1997863950980944,151.03169175177027,26.916155510126984,124.11553624164328,23782.048463126488,23958.676536873507,23624.596926252976,24116.12807374702,23447.96885250596,24292.75614749404,23290.517315632445,23472.682077208217,23693.175,23913.66792279177,1.861235759173503,0.8527324097991481,83.62788075280956,23693.175,23612.575,23469.90625,23720.450878785363,23629.35990003629,23504.780524413323,81.11905488846368,82.50620213970335,150.30829936155604,1.3118138651673668,203.84689207365287,1
1675023480,0.40018191892341654,0.38282083857354415,0.3830994104845305,0.37230366116383895,0.49940110011185124,0.5392126340095247,0.20181416705720276,150.5738838885627,21.166678117535525,129.40720577102718,23835.64923156325,23967.97576843676,23716.39846312649,24087.22653687352,23584.07192625297,24219.55307374704,23464.82115781622,23522.0588978615,23720.81,23919.5611021385,1.6757530804260043,0.5353205588520799,70.39896966700184,23720.81,23628.7875,23496.41375,23725.25058585691,23648.53991821151,23526.691903040628,76.0220628331126,79.60907768764672,156.2309208357305,0.6877652032168534,98.35271329463708,0
1675025940,0.3928752828664267,0.3839831320645652,0.3802847946853474,0.3846566783309799,0.46153821556437835,0.5004848072169324,0.20545286747858355,148.76051437877322,15.482646886196846,133.27786749257638,23723.38333333333,23831.266666666663,23626.966666666664,23927.68333333333,23519.08333333333,24035.566666666666,23422.666666666664,23610.15288470786,23752.215,23894.27711529214,1.1962009883469078,0.4504090166085975,70.54328911401711,23752.215,23650.7425,23523.62375,23729.54205723794,23664.828114900327,23546.82838846533,70.6493712071458,75.93016297624071,156.62871220460687,0.9335174431273972,85.50625964838767,1
1675028400,0.38980314038089575,0.404904414902935,0.3855973820063063,0.4193099213169258,-0.0208361773773236,0.014976420445063993,0.12170072618109956,150.34707086678827,13.655362699369505,136.69170816741877,23733.30833333333,23816.61666666667,23654.81666666667,23895.108333333334,23571.50833333333,23978.416666666668,23493.01666666667,23698.31583576128,23784.0,23869.684164238723,0.7205193763767456,0.5762976456394718,73.08683721453295,23784.0,23679.76,23553.95375,23752.05303815863,23688.873003100267,23570.66139908768,66.18043695569098,70.95062366531647,151.78201847570645,1.23442478591392,102.3137950066874,0
1675030860,0.398728228911516,0.39829442520209307,0.3764146979614707,0.4112604225489092,-0.3034190578346608,-0.27271506335037976,0.11962503563938867,148.390987535553,9.359423494507382,139.0315640410456,23790.25198727873,23833.723012721264,23753.603974557474,23870.371025442528,23710.132949114948,23913.84205088505,23673.484936393685,23695.50415534564,23779.445,23863.38584465436,0.7059949856219122,0.4940732071252317,71.00082777157789,23779.445,23706.615,23582.99625,23760.85202543909,23705.159729809307,23590.45078965076,67.35080890681083,68.06020568988254,146.40473144172742,1.142284739620327,75.0167355650375,1
1675033320,0.399885614554616,0.40112474293976846,0.402520259498894,0.4129432973513895,0.7970426714732551,0.8458467162933562,0.1507806262366018,145.80356056622986,5.4175972201474,140.38596334608246,23767.85,23811.400000000005,23734.900000000005,23844.35,23691.35,23887.900000000005,23658.400000000005,23715.757462471018,23766.985,23818.212537528983,0.4310814983809077,0.6897416988763143,71.37753437890058,23766.985,23730.08,23607.92,23769.376350292725,23719.93523348034,23609.115000160207,68.83708920987185,67.45611169079122,146.3758220530326,0.9963155643258216,79.65086805216644,0
1675035780,0.4018795363701038,0.3818359944704678,0.3748666592719208,0.39919385215665826,0.2976564412439718,0.3352929295071917,0.17486777257170633,137.7791826208486,-2.085424580187123,139.8646072010357,23796.80833333333,23864.61666666667,23718.61666666667,23942.80833333333,23650.80833333333,24010.61666666667,23572.61666666667,23713.78146344596,23766.43,23819.078536554047,0.4430496002474632,0.173732621563672,65.16478097026085,23766.43,23743.62,23625.01,23756.94256686182,23722.14246375664,23620.825476335427,63.04747169912634,66.41178993860301,143.47754904924477,0.5738096575047336,37.391846682526456,0
1675038240,0.3932316451373348,0.3792895957534981,0.36624689838692265,0.39754678320104,0.01536860485944672,0.049096345338461245,0.17950430488286426,129.34977901554157,-8.411862548395334,137.7616415639369,23739.69166666667,23788.78333333334,23682.983333333337,23845.491666666672,23633.891666666663,23894.583333333343,23577.18333333333,23704.7702679301,23763.785,23822.7997320699,0.4966778824997765,0.1705483644834546,64.36825244517195,23763.785,23758.0,23639.8925,23746.26171124121,23722.643833982707,23630.73733573205,58.08769466020316,63.324085189733786,139.36486697429882,0.609810399005996,21.967558362174728,1
1675040700,0.387634437071857,0.37028403931543824,0.35854188763665845,0.37785356742733706,0.6585545009547478,0.6954846934683074,0.20836425479902196,119.2472573416926,-14.811507377795436,134.05876471948804,23727.6,23769.200000000004,23683.300000000003,23813.500000000004,23641.7,23855.10000000001,23597.4,23678.115518432533,23744.275,23810.43448156747,0.5572668069879488,0.1618020657072084,61.504949572070686,23744.275,23764.1375,23654.40375,23730.682807494144,23718.440409622217,23637.28854185281,50.84107588054209,57.325414079957206,137.91023361899175,0.2596438384560551,-17.491185721564836,1
1675043160,0.38033283169476434,0.3483335500270053,0.34802146926671984,0.3578022931850213,0.23095734031435144,0.26153894778634273,0.20713768300760121,105.03933002067424,-23.21554775905105,128.2548777797253,23693.50833333333,23756.016666666663,23637.016666666663,23812.50833333333,23574.50833333333,23875.016666666663,23518.016666666663,23619.3586213344,23716.120000000003,23812.881378665603,0.8159967032178973,0.0946471563251515,55.07419327968164,23716.120000000003,23747.7825,23664.73875,23699.680204996097,23703.755789690906,23637.32534739064,41.30160468125686,50.07679174066738,138.42362760361297,-0.6871495059602841,-79.91170199709734,0
1675045620,0.36570624050776906,0.3456540642690791,0.33352219597398786,0.36811437708106914,-0.3774719591805799,-0.3513571667188583,0.2097300496655296,92.10845442705612,-28.91713868213533,121.02559310919146,23644.257583134564,23713.515166269128,23568.41741686544,23789.355332538253,23499.159833730875,23858.612915672817,23423.31966746175,23598.744428810704,23684.860000000004,23770.975571189305,0.7271782158670194,0.1822003312288039,54.32746371552467,23684.860000000004,23725.9225,23669.24875,23676.495136664067,23690.368373383462,23636.639600020106,31.15198986247552,41.09822347475816,133.8995381106298,-0.916610846072478,-97.7192993861494,0
1675048080,0.35705313564728064,0.35330213288938184,0.3333510762339704,0.37674358617463793,-0.44596107308965227,-0.41966668175461846,0.21205210542107378,82.64684586308067,-30.70299779688864,113.34984365996932,23637.60379156728,23671.407583134565,23596.32120843272,23712.69016626913,23562.51741686544,23746.493957836414,23521.23483373087,23594.758270749364,23668.78,23742.80172925064,0.6254798874351358,0.3844596027871583,56.15481529063457,23668.78,23717.605000000003,23673.19625,23668.22175777605,23683.33321458648,23638.07154287533,23.584407944964124,32.012667496232176,127.9424282455848,-0.3504340663623291,-96.33920116571744,1
1675050540,0.3565508070188404,0.3743919926462961,0.3620601573856373,0.38576320205490217,-0.45699348331878686,-0.4294363089311099,0.20802101118454988,79.03251612363965,-27.45386202906373,106.48637815270338,23652.658333333336,23677.41666666667,23626.91666666667,23703.158333333336,23602.158333333336,23727.91666666667,23576.41666666667,23599.974800316348,23666.02,23732.065199683653,0.5581436987178474,0.8412814270827024,60.81107247404517,23666.02,23714.9025,23682.8225,23682.51450518403,23688.381721025296,23645.02663403006,27.190141264636463,27.30884635735872,126.54118337090024,-0.1138463968826579,-32.37443163595295,0
1675053000,0.3668450951140058,0.3780563225073,0.35931590698143406,0.39614862640906123,-0.6054832243422983,-0.5796237782465817,0.19853868037270453,76.12376756853337,-24.29008846733602,100.4138560358694,23708.063447891825,23763.036552108184,23656.126895783644,23814.97310421636,23601.15379156728,23869.946208432724,23549.217239459103,23593.96091313173,23670.4,23746.83908686827,0.645862231886809,0.8337624904385139,61.574624665122485,23670.4,23707.3375,23693.54875,23695.48467012269,23694.389589929782,23652.30266888434,32.80970376758929,27.861417659063303,122.51001514171249,-0.3178962120344683,-11.871720503386426,1
1675055460,0.37382449488101477,0.3692015980489906,0.3452428279855187,0.38981272027900443,-0.5307789025688229,-0.5046795028691586,0.19433639326672228,70.987012802354,-23.54147458681232,94.52848738916632,23718.57339061258,23755.05160938743,23684.94678122516,23788.67821877485,23648.468562450307,23825.1564375497,23614.841953062885,23611.61265702197,23682.16,23752.707342978018,0.5957847001964461,0.6014566913204803,58.60321869250722,23682.16,23699.140000000003,23702.8775,23695.8147800818,23694.768755397097,23656.50955756201,38.28664049018701,32.76216184080426,117.83251406016144,-0.3447449266037197,-43.3779032869932,1
1675057920,0.3728866131471158,0.3762463387502914,0.3549180697952105,0.4022436305450557,-0.5153335453098722,-0.4883129621834963,0.19712665100106574,67.73699681401558,-21.4331924601206,89.17018927413618,23691.025000000005,23717.65000000001,23669.85000000001,23738.825000000004,23643.22500000001,23765.450000000008,23622.05000000001,23648.8456529934,23699.4,23749.9543470066,0.4266297628345059,0.6673941115072969,60.24685728925856,23699.4,23692.13,23711.105000000003,23702.65152005453,23698.688072597623,23662.20626636564,42.04767921382798,37.71467449053477,112.5034059130072,-0.2947059089375496,4.713143447095341,0
1675060380,0.37594021717417503,0.36756906367992415,0.3461927608177432,0.3894188559635296,-0.27179560420385956,-0.24307135685621564,0.2079268946757696,62.468329053190246,-21.36148817675675,83.829817229947,23718.38084765314,23737.644152346853,23697.06169530628,23758.963304693712,23677.79839061257,23778.226609387424,23656.47923826571,23684.629134140363,23707.44,23730.250865859634,0.1924363479113364,0.1588248754831069,57.232560784930136,23707.44,23688.11,23715.865,23699.05934670302,23697.449332125325,23665.0318600451,42.18611111111101,40.84014360504201,108.25494834779248,-0.1693910035258373,-38.86090096256241,1
1675062840,0.3731281666608277,0.3516695985203153,0.340879517599778,0.3674698718375664,-0.09916481837791905,-0.07058304854734358,0.22119218846994326,54.054776487835625,-23.82003259368909,77.87480908152472,23690.025,23716.75,23665.15,23741.625,23638.425,23768.35,23613.549999999992,23642.01472252769,23694.635,23747.255277472304,0.4441535180626842,0.0480829607461836,52.08988866876367,23694.635,23680.327500000003,23719.16375,23681.73123113535,23688.290362648,23663.321682897946,36.69722222222236,40.310337515720455,107.50803316151136,-0.3280308873799288,-95.30882533139264,0
1675065300,0.36377201489274574,0.3346167123390831,0.3316048069225347,0.33438526933774493,0.305522655789922,0.33497405704106964,0.247057874124364,43.01390451797124,-27.888723650842778,70.90262816881402,23649.62437857995,23697.248757159898,23599.45062142004,23747.422514319805,23551.82624284009,23795.046892899754,23501.652485680184,23585.83023257516,23670.155,23754.47976742485,0.7124986500920563,0.0782377931644283,47.19194694260024,23670.155,23670.2775,23717.2075,23654.162487423568,23672.060296711992,23657.19818928861,29.15217113665419,36.011834823329195,111.53149992639814,-0.4240591319868225,-164.5337618745934,0
1675067760,0.35056707340885845,0.27226986988563734,0.31851480851199276,0.22739739891624633,1.6311427427888148,1.6496073708592227,0.2987915090375636,19.859501641087263,-40.83450122218141,60.69400286326867,23594.02052262331,23678.44104524661,23514.60447737669,23757.857090493235,23430.183954753385,23842.277613116545,23350.767909506765,23407.320786944383,23615.53,23823.73921305561,1.7633244992224668,0.0384930446169396,34.44111244433282,23615.53,23648.845,23698.31375,23577.224991615712,23626.84024276436,23634.92693316589,28.26476221133534,31.37138519007064,133.95287735558142,-0.906709310454621,-295.39593579647385,0
1675070220,0.31278963670951143,0.2086365193696129,0.281066207399129,0.1906964058834363,0.5491833691653214,0.556623054358816,0.30350672888875657,-12.810865303948958,-58.80389453377411,45.993029229825154,23423.46026131165,23636.12052262331,23210.689738688347,23848.89104524662,22998.02947737669,24061.551306558275,22785.258954753383,23189.511589773225,23521.075,23852.638410226777,2.8192878958702003,0.0822443136736233,26.55487308083568,23521.075,23610.2375,23668.08,23466.166661077143,23557.2420168072,23597.700558578665,27.07529566522312,28.16407633773756,154.49127125643156,-1.6338254664332106,-270.05193263564456,0
1675072680,0.26208266649609774,0.19944464107421467,0.2308006185431013,0.18958642463073722,-0.029871046182362537,-0.01731483176360584,0.30515743038915,-40.32741074174919,-69.05635197725948,28.72894123551029,23294.04679732249,23479.793594644983,23058.3032026775,23715.53718928997,22872.556405355008,23901.283986612467,22636.812810710016,23074.05089559388,23426.33,23778.60910440612,3.007548381723638,0.2045240586282359,25.64151591833756,23426.33,23566.885,23642.245000000003,23383.494440718096,23495.588922842253,23561.55288633308,24.667416254626183,26.669158043728228,163.57905159409646,-1.83295686246322,-200.37367379987288,1
1675075140,0.23213301449998267,0.20881396875755495,0.2011116647901596,0.22088073478749345,-0.37888375681343134,-0.3627262680487621,0.28378790644563556,-59.32040319881344,-70.43947554745898,11.119072348645547,23236.75673199458,23368.31346398916,23086.59326800542,23518.47692797832,22955.03653601084,23650.0336599729,22804.87307202168,23053.20094425415,23345.825,23638.44905574585,2.506864124492078,0.3269537346444948,28.34684783118545,23345.825,23520.230000000003,23617.56625,23337.1796271454,23449.94548232548,23531.362135253738,19.66248315863227,23.801731692827204,159.7473406225089,-1.9676438461311336,-140.3337772150501,1
1675077600,0.22184308448186119,0.17003240502281733,0.19091130398233977,0.15191867373267243,1.1277600929869156,1.1206166763037133,0.3031275465300806,-82.24203087088245,-74.68888257562239,-7.553148295260053,23246.56169933062,23300.523398661244,23190.588300669373,23356.49679732249,23136.62660133875,23410.458496653115,23080.653202677506,23064.93824654359,23253.075,23441.211753456413,1.618166659303446,0.1869298586379316,24.39114398330601,23253.075,23461.615,23584.47625,23269.8780847636,23392.73266735721,23493.63955094386,18.776730406498856,21.035543273252447,167.87556979203902,-2.4709729706372947,-140.24168874884185,0
1675080060,0.19730637673766596,0.13606859217070572,0.16658817723744967,0.13215384626524668,0.41176696748521624,0.41022697946961323,0.28690386420212105,-106.89752798295376,-79.47550375015496,-27.4220242327988,23136.272516331974,23272.545032663947,22999.002483668017,23409.815065327904,22862.729967336043,23546.08758165988,22725.45993467209,23017.886867729336,23176.32,23334.753132270664,1.3671983496142952,0.0684456968054301,21.554338819694323,23176.32,23395.925,23547.5325,23193.110389842404,23328.52218238317,23450.395307996823,16.902210242975794,18.44714126936898,174.4279415567484,-2.7721422701055656,-129.96408266078532,0
1675082520,0.16805527493829422,0.142190596054707,0.13759169311613878,0.14611812654114512,-0.2962984606681282,-0.28623948241100716,0.25899900995885733,-123.62023907664845,-76.95857187507971,-46.661667201568726,23062.927924832653,23181.055849665307,22921.447075167336,23322.536699330623,22803.31915033468,23440.66462416328,22661.83830066937,22973.811657609625,23138.875,23303.93834239037,1.4267188218128548,0.2514590495630728,23.286276444825468,23138.875,23329.975,23511.0525,23147.681926561607,23279.12269467714,23412.912421520938,14.389116652032593,16.689352433835758,171.83965196333665,-2.7807849656302146,-109.8898429447984,1
1675084980,0.15649087766186207,0.15052184481858644,0.13963514385519454,0.16319751549397501,-0.4402095904185071,-0.42709734455415777,0.22802217415209008,-133.4406510266781,-69.4231870600875,-64.0174639665906,23054.205629083,23124.611258165987,22986.419370917003,23192.397516331977,22916.01374183401,23262.80314541497,22848.22748366802,22963.24186684028,23111.305,23259.36813315972,1.2813048260123592,0.3952980416585016,25.690682305064865,23111.305,23268.8175,23478.463750000003,23125.22128437441,23242.97311382675,23381.23504804276,14.050090636100936,15.113805843703116,166.44396253738395,-2.581370195478411,-88.46055091329384,1
1675087440,0.15487450982399079,0.1672730670403177,0.17024409067131047,0.16985740301017221,-0.17995579241417403,-0.16864804155796367,0.2158476988328966,-135.84877262825103,-57.46504692932834,-78.38372569892269,23079.86666666667,23128.233333333337,23031.93333333333,23176.166666666668,22983.56666666667,23224.533333333336,22935.63333333334,23012.15189865694,23087.895,23163.638101343066,0.6561282554608069,0.7614429518842751,30.413292333800253,23087.895,23216.86,23448.59375,23125.980856249604,23221.978002221884,23357.06980537202,17.836104567199843,15.4251039517778,166.3193937847137,-2.1972062083788404,-65.3551721012776,1
1675089900,0.16244235205100088,0.20001247911562878,0.1995160949828147,0.18993628746544813,0.19281451414644601,0.20416090670830778,0.22961850791224983,-128.82836906676675,-40.35571469427525,-88.4726543724915,23130.8,23211.5,23046.8,23295.5,22966.1,23376.2,22882.1,22975.53074655534,23104.79,23234.04925344466,1.1188957220096734,0.9446876990869272,38.62343076747927,23104.79,23178.932500000003,23424.605000000003,23157.237237499736,23221.572910908813,23343.991728669924,24.785181238429,18.89045881390993,168.1410720210825,-1.6071638552864005,-36.84599471935784,0
1675092360,0.18259679036712775,0.176535925090893,0.16324273387084334,0.17053771410053703,-0.15129614803858518,-0.14091173678695443,0.23101355974279675,-127.13684640102292,-30.931353622825128,-96.2054927781978,23207.975703635373,23309.774296364623,23117.951407270742,23399.79859272925,23016.152814541496,23501.5971854585,22926.12851817687,23013.00347151261,23127.595,23242.1865284874,0.990950667264758,0.6134682482346757,35.398249465883964,23127.595,23151.9575,23400.40125,23156.024824999826,23209.21419983448,23325.85918308231,28.228880519623413,23.616722108417424,168.1131383052909,-1.1516286099127582,-55.49338474281152,1
1675094820,0.1809351508481894,0.18547937424317465,0.18016561136343107,0.20068623715773343,-0.19254154660704076,-0.18001690011793103,0.13097190715701806,-122.35246999451556,-20.91758177305421,-101.43488822146136,23133.5,23215.0,23072.1,23276.4,22990.6,23357.9,22929.2,23057.96020897031,23151.99,23246.019791029685,0.8122825815809938,0.6425612016490635,37.538054324736486,23151.99,23145.432500000003,23377.835,23163.61654999989,23203.68434531912,23311.85354659828,30.898690808121955,27.97091752205813,163.7336284263415,-0.2807170006947858,-28.283680510214044,0
1675097280,0.18457627725138698,0.18163759499422738,0.17759727444667678,0.19220025145161027,-0.17622323998731165,-0.16420951958749785,0.10942528401841824,-118.07322956213102,-13.310673072535735,-104.76255648959528,23186.0,23235.8,23129.0,23292.8,23079.2,23342.6,23022.2,23108.660001839384,23169.525,23230.38999816062,0.5253883984295551,0.4872669017756922,36.97154182989607,23169.525,23140.415,23353.65,23165.06936666659,23197.19173707928,23298.15082787464,29.578646734920685,29.56873935422203,160.83836925303146,-0.2161024887857254,-24.8168801223674,0
1675099740,0.18447585564303162,0.16726419457092007,0.15905599286955802,0.17701857238242782,-0.3960627433442476,-0.38276658932696495,0.09762769859850401,-116.60575367280036,-9.474557746564043,-107.1311959262363,23172.05833333333,23231.61666666666,23108.41666666666,23295.25833333333,23048.85833333333,23354.816666666666,22985.21666666666,23108.64119086996,23169.52,23230.398809130045,0.5255077285161266,0.1546827984907814,34.85229787388522,23169.52,23128.7075,23324.46875,23152.53791111106,23184.515966701227,23281.895987124662,29.34747725973106,29.94160493425791,157.41420002067215,-0.5036664508454701,-45.23283642982646,0
1675102200,0.1772385885059959,0.16690929579503594,0.15683948292770158,0.18102882723089123,-0.5624603095748952,-0.5466796420678964,0.0852901763216739,-114.20695343275293,-5.660606005213296,-108.54634742753964,23126.858333333334,23183.61666666667,23070.716666666667,23239.75833333333,23013.95833333333,23296.51666666667,22957.816666666666,23108.69808641735,23150.865,23193.031913582647,0.3642793786119759,0.2107922073524053,34.79925671322653,23150.865,23127.8275,23294.72125,23143.85027407404,23173.96306366464,23267.093988350887,29.36834779537056,29.43149059667411,152.98461430490994,-0.0380371532216622,-33.29279069397936,1
1675104660,0.1734424967564198,0.09612473494494703,0.14751606809290765,0.01338585222638706,2.915075145304749,2.8286739759795387,0.16852592339790717,-126.93658910299564,-14.712193340364792,-112.22439576263083,23128.158333333336,23175.01666666668,23079.616666666672,23223.55833333333,23032.75833333333,23270.416666666675,22984.21666666667,22922.13314144804,23105.55,23288.966858551965,1.5876433026001595,0.0133353569311672,26.22620003355996,23105.55,23116.5725,23256.24875,23071.575182716027,23129.06523390743,23234.7064656508,32.68137627344067,30.46573377618077,180.4214275688451,-0.4885072749822827,-256.1769353361609,1
1675107120,0.13615041666957006,0.03667031751495745,0.10596455228134109,0.03010718271060418,0.8059735473621362,0.7733438164362931,0.20139433583966726,-148.82719723093396,-29.282241174642493,-119.54495605629148,22896.775000000005,23180.45000000001,22643.35000000001,23433.875000000007,22359.675000000003,23717.55000000001,22106.250000000007,22710.21002054539,23021.69,23333.169979454608,2.705969713384281,0.079122227279126,21.44693394582813,23021.69,23086.84,23208.4075,22967.550121810687,23061.87155501517,23189.44870701739,30.953017176641723,31.00091374848432,194.1268876034962,-1.2895314077285174,-225.760246806413,0
1675109580,0.08777569484436396,0.01710652249434473,0.05801091064082189,-0.0048393238260026955,1.3107502032342593,1.2552591594378053,0.24128734681767636,-168.67935804648369,-39.30752159215376,-129.37183645432992,22817.13262268465,22974.46524536931,22602.16737731535,23189.43049073861,22444.83475463069,23346.76311342327,22229.86950926139,22573.91593312988,22928.97,23284.024066870126,3.0969909845067187,0.1837171842870968,20.145963183192265,22928.97,23049.2475,23159.0325,22879.825081207127,22996.87218137604,23143.25121111097,27.04183067524584,30.225408041776088,204.08917663374484,-1.6287699899914614,-210.28094112767,0
1675112040,0.053805951700926946,0.026706534382010216,0.024336858824939987,0.036480623451911415,-0.18458016891318413,-0.18678763654436426,0.23194593320786017,-180.1529386507281,-40.6248817571186,-139.52805689360957,22720.791311342327,22879.38262268465,22545.78368865768,23054.390245369304,22387.19237731535,23212.98155671163,22212.1847546307,22532.48673040265,22849.76,23167.033269597345,2.777038092280588,0.3135124964196025,22.626235688099708,22849.76,23009.64,23113.25,22830.35838747142,22948.609057489488,23104.02966719564,21.18535304747031,26.393400299785963,198.2604473751552,-1.7125716138795837,-144.12525047991016,1
1675114500,0.04162132392683328,0.02888028938430181,0.020647260944729774,0.038700585957310914,-0.3245422440244616,-0.3232499785009842,0.23322318160619812,-186.6005822734187,-37.65802030384731,-148.9425619695714,22736.37065567117,22795.141311342333,22672.654344328843,22858.857622684656,22613.88368865768,22917.628278355824,22550.167377315352,22612.99004158893,22771.975,22930.959958411066,1.396321209829744,0.3917350410251135,23.20786033082829,22771.975,22961.42,23070.17625,22799.422258314284,22910.23468340049,23069.126841748435,22.05082902962761,23.42600425078126,191.65612970550123,-2.076680412149128,-111.64236464004152,1
1675116960,0.03661594139876871,0.007497638137281624,0.012379327034629491,-0.027110560573717912,0.45725966535680024,0.43051129452054726,0.2574179557061947,-194.3319203564606,-36.31148670951137,-158.02043364694924,22736.983333333334,22790.166666666668,22684.36666666667,22842.783333333333,22631.18333333333,22895.966666666667,22578.56666666667,22665.139865521764,22722.03,22778.92013447824,0.5007486961176908,0.1068738419214658,21.496094778384705,22722.03,22913.79,23032.87375,22758.71483887619,22867.882922782213,23031.80999967716,23.01600869529081,22.08406359079626,196.97354901225103,-2.057131504388084,-117.06301311809756,0
1675119420,0.02342139472597777,0.03540155439117143,0.027261608072811024,0.04697173658226693,0.0685399319931838,0.058939778105489185,0.2731422784020232,-191.90254796731097,-27.10569145628937,-164.7968565110216,22647.8,22795.6,22529.5,22913.9,22381.7,23061.7,22263.4,22666.26648865817,22721.315,22776.363511341828,0.4845539207728866,0.8143590912485033,28.86927279509352,22721.315,22871.5025,23008.4675,22757.784892584124,22847.52693682181,23005.535237803146,26.040017083117345,23.70228493601193,192.26829551137607,-1.824404196938597,-67.31124959849802,1
1675121880,0.030776770875285183,0.05246331304180129,0.045028870305154185,0.05710505904966575,0.25480388555819244,0.24239241361127073,0.2859969223085367,-183.97722717277065,-15.34429652939926,-168.6329306433714,22757.075,22807.25,22705.75,22858.575,22655.575,22908.75,22604.25,22659.49532065658,22741.24,22822.98467934341,0.7189113640541798,0.8838781955235346,33.01215677437484,22741.24,22835.105,22987.76,22773.189928389416,22839.61294830875,22986.34140563141,30.79469507101077,26.61690694980632,187.3705066935392,-1.571026384481158,-46.16081371999416,0
1675124340,0.042985761004313804,0.05351026443065973,0.04977853446627563,0.05141166159306463,-0.21502367310248338,-0.21501456142101252,0.29310927925432967,-175.4359960411748,-5.442452318242715,-169.9935437229321,22799.366915979448,22863.53308402056,22739.83383195889,22923.066168041107,22675.66766391779,22987.23233608221,22616.13457989724,22660.70649101453,22756.345,22851.983508985464,0.8405436724172236,0.764563932127451,33.268995549947384,22756.345,22803.0525,22965.88,22784.443285592944,22833.67423043443,22969.256509857,37.15942924831143,31.331380467479857,184.92261335828653,-1.385905724684592,-39.83321005062419,0
1675126800,0.04961375770295,0.05878938372193618,0.04203834101852217,0.06605625295932788,-0.5657437223812732,-0.5557027251601931,0.2843483524438942,-165.5582679917352,3.5482205849575053,-169.1064885766927,22799.55,22879.8,22726.7,22952.65,22646.45,23032.9,22573.599999999995,22667.569213763367,22773.2,22878.830786236635,0.9276762706745988,0.7301649061433206,34.6300097535594,22773.2,22772.5875,22950.2075,22796.903857061967,22831.519824900897,22955.215413680136,40.90725074237864,36.28712502056696,178.15671240412323,-1.3173213816632143,-29.7163034705439,0
1675129260,0.0555674464955079,0.0710333914899387,0.05582995843451821,0.08211520875231808,-0.39262843130526237,-0.38628719197185424,0.2864758109537908,-153.18046660836626,12.74081757466115,-165.9212841830274,22810.80833333333,22861.416666666668,22771.216666666667,22901.00833333333,22720.608333333334,22951.61666666667,22681.016666666663,22744.195776883367,22809.005,22873.814223116635,0.5682775124704809,0.8650714954169436,37.79871023350793,22809.005,22765.5175,22941.045,22816.71090470798,22836.029856737096,22945.79727904393,44.35332628645611,40.80666875904873,171.47051198295054,-0.3083697078011679,-3.5558537061385205,0
1675131720,0.06466659813829623,0.07641010794458251,0.06543483484923147,0.09129491600352475,-0.5810208940186353,-0.5692961166267223,0.2784764119226591,-140.5285656201595,20.314174850294336,-160.84274047045383,22850.3250311641,22895.599968835904,22811.0500623282,22934.874937671804,22765.7751246564,22980.14987534361,22726.500155820493,22777.96743679546,22832.115,22886.26256320453,0.4743105332514024,0.8634512586588831,39.19262822391616,22832.115,22776.715000000004,22931.7775,22834.96560313865,22842.47442823944,22938.71896675404,48.71215247419686,44.65757650101055,165.380650645158,0.4919923548408293,24.958041220842137,1
1675134180,0.07190466540272146,0.06690769322028568,0.0470342840620711,0.08707428506689836,-0.7317868412817993,-0.7167933854024751,0.25829935674956706,-131.15053988159707,23.7537604710854,-154.90430035268247,22873.020848915377,22915.354151084608,22829.14169783076,22959.233302169232,22786.808395661523,23001.566604338463,22742.9292445769,22793.76560980189,22840.255,22886.744390198102,0.4070829349156443,0.5478066068522468,37.58936669322807,22840.255,22790.7475,22919.9975,22838.21040209244,22842.87907765045,22929.764779444125,51.25352278506936,48.10633384857412,157.32310417050363,0.6180526880832471,24.675327808952527,0
1675136640,0.07077225623709922,0.06137127231649246,0.0411554793150239,0.08052181509128344,-0.7375022857918998,-0.7225409738123811,0.2442086868468708,-123.5529352159756,25.0810921093655,-148.6340273253411,22842.733333333334,22866.566666666666,22820.86666666667,22888.43333333333,22797.033333333336,22912.266666666663,22775.16666666667,22808.699828039964,22844.685,22880.67017196004,0.3150419623648774,0.2834524729059184,36.64869452326695,22844.685,22800.515,22905.0775,22835.17360139496,22840.373790804915,22920.177657592303,51.98076631741762,50.64881385889462,149.4636422073628,0.4296914953637938,40.26270644452468,0
1675139100,0.06743770402978069,0.06613578838273795,0.04861750544911159,0.08890038325682302,-0.745058471567133,-0.7296587988135046,0.2290828706390138,-115.1214451193664,26.81006576477978,-141.93151088414618,22825.86354556218,22851.127091124363,22803.83645443783,22873.154182248712,22778.57290887565,22898.41772781089,22756.5458177513,22820.32863179289,22848.825,22877.321368207107,0.2494339924009796,0.3894595979001256,38.08466623505264,22848.825,22811.0125,22886.21625,22837.62406759664,22840.76491974948,22912.78216639304,55.308709701236445,52.84766626790781,142.0090963354082,0.4616812277488055,72.89325182475478,1
1675141560,0.06815280400683249,0.06822969116045355,0.050271092231131895,0.09169323931200246,-0.6792349144452731,-0.6654968203617011,0.2011962991849116,-106.7329962388976,28.15881171619884,-134.89180795509645,22845.20833333333,22866.416666666664,22821.316666666666,22890.30833333333,22800.108333333334,22911.516666666663,22776.216666666667,22819.727997965,22847.245,22874.762002035004,0.2408780755404438,0.5214412892527169,38.741834680069886,22847.245,22828.125,22870.9575,22841.22437839776,22842.157661613204,22906.65291245084,66.18764985768644,57.82570862544684,134.8655894543076,0.7546092347854463,75.17542040659961,1
1675144020,0.069557357263597,0.051886602530989576,0.03995115549037705,0.06097182270502614,-0.356931745783507,-0.353402068051672,0.20037486491430168,-102.61802351216102,25.819027554348366,-128.43705106650938,22851.341666666664,22870.883333333328,22828.883333333328,22893.341666666664,22809.341666666664,22912.883333333328,22786.883333333328,22799.74718829868,22833.425,22867.10281170132,0.2949869474362258,0.0390139912388926,35.568563982147246,22833.425,22832.77,22852.136250000003,22828.27458559851,22834.924450410803,22896.72168269362,73.49237926458618,64.99624627450304,132.54840449328557,0.2041226625593147,-0.789949471370725,0
1675146480,0.062087684654250096,0.059969422151751176,0.04963780367631596,0.06978006103290002,-0.5172382407781811,-0.5080563970540016,0.18973410575160704,-96.40779674891382,25.623403454076453,-122.03120020299028,22797.61419319528,22849.228386390547,22750.76080680473,22896.08177278109,22699.146613609457,22947.695965976363,22652.29322721892,22797.48185152864,22829.515,22861.54814847136,0.2806292509618414,0.4318674528059502,38.2619183817686,22829.515,22834.885,22834.995,22827.23305706568,22833.14727760884,22889.905331960894,78.03230191092963,72.57077701106742,130.32351845805098,0.0927468865111447,29.674694590491548,1
1675148940,0.06239445842317473,0.092300700634795,0.0863685398556556,0.08900266083101244,-0.5372558220253217,-0.5260271989998473,0.17394090932532147,-83.17633365236543,31.08389324049989,-114.26022689286532,22822.58333333333,22874.566666666666,22773.166666666664,22923.983333333334,22721.18333333333,22975.966666666667,22671.766666666663,22770.596238379432,22846.945,22923.293761620567,0.6683498526439096,0.9538711468853104,47.68267707733472,22846.945,22845.815,22824.43375,22856.90537137712,22848.25686349814,22892.41434796462,79.29858775307473,76.94108964286352,131.88000678987254,0.4792398808257977,145.74949482069113,0
1675151400,0.07871428560204297,0.10481088248471061,0.09291252158875574,0.10546696890868158,-0.18413746356183847,-0.17950000947418498,0.18431124807783553,-69.0499584781137,36.168214731801314,-105.218173209915,22905.645214965483,22987.00478503452,22834.890429930965,23057.75957006904,22753.53085986193,23139.11914013807,22682.77607482741,22756.22860235069,22868.74,22981.25139764932,0.9839754848698772,0.8677849610310201,50.810421634373206,22868.74,22858.7825,22815.685,22888.43691425141,22867.02834286211,22898.041552920367,83.42248524309406,80.2511249690328,131.36944755858005,0.5682060921946395,192.1579614584476,1
1675153860,0.09312960007378013,0.08743858740518215,0.07204918197731146,0.09355514334878917,-0.2971665392804873,-0.2920527005741751,0.17731656337781382,-61.10023481192911,35.29435071838873,-96.39458553031784,22938.922607482746,23007.57739251726,22882.845214965484,23063.65478503452,22814.190429930964,23132.30957006904,22758.113037413703,22766.54099546554,22879.565,22992.589004534464,0.987990851525907,0.6016819395785462,46.64050593719105,22879.565,22863.405,22814.46125,22893.14127616761,22873.48682597809,22898.47092883272,79.5807686319624,80.76728054271041,130.16448701868146,0.2022416114576536,91.1099530030964,1
1675156320,0.09165067934684916,0.08924857116219198,0.07215473006978056,0.11031227967986705,-0.6630316436847292,-0.6490348606719821,0.14209173746864923,-53.76868225509679,34.10072262017685,-87.86940487527364,22891.75,22946.5,22847.8,22990.45,22793.05,23045.2,22749.1,22817.761383061184,22900.620000000003,22983.47861693882,0.7236364512298632,0.5424216590845929,47.12736981596783,22900.620000000003,22867.0225,22821.86875,22897.97751744508,22879.69831216389,22899.345126086744,73.22842057479228,78.74389148328292,124.59559508877568,0.1581664496933534,103.6996844788736,1
1675158780,0.09181625570678034,0.08207961588933228,0.062409122865108906,0.09846054436878453,-0.550431502190832,-0.5394658268547099,0.13789327737543317,-49.023235867203766,31.076935206455914,-80.10017107365968,22909.150000000005,22934.50000000001,22882.30000000001,22961.35000000001,22856.950000000004,22986.70000000001,22830.10000000001,22870.339780054164,22913.08,22955.820219945832,0.3730639437896068,0.2001653239913226,45.361928687565566,22913.08,22871.2975,22831.0225,22894.46834496339,22881.10770995228,22898.212256935625,63.86380487492247,72.22433136055905,119.8101954395773,0.1871331205925225,42.50812041352248,1
1675161240,0.08831438862936904,0.07378385700304071,0.059524141670945996,0.085677857039308,-0.33441852708222347,-0.3295652106768338,0.1444273166877224,-46.61129655057084,26.791099618471065,-73.40239616904191,22882.15,22913.599999999995,22856.0,22939.75,22824.55,22971.2,22798.4,22845.16176417412,22902.645,22960.128235825887,0.5019790144403528,0.1645108835137068,43.33871835267076,22902.645,22874.795,22837.655,22884.3372299756,22878.010853597312,22894.961089608423,57.51463962487637,64.86895502486371,117.33089576532169,0.1532035866503812,-9.214579892994225,1
1675163700,0.0824153701084274,0.06910806563076755,0.05269724511954593,0.08496174010208243,-0.5026875298502402,-0.4935003602334445,0.12482750871127334,-45.24141478909951,22.52878510395392,-67.77019989305343,22859.725,22904.450000000004,22819.35000000001,22944.825,22774.625000000004,22989.550000000003,22734.250000000007,22838.7339963462,22882.525,22926.316003653807,0.3827462542163077,0.1389098517812569,42.19634504759878,22882.525,22875.6325,22843.3225,22873.1914866504,22873.081607488708,22890.764795360003,48.78514056224936,56.72119502068275,113.7855367429062,0.0366640728203208,-33.5769983408086,1
1675166160,0.07712784931251782,0.0787346949266246,0.06269058444502695,0.09820990344075532,-0.4059409765401217,-0.39845761569478866,0.1251205442406235,-41.48875626043446,21.02515490609518,-62.51391116652964,22848.1986231505,22883.397246301,22815.70137684949,22915.894492602005,22780.502753698995,22951.093115752505,22748.00550739799,22838.67368565569,22877.620000000003,22916.56631434432,0.3404752272685146,0.5051994650433201,45.38805510272264,22877.620000000003,22878.5925,22853.35875,22874.802657766933,22873.98040612712,22889.551481516195,47.523427041499794,51.27440240954186,109.87942697555565,0.1295494109550316,31.17315390433737,0
1675168620,0.07929764207576415,0.08870735052896817,0.07335094178443388,0.10411786817286621,-0.35134070083159624,-0.34459808350045384,0.1246329060979937,-35.83423739882346,21.343739014164942,-57.17797641298841,22879.041666666668,22908.083333333336,22848.983333333337,22938.141666666663,22819.94166666667,22967.18333333333,22789.88333333334,22839.30144187917,22877.315,22915.32855812084,0.3323253460542075,0.8789437430248136,48.55700679154749,22877.315,22888.9675,22860.86875,22885.24343851129,22879.82487774037,22891.129911847987,53.15261044176743,49.82039268183888,107.23803933444464,0.4549964641841036,71.7059360597486,0
1675171080,0.08536911334512379,0.12643309040545234,0.13477993160160398,0.11074194984220265,0.8172047029311478,0.8045011488801476,0.1492460519405659,-22.51591934600583,27.72964565358606,-50.24556499959189,22904.00833333333,22941.516666666663,22868.61666666666,22976.908333333333,22831.10833333333,23014.416666666664,22795.71666666666,22786.259900469613,22902.310000000005,23018.3600995304,1.013435758492413,0.9744287184827464,58.39277626183028,22902.310000000005,22907.695,22871.29,22927.637292340863,22903.93399087849,22902.68182500532,63.242471698388194,54.63950306055182,115.93532223912716,0.8204765357511404,214.92063097333408,0
1675173540,0.10726865362629338,0.16174551860592337,0.1615187816938432,0.13427413132294724,0.1366168106838604,0.14172128665850003,0.16701155296419865,-3.887426064218744,37.08651114829852,-40.973937212517264,23003.80833333333,23122.61666666667,22893.61666666667,23232.80833333333,22774.80833333333,23351.61666666667,22664.61666666667,22757.920951742304,22951.88,23145.83904825769,1.690136479083136,0.9125742042912336,65.11606910808729,22951.88,22927.2625,22886.53875,22989.06652822725,22941.750537991487,22922.609746433387,73.04028909409719,63.14512374475095,124.74554087628086,0.8538700703649285,244.13520689084345,1
1675176000,0.13587551278217086,0.16485975536430586,0.16102622392898563,0.16313424957755243,0.16612233222280506,0.1720886314744487,0.18237163252220118,11.451848456428706,41.940628535156776,-30.48878007872807,23084.215538946908,23217.70946105309,22978.431077893816,23323.493922106187,22844.93715578763,23456.987844212374,22739.152694734537,22804.30595423837,23005.840000000004,23207.37404576163,1.752025101118896,0.7849642589318463,65.64333899330744,23005.840000000004,22944.182500000003,22901.4825,23032.9443521515,22974.286803811217,22941.475484868304,79.7351767528403,72.00597918177523,127.06919449794924,0.7372067185151329,194.2301777379394,1
1675178460,0.1517361378988964,0.17411374094548482,0.16714801329220935,0.17913529023589453,-0.2787222472425485,-0.2661682988836329,0.1896228035107962,25.419350163989293,44.72650419417389,-19.3071540301846,23113.541102806787,23195.758897193213,23038.48220561357,23270.817794386425,22956.26441122715,23353.03558877285,22881.205514033936,22881.03882638004,23059.590000000004,23238.14117361997,1.548606663171048,0.7441456928912906,67.22847341822947,23059.590000000004,22968.605000000003,22916.005,23070.887901434333,23005.64829402736,22961.02781964276,84.40166596316152,79.05904393669967,127.27770530451129,1.066365972348067,162.59708040887892,1
1675180920,0.1642936725283506,0.17571965790635974,0.17059591764620835,0.18844063753117604,-0.26608013318163026,-0.2537962096782993,0.20156511841699074,36.43383896433807,44.59279439561813,-8.158955431280067,23142.928884736728,23209.84611526328,23079.857769473456,23272.917230526546,23012.94053894691,23339.83446105309,22949.86942368364,23007.87694294141,23108.625000000004,23209.3730570586,0.8719519838033978,0.7117906848326431,67.50863082615047,23108.625000000004,22992.97,22929.99625,23097.69193428956,23032.13042238602,22979.14897967678,84.92551590545712,83.020786207153,126.31501206847472,1.0636184855277508,132.32920026448593,1
1675183380,0.17137543811236833,0.16875476942963497,0.15040104928707057,0.18160172078067247,-0.07154370523708967,-0.06337352407920574,0.2008782703582996,43.08269669721267,40.99332170279419,2.0893749944184803,23156.36666666667,23210.733333333337,23096.93333333333,23270.166666666668,23042.56666666667,23324.533333333336,22983.13333333334,23102.53554440893,23132.475,23162.414455591075,0.2588521599273147,0.4866397036251085,64.9166183258948,23132.475,23017.3925,22944.345,23109.019622859705,23050.22943649765,22993.67526732661,83.1665337356013,84.16457186807332,122.68536834929796,1.0670695075248755,90.51523941052248,1
1675185840,0.1714337041011089,0.17183351631042826,0.1585282524072112,0.1957450302908773,-0.5542376000644961,-0.5382716355022219,0.19475336527665565,48.49296760818834,37.12287409101589,11.370093517172451,23124.325,23165.75,23090.25,23199.825,23048.825,23241.25,23014.75,23116.2770248574,23138.160000000003,23160.042975142605,0.1891505214122638,0.5500388997776529,65.54635283770948,23138.160000000003,23045.02,22959.9075,23119.46308190647,23066.61499349808,23007.64428948598,81.45688513737191,83.18297825947678,118.14355632434798,1.2083366591475833,88.61989539159785,1
1675188300,0.17300228681615656,0.17096401430951316,0.14924002026990651,0.19424118472270335,-0.4827411901138458,-0.4679225612095638,0.19489981122777617,51.983715842048696,32.490897859901,19.492817982147702,23148.08333333333,23173.766666666663,23114.666666666664,23207.18333333333,23088.983333333334,23232.86666666666,23055.566666666666,23127.89952551577,23141.6,23155.300474484226,0.1184055941181541,0.3649681803262441,65.19045826516826,23141.6,23073.72,22974.67625,23125.608721270983,23079.57590377116,23020.04959524922,80.34798080105962,81.65713322467762,112.34044515832298,1.2559680362699062,71.02262779895067,0
1675190760,0.17335180563009084,0.17100837665649868,0.16201133945870075,0.184895858691909,-0.15655655969891535,-0.14564652525620528,0.20566875562634526,54.136197041316336,27.714703247334903,26.42149379398143,23137.06666666667,23155.93333333333,23119.03333333334,23173.966666666667,23100.16666666667,23192.833333333336,23082.133333333342,23127.0338772988,23139.85,23152.666122701205,0.1107710093298447,0.4288006192455792,65.20084000655649,23139.85,23099.72,22989.15625,23129.747480847323,23090.2030121764,23031.28534808263,80.8734690499837,80.89277832947175,111.40898478987154,1.1364617356611857,63.91690646320501,1
1675193220,0.17354874730968833,0.17208194545354868,0.15676911753272177,0.19416957302898055,-0.5093880155580772,-0.49387808435309344,0.20856951732858955,55.44698775821962,23.22039517139055,32.22659258682907,23140.50833333333,23188.916666666664,23089.61666666666,23239.80833333333,23041.20833333333,23288.216666666667,22990.31666666666,23131.18841916848,23137.8,23144.41158083152,0.0571496065444333,0.7457808565623314,65.4692372930738,23137.8,23123.2125,23006.09,23133.514987231552,23099.44791905341,23041.739124455715,80.93139688844813,80.7176155798305,107.629771590595,1.0255990482894983,59.75707484709989,1
1675195680,0.17418402914718975,0.16356437483232955,0.14924002026990651,0.17017965563192425,-0.3863417396327755,-0.3739496309173025,0.2086340496628674,53.92755612322071,17.360770829113306,36.566785294107405,23145.18333333333,23172.36666666667,23113.86666666667,23203.68333333333,23086.68333333333,23230.86666666667,23055.36666666667,23116.87700008082,23134.875,23152.87299991918,0.1555919357176406,0.0048060873418723,61.42160487117967,23134.875,23133.675,23020.685000000005,23128.02665815437,23102.648297407337,23048.911588793264,79.20597484276801,80.33694692706662,107.37764504840952,0.4546456968355138,30.21966881741186,1
1675198140,0.17024267372054244,0.13165897488034564,0.14452553880627564,0.10375980970425343,1.3821279026698532,1.3565429950800705,0.1897341688935654,44.95104921690654,6.7074111382393085,38.24363807866723,23107.716666666664,23164.433333333327,23060.33333333333,23211.816666666666,23003.616666666665,23268.53333333333,22956.23333333333,23025.439783535705,23112.235,23199.030216464296,0.7510759254939703,0.0098520202723387,49.16087052795467,23112.235,23125.1975,23026.230000000003,23094.40110543625,23088.921334242368,23046.83905652724,68.45153906253888,76.19630359791834,119.43638468780892,-0.3668019864204364,-60.65232517915128,0
1675200600,0.1523185055300848,0.09956725307102207,0.1219919052040241,0.08392337054310485,0.7394611115423297,0.7204103814168835,0.12393516415822362,30.1925204530744,-6.440894100474267,36.63341455354866,23011.45,23157.4,22881.2,23287.65,22735.25,23433.6,22605.0,22913.33669926201,23072.0,23230.663300737982,1.3753753531378814,0.0737041919246581,40.42081986729725,23072.0,23106.8,23025.491250000003,23041.842403624167,23061.24927347103,23036.352003524644,51.707900109933625,66.45513800508019,130.01610813843016,-0.7957155276440686,-140.15252105835813,0
1675203060,0.12730976541266617,0.15392887306707487,0.20968389455736408,0.10418947986658902,0.2486823959306815,0.25012972192003763,0.12313680318439812,30.504584578811773,-4.903063979789508,35.40764855860128,22941.492504332167,23072.885008664336,22805.33249566783,23209.04501732868,22673.93999133566,23340.43752166084,22537.779982671324,22915.499651486138,23062.375000000004,23209.25034851387,1.27372266311571,0.5937019053180299,55.0116120496966,23062.375000000004,23101.1125,23034.85875,23057.86160241612,23066.45849647629,23041.45181271277,44.59348532713849,54.91764149987034,153.60067184282806,-0.2457145757886357,-2.706842348546585,1
1675205520,0.14198755223755025,0.18560358881473357,0.19529417128404009,0.1693003994683146,0.22093368162486196,0.22803666521141958,0.1403252431284111,37.52110679038378,1.6907665854259974,35.830340204957785,23094.5,23322.3,22862.1,23554.7,22634.3,23782.5,22401.9,22904.775671829622,23069.995000000003,23235.214328170383,1.432330853737769,0.8303336274537871,61.00411371801385,23069.995000000003,23103.897500000003,23048.433750000004,23098.29106827741,23086.94786075333,23054.56592578775,52.25431896939214,49.518568135488096,159.59031112197408,0.1202956205483155,96.66359248224366,1
1675207980,0.1651645883094388,0.15887083852126113,0.15251201113645788,0.16803130482024756,-0.2479840880566162,-0.2370079816044029,0.15137744293866656,36.581959157963865,0.6012951624048597,35.980663995559006,23171.231459416376,23293.918540583625,23056.46291883276,23408.68708116725,22933.775837665504,23531.374162334498,22819.00729708188,22904.82714314266,23067.35,23229.87285685734,1.4091159743736514,0.6122149853420904,54.41615075746848,23067.35,23101.1125,23059.2525,23100.135712184943,23090.01643152545,23059.25726618892,60.79560113519107,52.5478018105739,157.77314604183317,-0.1203976798048657,-8.860271032313712,0
1675210440,0.16338606885717286,0.1467687902636115,0.13382999876937943,0.15052224570508205,-0.35680970238385185,-0.3455785872326825,0.15704369521131994,32.7090433871781,-2.617296486704724,35.32633987388282,23104.408333333336,23163.81666666668,23044.41666666667,23223.80833333333,22985.00833333333,23283.216666666674,22925.01666666667,22918.27268229043,23075.865,23233.457317709566,1.365862711621587,0.4805193549747932,51.69447682818053,23075.865,23094.05,23069.535,23089.99880812329,23086.327080339004,23060.254193218538,59.4943240454076,57.51474804999695,154.73220703884516,-0.3052028167248983,-68.68079129962263,1
1675212900,0.1564454851569534,0.15471852284341656,0.13618723950119552,0.1722563947498781,-0.4197969199238834,-0.4071191711879158,0.15995916803030147,31.08884962502634,-3.389992199085185,34.47884182411153,23059.041666666668,23121.983333333337,23006.783333333336,23174.24166666667,22943.841666666667,23237.18333333333,22891.583333333336,23031.47956817136,23106.945,23182.41043182864,0.6531839828124502,0.4018093473999368,53.34523187420856,23106.945,23089.4725,23081.59625,23090.707538748866,23087.381247550096,23063.289508150105,53.8812564499483,58.05706054351567,148.0513351074991,-0.1978355857705386,-19.52133017375122,0
1675215360,0.1569502565625488,0.16375069668966794,0.15764868496996648,0.18439556996134754,-0.47213761736157384,-0.4576195097752034,0.16329618111502356,31.495377593422745,-2.386771384551025,33.88214897797377,23088.975,23121.150000000005,23059.950000000004,23150.175000000003,23027.775,23182.35000000001,22998.750000000004,23038.78835596158,23112.48,23186.17164403842,0.6376783801514968,0.5345697267748897,55.21770933845054,23112.48,23087.4275,23093.573750000003,23099.663359165912,23092.871020722803,23068.459554992955,54.76812435500506,56.047901616786994,143.78318448263684,-0.0883826515011576,44.08483910837384,1
1675217820,0.16171895297327712,0.15683017055992737,0.1333022583070326,0.18056335122169487,-0.6183894120335531,-0.6024170542513018,0.158400420247485,29.899405174433923,-3.1861950428318835,33.08560021726581,23129.092591213524,23167.48240878648,23079.18518242705,23217.389817572952,23040.795364854097,23255.779635145904,22990.88795606762,23064.819084508807,23096.265000000003,23127.7109154912,0.2723030368000756,0.5287795723502532,53.44767816184214,23096.265000000003,23083.13,23103.171250000003,23099.13390611061,23093.8171987732,23071.280073565053,56.59668472652222,55.0820218438252,136.19688559101996,-0.1857089457911468,-3.5031932380309634,1
1675220280,0.16064286664800723,0.15276657957605383,0.13266896975221668,0.1669571294144092,-0.6037407139883839,-0.5882237612418362,0.1506939308375067,27.39487515756992,-4.552580047756717,31.94745520532663,23095.95833333333,23111.916666666664,23082.116666666665,23125.75833333333,23066.158333333333,23141.716666666664,23052.316666666666,23061.678057917696,23092.825,23123.971942082306,0.26975428153381,0.4004717704932738,52.38580723868038,23092.825,23080.0875,23106.88125,23094.96427074041,23092.50952626898,23072.741495130285,56.24193756449952,55.86891554867561,131.18282233451853,-0.1316128139187435,-23.421647356699488,1
1675222740,0.15807292731225484,0.16070743968646126,0.14427925992384685,0.1824968669522044,-0.7677141776729626,-0.7492798327387539,0.14442455292424605,26.9053445157806,-4.033688551636828,30.939033067417427,23078.875,23115.75,23049.75,23144.875,23012.875,23181.75,22983.75,23078.191238338208,23100.68,23123.1687616618,0.1947021616834874,0.6849812836545608,54.29668466902431,23100.68,23088.2725,23106.735,23099.64284716028,23095.50779422008,23076.194686070256,55.68885448916408,56.17582559339528,125.78404931062424,0.355449979697872,34.243573396247605,1
1675225200,0.16075858444555446,0.1680360994084691,0.14885301059751935,0.18823761331385142,-0.41667698459127056,-0.4027650421639587,0.14500565173844482,27.86248894724849,-2.461235296135147,30.32372424338364,23111.8,23138.2,23082.6,23167.4,23056.2,23193.8,23027.0,23078.296831754305,23108.185,23138.0731682457,0.25868036148836,0.8590885835415604,56.049755237169805,23108.185,23107.565,23107.182500000003,23109.645231440183,23101.71546799824,23081.28566834928,57.72542569659445,56.55207258341935,120.55426108468436,0.8411183375133238,64.57437466069513,0
1675227660,0.1657659244510601,0.17173591914706088,0.15121025132933544,0.19328928375108698,-0.6710685671013559,-0.6535759003146261,0.1389329944155959,29.126491120652645,-0.9577864981847952,30.08427761883744,23128.360995284176,23155.28900471581,23102.721990568352,23180.92800943164,23075.79398113671,23207.856018863284,23050.154976420887,23073.247167895734,23112.685000000005,23152.12283210428,0.3412656911498716,0.847255395879497,56.94757670610733,23112.685000000005,23112.5825,23106.8475,23119.7884876268,23108.6899283622,23086.884652316014,61.17292311661512,58.19573443412455,115.16885008390196,0.2173028033902237,83.85355676621707,1
1675230120,0.17011959599134283,0.16142610970762714,0.1444199907138065,0.17723340746359628,-0.5415093647209523,-0.5263947869150335,0.07989841387579837,27.46750147165949,-2.093420917742364,29.560922389401853,23138.77216430876,23162.002835691244,23116.84432861752,23183.930671382488,23093.613657235022,23207.16134276497,23071.685821543782,23078.39745939484,23115.275,23152.15254060517,0.3190750757251604,0.442376851462204,53.65815766678441,23115.275,23105.77,23104.83375,23116.86732508453,23109.1144868418,23089.183733047823,61.30353457172357,60.0672944616444,111.9925036493376,-0.2939063770673212,30.315827998192376,0
1675232580,0.16714127160174422,0.1476471647339255,0.13868521102297,0.15947370742040157,-0.46272365446115227,-0.44967140410696177,0.03313461357818397,22.757552299695817,-5.4426960717648285,28.20024837146065,23107.70833333333,23144.716666666664,23074.016666666663,23178.408333333333,23037.00833333333,23215.416666666664,23003.316666666666,23065.974845135617,23112.39,23158.80515486438,0.4016473836274155,0.0670595076389644,49.539588539054535,23112.39,23102.6075,23101.86,23101.978216723022,23102.402761961468,23087.56623466232,57.59803921568639,60.02483230134171,111.42161053152776,-0.1368820963628317,-43.77956059332283,0
1675235040,0.1587622955273592,0.14640501901833103,0.13347817179448154,0.16409266166550696,-0.4960190233820663,-0.48216839953441265,-0.013066917558755413,18.5288735775066,-7.737099835163235,26.26597341266984,23072.8,23124.5,23020.5,23176.8,22968.8,23228.5,22916.5,23045.914493487755,23104.33,23162.74550651224,0.5056671759124213,0.1950296066291081,49.17316779455223,23104.33,23102.505,23098.2775,23090.88547781535,23096.274987059383,23085.76945040876,50.94614169748971,56.61590516163324,108.91292406499,-0.0044430525287918,-92.56828654316148,1
1675237500,0.15395170385646292,0.13245749712608496,0.12612498801911654,0.13566281925765167,-0.43790340623074553,-0.42617545357553,-0.02171102049981656,11.869608213080935,-11.517092159671122,23.38670037275206,23071.0,23108.0,23031.7,23147.3,22994.7,23184.3,22955.4,23008.23341295577,23084.28,23160.32658704424,0.6588603763620201,0.1391685535599319,45.13614406638269,23084.28,23096.2325,23092.8525,23070.39031854357,23084.11589850313,23080.40093132221,39.06027156869956,49.20148416062523,110.76200091749094,-0.2716293974677451,-173.21482014759334,1
1675239960,0.14457230150542605,0.11254767579898571,0.1143131283995799,0.1305067773096284,-0.36813383406395916,-0.3590984041882245,-0.03962882258770653,2.041755198642932,-17.075956139287303,19.117711337930235,23024.466666666664,23094.33333333333,22959.53333333333,23159.266666666663,22889.66666666666,23229.13333333333,22824.733333333323,22957.674573721808,23050.925000000003,23144.1754262782,0.809081859215584,0.0837820635349132,40.077969435455486,23050.925000000003,23081.805,23084.61625,23038.02687902905,23063.96755332074,23070.20084262486,26.775280652647258,38.927231306278856,111.10950641652356,-0.6240922761145916,-204.8077999351531,0
1675242420,0.12992719637253955,0.11259203814596994,0.1007582631289783,0.12373947225284633,-0.4970688522580252,-0.48526443203689434,-0.09820042001097078,-5.671425997268671,-19.831309868159124,14.159883870890456,22989.77569263465,23039.351385269303,22923.724307365355,23105.4027705386,22874.148614730704,23154.97846317325,22808.097229461408,22936.332430260405,23023.405,23110.4775697396,0.7563830783465554,0.2129980190691779,40.09407852338527,23023.405,23069.340000000004,23076.235,23016.4929193527,23047.505270898782,23060.98409570821,18.886296986251946,28.240616402532936,110.03025595820046,-0.5396553608904701,-182.68363026333776,1
1675244880,0.12262682607873115,0.11835027078469074,0.09790846463230596,0.14396977572946842,-0.5788952529908394,-0.5652976079091608,-0.12579405255449796,-10.355583048229164,-19.612373535295696,9.256790487066532,22970.675,23020.05,22924.05,23066.675,22874.675,23116.05,22828.05,22932.74602562373,23006.895,23081.043974376265,0.6445804562177118,0.3837138332319327,42.26374229293348,23006.895,23059.6425,23069.865,23007.54527956847,23036.986130735368,23054.19037230743,20.2036895121064,21.95508905033521,104.7263091040434,-0.4200484046498721,-119.61174029908476,1
1675247340,0.12185589991949575,0.12043530109301,0.10448762906289664,0.1329057690493343,-0.4752280285524743,-0.4638921429532619,-0.14544306699747642,-13.4388333525676,-18.156499071707305,4.717665719139707,22992.216666666664,23006.633333333328,22975.233333333326,23023.616666666665,22960.816666666666,23038.03333333333,22943.833333333325,22951.16410481512,22992.26,23033.35589518489,0.3574759087178721,0.5397241620520782,43.06780233699434,22992.26,23048.295,23068.28375,23003.53851971232,23029.447743328936,23048.60319399244,25.184322856034623,21.424769784797665,103.03157273946886,-0.4910424509931133,-97.727082169354,1
1675249800,0.1225130036535951,0.14046046452227184,0.12855259414591116,0.14965344095303398,-0.2831986933862995,-0.2731723771217784,-0.14802558212714306,-11.200196601232165,-12.734289856297496,1.5340932550653332,22990.108333333337,23033.31666666668,22952.31666666668,23071.108333333337,22909.108333333337,23114.31666666668,22871.31666666668,22938.85346176567,22996.77,23054.68653823433,0.5036928075928124,0.9763751570988372,50.23590679625864,22996.77,23040.525,23074.045,23019.675679808213,23033.53906272368,23048.92193742173,36.63329841872881,27.34043692895662,103.0026341602926,-0.3359324503397186,-15.589220341115755,0
1675252260,0.13285463338685433,0.1499717517159663,0.13147275803756336,0.16008662606506965,-0.49316327852558306,-0.47934830585655336,-0.16835546641909602,-7.180749612565705,-6.971874294104831,-0.2088753184608744,23047.307855789662,23100.94214421033,22998.315711579333,23149.934288420667,22944.681423158665,23203.56857684133,22895.68927894833,22937.168757593805,23017.86,23098.5512424062,0.7011185436543247,0.8773024072022724,53.24686693633601,23017.86,23034.3925,23073.4875,23039.367119872142,23041.75923313755,23051.762705286324,49.715131510058576,37.17758426160734,101.48731859995031,-0.2650164271291287,17.37776595366281,0
1675254720,0.14278132750584485,0.14394734499533368,0.1272860170362793,0.1579340560053669,-0.5923335670070518,-0.5773866120006452,-0.19473220722156614,-5.303909383692371,-4.076027252185197,-1.2278821315071735,23068.7205945615,23114.6294054385,23032.841189123,23150.508810877,22986.932378246,23196.417621754,22951.05297280749,22963.24302052886,23035.53,23107.81697947114,0.6276129046836822,0.6815333839649541,51.136399152849215,23035.53,23029.4675,23067.61875,23046.836413248097,23045.398463476173,23052.71625716382,59.67348927875266,48.67397306918002,99.65965298566827,-0.2131017555474064,3.006108743977625,1
1675257180,0.14473232194187638,0.1516131585544304,0.14389225025145969,0.17057351994739778,-0.07356689228158574,-0.06552410566156568,-0.1968589680901318,-2.04993018006644,-0.6576384388474128,-1.392291741219027,23057.091666666664,23097.383333333328,23021.483333333326,23132.991666666665,22981.191666666666,23173.28333333333,22945.583333333325,22991.288945979548,23054.275,23117.26105402045,0.5464153960205089,0.7310035169892437,53.65366298025109,23054.275,23030.585,23066.59625,23059.0159421654,23052.303288298684,23055.63613743393,64.04901141743257,57.81254406874795,98.8125349152636,0.0484349130121933,57.9702753447326,1
1675259640,0.14954091587075016,0.1527577071066562,0.14195720188952132,0.17315154092141005,-0.5637008698584077,-0.5484683453671679,-0.20721954497325554,0.7801097108713293,1.737921161672285,-0.9578114508009556,23091.791666666668,23131.483333333337,23043.68333333333,23179.59166666667,23003.991666666665,23219.28333333334,22955.88333333333,23045.754768542727,23072.49,23099.22523145727,0.2317498584441545,0.7638840068123528,54.034410212922666,23072.49,23032.375,23067.44,23068.210628110268,23058.53905406256,23058.58507672594,65.14202172096897,62.95484080571808,97.11878242131635,0.0775943161079636,67.5446812953557,1
1675262100,0.15251751546909895,0.1494039136745522,0.14392743294894897,0.16359137980944854,0.33929802637339845,0.34020135586417916,-0.23407080494494636,2.234641138686129,2.553962071589668,-0.3193209329035387,23093.43333333333,23127.566666666666,23052.46666666666,23168.533333333333,23018.33333333333,23202.666666666664,22977.366666666658,23060.41201527412,23077.53,23094.64798472588,0.1483519659675803,0.4889005625930109,52.66899988116393,23077.53,23037.15,23066.69125,23071.19041874018,23061.92286241482,23060.3531646568,69.18561453611291,66.12554922483815,97.85315510550816,0.2073436563696839,62.69083960342801,1
1675264560,0.1523288354572749,0.1299199708785129,0.12302891064001413,0.13233287549955305,0.2934619608896087,0.29097450795046226,-0.2810081780946866,-1.0307218866837502,-0.5691207630241693,-0.461601123659581,23083.25,23133.9,23026.5,23190.65,22975.85,23241.300000000003,22919.1,23019.0518546245,23066.23,23113.4081453755,0.4090668078441886,0.0338943524596518,45.478999826563005,23066.23,23042.045,23061.925,23054.87694582679,23054.70961470303,23056.724291832343,62.00515481341807,65.44426369016666,100.52792974082897,0.2130734374251721,-44.02799990102325,1
1675267020,0.14249204131126483,0.11819056633554262,0.11225097593428417,0.1326551281213051,-0.23729119102516993,-0.23006519045722476,-0.32004910379428464,-6.21377585942173,-4.601739788609719,-1.612036070812011,23016.05,23086.8,22951.5,23151.35,22880.75,23222.1,22816.2,22973.52257324992,23051.715000000004,23129.907426750087,0.6784087583078615,0.1002490100491972,41.78123804566168,23051.715000000004,23043.6225,23056.48125,23032.9846305512,23042.79877566612,23050.29340689593,49.33831395727723,60.17636110226941,100.75920683934604,0.0686662959484772,-69.80186996845224,0
1675269480,0.1317086513542882,0.11332845310592976,0.10156145053431814,0.1234172196310956,-0.13874290781791293,-0.13429870666666666,-0.3367241917143933,-11.296638363881357,-7.747681834455476,-3.5489565294258805,22995.121936373354,23044.043872746708,22940.27806362664,23098.887745493423,22891.35612725329,23147.809681866776,22836.51225450657,22940.15539242148,23030.140000000003,23120.124607578524,0.7814508081889281,0.1963925193965865,40.31785106410827,23030.140000000003,23042.2075,23050.925,23013.82308703413,23030.56263463592,23043.17022528679,34.09909774849402,48.480855506396445,100.64661381939528,-0.0615494363768106,-95.7679757342862,0
1675271940,0.12388577929529884,0.11719684976306731,0.10870955276167125,0.12653232830802574,-0.17525568883019063,-0.16976929612856842,-0.3533640006146088,-14.280685757810716,-8.585383382707867,-5.695302375102848,22971.827634853344,23023.25526970669,22924.07236514665,23071.01053941338,22872.64473029331,23122.43817426672,22824.88946058661,22936.132520652285,23010.1,23084.067479347712,0.6429131498577876,0.3397944596125422,42.05673836065087,23010.1,23041.295,23044.795,23004.68205802276,23022.53306470211,23037.76353716424,28.730938656392407,37.38945012072123,101.37185568943868,-0.0396816337091673,-64.32523309217457,1
1675274400,0.12190863743934101,0.133238274433029,0.13724272042588917,0.13326382751794708,-0.09408261103742646,-0.08823875586393315,-0.35527797411579226,-12.850173764367357,-5.723897111411604,-7.126276652955751,22985.13333333333,23041.166666666664,22930.36666666666,23095.93333333333,22874.33333333333,23151.966666666667,22819.56666666666,22957.25834554866,23000.99,23044.721654451343,0.3802588884334235,0.849975325471113,48.72794410679483,23000.99,23039.26,23039.8925,23013.654705348505,23024.181598392635,23037.176533624788,35.26108075288358,32.69703905259001,106.49529456876438,-0.0882788657792602,8.75775480536291,0
1675276860,0.12894117629519267,0.14524272552731,0.17091256192361695,0.12782133879503255,2.140732159763045,2.1113747960870137,-0.29141082824114434,-8.884670934578025,-1.4067154252978191,-7.477955509280206,23033.5,23119.1,22946.0,23206.6,22860.4,23292.2,22772.9,22941.99283308917,23009.625,23077.25716691083,0.5878597926809259,0.9125255965372936,53.081366487404026,23009.625,23037.9275,23036.16,23030.91147023234,23031.680398684883,23039.86686375576,43.21249775361365,35.73483905429655,119.17420209956693,-0.0577370958132512,63.65732198401224,1
1675279320,0.13845996869741242,0.18264905650549793,0.2670668741632085,0.05524288720722164,4.342972326627406,4.295808549674871,-0.19875354708913778,2.7314315210642235,8.167509624275544,-5.436078103211321,23071.608333333334,23210.516666666663,22926.516666666663,23355.608333333334,22787.608333333334,23494.516666666663,22642.516666666663,22905.41283409338,23045.95,23186.487165906623,1.2196257121674068,0.944277494833542,63.48544414243136,23045.95,23048.8325,23039.15,23077.549313488227,23056.979417105813,23052.33906720759,52.52871264192729,43.667430382808185,164.9474733781693,0.4728603934432595,141.25350339704272,1
1675281780,0.1619234571820594,0.29651832874792217,0.32691264259333813,0.18941279877353132,3.4707740432302945,3.502988298519832,-0.11583806980428327,37.39611086356672,34.26575117342243,3.130359690144288,23130.275,23530.55,22770.55,23890.275,22370.275,24290.55,22010.55,22785.74739517477,23149.185,23512.622604825232,3.139960260590001,0.9711812914416186,78.85603940644783,23149.185,23089.6625,23060.12375,23215.591208992155,23136.01497763203,23094.18058461639,62.94678240964441,52.89599760172846,192.83586165347864,1.7688054714702808,365.60545884647024,0
1675284240,0.23059265881691454,0.3502411309473812,0.3760980536840634,0.2586899350306962,2.6005858321935293,2.6510146921128976,-0.0482847839899621,76.20437974029846,58.45921604012334,17.745163700175123,23418.830030255835,23732.94496974417,23177.56006051167,23974.21493948833,22863.44512102333,24288.32987897667,22622.17515127917,22793.66845066321,23280.515000000003,23767.361549336794,4.182437968720118,0.8723298444796015,82.5814451569704,23280.515000000003,23145.307500000003,23088.84125,23358.07747266144,23228.20316351711,23146.453862271974,75.07825764137941,63.51791756431705,214.89793972224825,2.4102726256789686,276.4123804693009,0
1675286700,0.29178999179203274,0.3760245270153638,0.36733756200910556,0.32042905350241047,0.5083254903108928,0.5464451793858821,-0.05221035867139484,111.53673421932764,75.033256415322,36.50347780400563,23580.38168179458,23862.568318205413,23360.86336358916,24082.08663641084,23078.67672717833,24364.273272821665,22859.158408972908,22903.4453634036,23417.335,23931.22463659641,4.388967716406726,0.7903006586940851,84.03527882997915,23417.335,23209.1625,23123.15625,23477.284981774297,23316.838951968544,23200.66778015084,86.45386302260043,74.82630102454142,221.28933526409625,2.767022790942552,196.0174150402912,0
1675289160,0.3352809951334689,0.38105521716352114,0.3824661219297146,0.36430508661062383,0.6625226174402238,0.7045172773131828,-0.04093329761634173,139.078473663365,82.0599966874875,57.01847697587751,23653.774174230624,23836.92582576937,23532.54834846125,23958.151651538745,23349.396696922504,24141.30330307749,23228.17087115313,23134.874505837262,23550.225,23965.57549416273,3.527359030860522,0.7162631350206289,84.31043897416154,23550.225,23279.925,23160.985,23561.4816545162,23391.93641524699,23251.06846775552,89.79004424375825,83.77405496924604,221.5428640776653,3.073657005722725,153.26892598176534,1
1675291620,0.3595419665206884,0.38047850665270944,0.37001144701832894,0.3887808425610248,-0.17690313144779074,-0.14544114484039655,-0.03569231314431428,158.9421900521265,81.53897046099922,77.40321959112731,23713.678753781976,23834.196246218016,23609.35750756396,23938.51749243604,23488.84001512792,24059.03498487208,23384.51876890989,23480.05305793263,23661.71,23843.36694206737,1.5354506674908073,0.683147418542705,84.13142068829895,23661.71,23353.83,23198.72625,23617.0711030108,23453.084339747536,23296.51432796928,91.92710015676282,89.39033580770717,214.36707873833424,3.214770413933496,120.04671028426628,1
1675294080,0.37138408267007667,0.37998164836647114,0.3639248403525958,0.3948613446864441,-0.2290009143391843,-0.19873553667110927,-0.030023013303888946,172.58194289173116,76.14297864048308,96.43896425124808,23724.122710224325,23786.72728977568,23665.64542044865,23845.204579551355,23603.04084089729,23907.80915910271,23544.56355112162,23642.29852228082,23708.745,23775.191477719178,0.5605229439110236,0.6362374697761731,83.96600416687164,23708.745,23428.965,23235.58625,23653.66406867387,23502.859914338893,23337.49867768649,91.75781249999991,91.15831896684034,205.2551445427389,3.2702226284520406,97.7056014198444,0
1675296540,0.3770566992912916,0.4520882071567305,0.5105663234900338,0.39901482292235185,4.866320530243007,5.01480228215936,0.10907839343103089,197.50930545390656,80.85627296212678,116.65303249177978,23723.55,23768.6,23681.8,23810.35,23636.75,23855.4,23595.0,23601.952318972133,23766.14,23930.327681027866,1.3816941331479689,0.99907824683932,87.73493011326879,23766.14,23523.3275,23282.31125,23745.78437911592,23580.52629355,23393.92975600206,88.6712733738561,90.78539534353962,225.73691993254323,4.105144781261964,119.1830896444043,0
1675299000,0.4159480735384037,0.5097326408297103,0.539380952734171,0.4456863179207242,1.0560046504520133,1.1371161393994171,0.15249407397666626,227.7454521285072,88.8739357093819,138.87151641912527,23934.075,24178.050000000003,23686.050000000003,24426.075,23442.075,24670.050000000003,23194.050000000003,23545.86469221777,23841.49,24137.115307782224,2.4799230902282177,0.9244562177079814,89.79924302615845,23841.49,23629.4125,23334.33625,23861.33958607728,23673.60333108636,23460.455493525675,87.69323992612239,89.3741085999928,241.2952816277815,4.606062974348297,123.1033962118063,1
1675301460,0.464217405720341,0.46870634233750386,0.4552239403385968,0.48774171144459993,0.21081964062983602,0.25917499362704394,0.17187249131757343,239.6176986441788,80.59694578004277,159.02075286413597,24058.96533877804,24297.484661221963,23853.930677556084,24502.51932244392,23615.411355112163,24741.03864488784,23410.376693890204,23603.95923329133,23890.885,24177.81076670866,2.4019685056343487,0.6498035554389362,79.53863122166729,23890.885,23720.555,23379.24125,23899.843057384853,23728.739089070656,23509.635922713707,84.24614730974079,86.87022020323975,235.0991900829399,3.9514771568267193,94.37153423426152,0
1675303920,0.46783790608097986,0.44514106361879835,0.4347648513580064,0.44896397929383475,0.11142906859031994,0.15354625700285962,0.18825017654528314,240.89176416335613,65.4968090393761,175.39495512398005,23979.849999999995,24021.79999999999,23934.89999999999,24066.75,23892.95,24108.699999999983,23848.0,23690.341840257865,23927.325,24164.308159742137,1.9808579499976384,0.4643962043160327,74.2879699681395,23927.325,23794.5175,23421.675,23903.378704923234,23761.777436512355,23547.80869197907,82.35006518904822,84.76315080830382,228.82424793415848,3.192052937260542,72.00443796792557,0
1675306380,0.4578649330390342,0.44013699087883135,0.4248786885585166,0.45734254745937436,-0.35574113322798256,-0.32263225872520995,0.1860566292274632,238.0199720297969,50.10001352465352,187.9199585051434,23902.23300136117,23974.866002722352,23837.81699863882,24039.282005444707,23765.183997277643,24111.915006805884,23700.767994555288,23819.170228867948,23961.225,24103.27977113205,1.1857054147444508,0.2716549768691196,73.18317208307987,23961.225,23834.985,23462.323750000003,23901.03580328216,23786.245175328288,23581.00310226677,78.08887440243365,81.5616956337409,218.5903375132736,1.7226315279774456,64.77582282772161,1
1675308840,0.4503762861651368,0.43561203148630867,0.42222257009317554,0.4528310107548538,-0.3089206215192479,-0.275134918383888,0.1805755835454993,232.0404201071542,35.296369281608634,196.7440508255456,23895.96650068059,23938.933001361183,23853.38349931941,23981.51600272236,23810.416998638822,24024.48250340296,23767.833997277645,23797.41986020788,23951.94,24106.46013979212,1.290251560350595,0.2788637775893158,72.13843546255559,23951.94,23859.04,23502.17375,23895.223868854773,23803.946052541323,23609.821854431844,76.06258148631024,78.83384035926404,209.44817054803963,1.0174237249424218,56.63525951308464,1
1675311300,0.44436937091969836,0.4327196064628538,0.41328616493076875,0.4554090317288648,-0.3813162876507382,-0.34854262087045507,0.16262806758278833,224.06110825770884,21.85364594573062,202.20746231197825,23885.0,23929.6,23839.0,23975.6,23794.4,24020.2,23748.4,23836.232589581992,23908.54,23980.84741041801,0.6048668000472522,0.2711852781844414,71.43641888019035,23908.54,23875.015000000003,23542.088750000003,23888.63257923652,23816.94677026108,23635.11977305738,75.30204259017812,76.48449949297401,198.6304440803225,0.6736044055203937,46.11865150496548,1
1675313760,0.4399196291213537,0.4353990922207787,0.41771918481448284,0.45623256620667524,-0.4463402444229905,-0.4149904987450162,0.10834218377942607,215.8583869140384,10.920739681648172,204.93764723239025,23876.216666666664,23904.83333333333,23846.83333333333,23934.216666666664,23818.216666666664,23962.83333333333,23788.83333333333,23865.11359309731,23889.77,23914.42640690269,0.2064181187402802,0.3627131676825577,71.71106362709915,23889.77,23890.327500000003,23585.12625,23886.755052824345,23828.956448395427,23658.72741371858,72.33593127937478,74.56685178528772,189.3211266460137,0.6452836350802522,38.099318362562165,1
1675316220,0.4390345674891714,0.4096334410915913,0.4062122328670321,0.41498423062248263,-0.13154887467401324,-0.09710627486694237,0.09055423956147575,201.18037575402195,-3.005817182694642,204.1861929367166,23883.7,23917.5,23849.2,23952.0,23815.4,23985.8,23780.9,23808.900443631726,23869.76,23930.61955636827,0.5099301909049109,0.0123198102135431,65.21730907888035,23869.76,23898.542500000003,23626.18625,23861.303368549565,23825.58254868717,23673.172421935866,64.94656770923633,70.86151385959641,186.5691689482705,0.346211793958684,-11.997025103239668,0
1675318680,0.4257085727282522,0.3884548566407047,0.39300223489376035,0.38981272027900443,-0.007779816650599853,0.02610069780935123,0.09113149671680118,182.6274567454202,-17.246988953037118,199.8744456984573,23810.19790629254,23885.69581258508,23734.902093707467,23960.991625170147,23659.40418741493,24036.489531462685,23584.10837482986,23735.370259458206,23840.635,23945.8997405418,0.8830699395531671,0.0729339210012848,60.37753000126631,23840.635,23900.93,23664.9475,23824.443912366376,23811.9720852895,23680.558381751496,51.82465942419591,63.03571947093568,186.35328969759405,0.100624398097514,-60.91672651947679,1
1675321140,0.40845575839314513,0.4009472935518264,0.3859140262837136,0.42762369456451355,-0.49565872034587294,-0.4667185191707795,0.08808009646924866,168.81844661907235,-24.84479926350801,193.6632458825804,23754.3572864796,23844.3145729592,23660.7677135204,23937.9041459184,23570.8104270408,24027.861432398,23477.2208540816,23718.76742942091,23821.1,23923.432570579087,0.8591758615604528,0.3281338981277031,62.161280127081945,23821.1,23886.52,23704.92375,23811.60427491092,23807.2362516005,23690.59329777516,39.0246005031887,51.93194254554032,178.54769757633738,-0.6021723754989899,-45.50280316766912,1
1675323600,0.40607587919883925,0.40076097169448804,0.38148100640000077,0.4173116106684657,-0.47425553806818166,-0.4455530045752796,0.046218461532182155,156.03368430789487,-30.10364925974841,186.13733356764328,23794.575,23819.15,23761.35,23852.375,23736.775,23876.95,23703.550000000003,23714.597239836712,23803.09,23891.58276016329,0.7435401047787329,0.4000483205216061,62.116364256392906,23803.09,23855.815,23742.61375,23802.86951660728,23803.266024036773,23699.62250751086,28.200577013514536,39.683278980299725,171.0800048923133,-1.2744656521026263,-64.34306898433778,1
1675326060,0.4047927740566305,0.4088437913152496,0.3909451520247531,0.43274393066567607,-0.16692810583748793,-0.13309401940620222,0.031096810138956283,146.05578011187026,-32.065242764618404,178.12102287648867,23780.6,23820.000000000004,23746.000000000004,23854.6,23706.6,23894.000000000004,23672.000000000004,23745.144039083432,23788.125,23831.105960916568,0.3613648483566293,0.7332428076575914,63.35344154659613,23788.125,23838.9475,23779.75125,23804.63801107152,23804.158565121,23709.960840128875,24.425048748793788,30.55007542183235,162.9885759714337,-0.7034910757668152,-47.96206885346541,1
1675328520,0.4081928315591287,0.4020119898794801,0.38017924659287833,0.42178734152612546,-0.5811046172364581,-0.5539195515624652,0.02365465344399331,135.03826793422195,-34.46620395381336,169.5044718880353,23811.525,23838.75,23780.95,23869.325,23753.725,23896.55,23723.15,23746.72007678114,23783.83,23820.939923218863,0.3120601115872488,0.5686474069206868,61.52470250717603,23783.83,23826.795,23810.65625,23799.40034071435,23801.38882600808,23717.48123630708,21.76947417840546,24.7983666469046,155.47510625918838,-0.5082505766307109,-82.34427897100852,1
1675330980,0.40647679032500766,0.407761350048802,0.3870750553008764,0.4333884359091788,-0.5345669337630723,-0.5061380460588528,0.02118903913652225,126.1597240009214,-34.675798309691146,160.83552231061256,23784.70833333333,23815.716666666664,23757.916666666664,23842.50833333333,23726.908333333333,23873.516666666663,23700.116666666665,23774.96974667553,23794.71,23814.450253324463,0.1659213608778085,0.7638010725803002,62.50558519165563,23794.71,23817.6725,23826.32875,23801.308560476235,23802.06813037025,23725.82826142069,22.73877029130543,22.97776440616824,147.5840272406749,-0.3817528618387266,-51.22593834034941,0
1675333440,0.4084935922410892,0.4030500687989396,0.3790182175757156,0.42737305363648437,-0.685886509596254,-0.6600391123015703,0.00796876426805786,116.70690782524616,-35.302891588293136,152.0097994135393,23807.441666666666,23828.783333333333,23783.783333333333,23852.441666666666,23762.441666666666,23873.783333333333,23738.783333333333,23777.76040870837,23795.895,23814.02959129163,0.1524178123296432,0.3884728104716379,61.13029058362781,23795.895,23808.4975,23833.76875,23798.15570698416,23800.210288484748,23732.116046047297,26.533770077819607,23.68067151584351,139.82088243776968,-0.3841548175316954,-60.59648924050996,1
1675335900,0.4071462358455818,0.41097318397055443,0.39231727722685533,0.4333168242154573,-0.518773354553221,-0.4897831982863835,-0.010625456042721032,109.75177369530138,-33.806420574590334,143.55819426989171,23789.783333333336,23810.26666666668,23771.366666666672,23828.68333333333,23750.88333333333,23849.166666666675,23732.46666666667,23782.2697522896,23801.65,23821.030247710405,0.1628479345793559,0.8231382845864718,62.61985575407364,23801.65,23802.370000000003,23838.6925,23803.49547132277,23802.749326942067,23739.931184518984,36.128937126885376,28.467159165336813,134.1265336922146,-0.2566443773834538,-19.417885850066146,1
1675338360,0.4104343115399531,0.4124637588292667,0.38985448840257014,0.4358590393426075,-0.49174781334595974,-0.46258643947439393,-0.019521663452025585,103.38690480493824,-32.13703157196278,135.52393637690102,23815.358333333337,23844.81666666668,23784.716666666674,23875.458333333336,23755.25833333334,23904.91666666667,23724.61666666668,23780.266345261312,23803.69,23827.11365473869,0.196806921436886,0.8134651736422193,62.90784270780982,23803.69,23795.9075,23843.1175,23808.455314215185,23805.590358407146,23747.40202408861,47.027202889467816,36.56330336472428,127.83178128562784,-0.2705899593853368,-9.358170909568988,1
1675340820,0.4128236737475847,0.4025354655739087,0.3811995448200827,0.42558276129342043,-0.6085252529294859,-0.5815211975933109,-0.03039156866160796,94.99036188736136,-32.426859591631725,127.41722147899308,23816.791666666668,23840.583333333336,23794.583333333336,23862.791666666668,23770.791666666668,23886.583333333336,23748.583333333336,23781.286660824688,23803.985,23826.68333917532,0.1907104140362453,0.2007490306873547,59.61340530479996,23803.985,23793.9075,23846.225,23802.43687614346,23802.828475060385,23751.4970694135,50.99331303520653,44.71648435051992,122.5634397652259,-0.0839969089137519,-55.782208478728855,0
1675343280,0.409053962236295,0.3952511681988864,0.37996815040794013,0.4172399989747429,0.1156142963721212,0.15226576358688795,-0.02276567777066516,85.69204066262682,-33.380144653093026,119.07218531571984,23789.7,23815.1,23765.0,23839.800000000003,23739.6,23865.200000000004,23714.9,23761.63402832336,23796.935,23832.235971676644,0.2966850283588437,0.1167244311591315,57.24470799855602,23796.935,23795.8225,23848.37625,23791.582917428976,23796.83693414032,23753.247348516976,48.32824652773265,48.782920817469005,118.80176549628128,0.0806291176374677,-85.58690298877266,0
1675345740,0.40352677731443115,0.4151964794035748,0.42468535891746073,0.4101504412962101,0.1692802940726634,0.20989401871206495,-0.007992923130953952,81.91367456731678,-29.726808598722457,111.64048316603925,23773.925,23806.85,23736.95,23843.825,23704.025,23876.75,23667.05,23762.33885617749,23803.78,23845.221143822502,0.3481896053694276,0.7689959535805002,61.7288095541273,23803.78,23799.8375,23843.17875,23803.080278285983,23802.1529461148,23760.183315324884,49.30395628424228,49.54183861572716,125.80163938940402,0.1687973034473179,77.80083293875217,1
1675348200,0.41073633462897025,0.38624561176082656,0.4237706087827267,0.34276383750328454,1.850511974113711,1.9035980563931287,0.055059498390368104,71.51251965426854,-32.10237080941656,103.6148904636851,23828.425,23935.65,23718.85,24045.225,23611.625,24152.45,23502.05,23729.301780715658,23789.845,23850.388219284345,0.5089837221246599,0.125515453786521,53.03425243747631,23789.845,23795.7475,23825.78125,23783.553518857323,23791.670592275743,23758.68966624633,50.95742520702845,49.52987600633446,145.55866514730383,-0.1719542240197829,-187.16733331088363,1
1675350660,0.39986496216641565,0.3721561303582276,0.38626585325861146,0.3524672220026904,0.22326410586258752,0.25818263986716156,-0.01527914804248813,59.38155760382506,-35.38666628788805,94.7682238917131,23737.63333333333,23942.266666666663,23539.86666666666,24140.033333333333,23335.23333333333,24344.666666666664,23137.46666666666,23685.053514930863,23767.13,23849.20648506913,0.6906722441383031,0.1202931939184942,49.388372319429365,23767.13,23785.41,23812.17875,23757.302345904885,23775.8759391347,23753.557317080013,51.244571691574855,50.50198439428187,154.35447477963933,-0.434199597407193,-227.0076241021626,1
1675353120,0.387384186147128,0.42143382538973867,0.41940795429399247,0.4168695518636203,0.38560626853979674,0.4300730499742714,-0.026263598646106213,60.27688297622808,-27.593072732388023,87.8699557086161,23697.9,23835.7,23567.0,23966.6,23429.2,24104.4,23298.3,23675.14514529017,23777.78,23880.41485470983,0.863283743981379,0.8208948859830735,59.79797060934598,23777.78,23790.8825,23808.838750000003,23786.084897269924,23788.198495655663,23762.137572596203,57.115226337448895,53.10574107868408,158.9148694382363,0.2300440225861342,118.8565466011738,0
1675355580,0.4057838665774171,0.42025378695992366,0.4095216162993624,0.43152653187239337,-0.17518417749439252,-0.14084875483365056,-0.06509196048021114,60.02619051327929,-22.27501215626947,82.30120266954876,23835.538466834707,23931.11153316529,23748.07693366941,24018.573066330588,23652.503867338823,24114.14613266117,23565.042334173533,23678.64760203338,23791.870000000003,23905.092397966622,0.9517738451548636,0.7139815128022731,59.48246789964461,23791.870000000003,23794.402500000004,23806.0375,23804.16493151328,23797.67604190009,23769.583994253702,65.00205761316913,57.7872852140643,155.70666447836228,0.1478673184870935,105.76840570633216,1
1675358040,0.4143936583405429,0.4296142421738676,0.41690998277221797,0.4436289081115051,-0.23870371282398845,-0.20403759408982372,-0.0665062413353876,61.24970849229794,-16.841195341800656,78.0909038340986,23838.70833333333,23896.516666666663,23782.516666666663,23952.70833333333,23724.70833333333,24010.516666666663,23668.516666666663,23673.11361286495,23799.995000000003,23926.876387135057,1.0662303679900265,0.7628636142234029,61.229895233342994,23799.995000000003,23801.8875,23805.1925,23825.00995434219,23810.225852463707,23778.833137658115,78.32716049382738,66.81481481481514,151.81333130133646,0.314603530200477,138.3722487293037,1
1675360500,0.4233790137475152,0.47627455873323454,0.4992023122008324,0.4531830449122925,1.6821147657469313,1.7691204049969087,-0.014071083051923693,71.99833701155876,-4.874053458031867,76.87239046959063,23865.766666666663,23916.83333333333,23815.63333333333,23966.966666666667,23764.566666666666,24018.033333333333,23714.43333333333,23664.29175445651,23850.73,24037.16824554349,1.5633755909650544,0.8954258407929756,68.51853476063505,23850.73,23820.2875,23811.32875,23882.731636228127,23844.398424743034,23799.72283883353,77.89841835999452,73.74254548899701,162.9992951324546,0.7726490630055418,278.40000807232354,0
1675362960,0.4512030058056343,0.46261982833109183,0.48660690649948835,0.4526877873674082,1.0205273554144214,1.0885960408879638,0.0006474415092295033,76.52990252367454,-0.2739903567328809,76.80389288040742,23996.452725021005,24151.522274979,23843.10545004201,24304.869549957995,23688.03590008401,24459.93909991599,23534.68862510502,23771.993021152382,23901.710000000003,24031.426978847623,1.0854200711800146,0.7235250948455997,64.6860514557808,23901.710000000003,23834.42,23815.16375,23908.38775748542,23865.362347517024,23814.958758944624,75.66405862195991,77.29654582526061,170.92791690870783,0.5933444242103029,178.37290884977136,1
1675365420,0.4582872983184777,0.4122951819107223,0.4252973773382685,0.41258523888277676,1.0630221879186283,1.1143550645418134,0.026633862828678974,67.89645781067156,-7.125948055788683,75.02240586646025,23971.233333333334,24102.466666666667,23828.466666666667,24245.233333333334,23697.233333333334,24376.466666666667,23554.466666666667,23756.406774559586,23896.56,24036.713225440417,1.1729991717671124,0.2193785595985402,52.93454209674468,23896.56,23837.17,23815.53875,23878.225171656948,23856.73282978665,23815.23887714037,63.59570903588446,72.3860620059463,175.26877998665734,0.1155928441724393,1.245193030547664,0
1675367880,0.43666587450084204,0.40573842702626217,0.40386415828524563,0.4193883497864196,-0.011616860058166858,0.02396901109051098,0.019672128013827117,58.884824969307374,-12.910064717722292,71.79488968702967,23828.546514588583,23929.09302917717,23717.35348541141,24040.286058354337,23616.80697082283,24140.83257294292,23505.613941645657,23732.195674917908,23888.38,24044.56432508209,1.3076175536565726,0.2152243032287472,51.61876146763704,23888.38,23840.125,23817.97375,23851.9584477713,23846.3132243709,23813.73279360319,52.85478815391279,64.03818527058574,172.1652794078157,0.1243170189157464,-26.29660238047568,0
1675370340,0.42257662269697505,0.4071225322522108,0.41687480007472744,0.4079662846376714,0.1538125617530281,0.19309670938408083,0.029310041349862585,51.464487843233655,-16.26432147503681,67.72880931827046,23808.41492396096,23869.82984792192,23738.01007603904,23940.234695843832,23676.595152078084,24001.64961980479,23606.190304156167,23704.93502195543,23875.705,24046.47497804457,1.430491606799236,0.288077503935999,51.89061748725269,23875.705,23837.85,23818.84375,23835.7472985142,23838.49718357619,23812.7415751648,44.40391266753145,53.61813661910958,174.2034737358289,-0.0954836245583882,-22.003325734302283,0
1675372800,0.41622408370116887,0.33664850783101924,0.3836003040756031,0.283039684938673,0.9266025457971464,0.9608795713732947,0.06830594967132768,29.223602769037825,-30.80416523938611,60.027768008423934,23811.40833333333,23907.71666666666,23707.01666666666,24012.10833333333,23610.70833333333,24108.41666666666,23506.31666666666,23570.89782638292,23797.02,24023.142173617085,1.900424285201127,0.0748537241518151,39.668372118965735,23797.02,23823.875000000004,23809.81125,23758.748199009467,23795.997695653245,23792.93285372053,39.15485100196042,45.4711839411349,194.2620608240355,-0.5885573501231864,-212.13907676903824,0
1675375260,0.37780905589962815,0.3057190795127167,0.34551966180417193,0.3045589989023006,0.2749424310116847,0.29947326526980517,0.0857499790498237,4.513238648010884,-44.41162348833045,48.92486213634133,23597.39123099024,23828.58246198048,23373.55876900976,24052.41492396096,23142.36753801952,24283.6061549512,22918.53507603904,23461.31988555227,23708.6,23955.88011444773,2.085995077294544,0.1137983023289651,35.694688719642976,23708.6,23805.155,23795.2825,23678.36546600631,23745.3799328072,23766.71067717572,31.19697351145957,38.25191239365049,200.863831228416,-0.7897134757517648,-183.19948574216693,1
1675377720,0.3431360615196339,0.3213523705904137,0.3111484802372814,0.3404722633041622,-0.4653237800095986,-0.441145109283623,0.08877321443906196,-11.384206046786858,-48.24725454650255,36.863048499715696,23552.29561549512,23678.29123099024,23391.60438450488,23838.98246198048,23265.60876900976,23964.978077475604,23104.91753801952,23415.77298329257,23657.35,23898.927016707425,2.042299891639817,0.3019265216030477,39.01976187009359,23657.35,23776.955,23783.91875,23639.460310670875,23711.974490478617,23747.181088873265,24.90216096647943,31.751328493299813,193.49451637229217,-1.1827048291683528,-132.22145912455792,1
1675380180,0.33361659720525205,0.3067394134933836,0.30171187857596254,0.30480963983032977,0.21597057013397367,0.23983331297462623,0.11353868738232918,-26.99434982708044,-51.08591866143691,24.09156883435647,23567.847807747563,23609.095615495127,23520.402192252444,23656.54123099025,23479.15438450488,23697.78903873781,23431.70876900976,23390.02057908456,23601.56,23813.09942091544,1.7925884637747684,0.3083454146534339,37.089240228166695,23601.56,23744.97,23769.68625,23599.79854044725,23677.156401300686,23725.590032790096,21.317211162157424,25.805448546698816,191.20717317579584,-1.3416343946653504,-129.79784245998783,1
1675382640,0.3215500244429889,0.3081501361275238,0.2988720326939778,0.30950020576915666,-0.07097383307066883,-0.04622803237543708,0.13095547796920262,-38.59979752016443,-50.15309308361672,11.553295563452291,23511.98223720711,23596.96447441422,23435.49276279288,23673.453948828454,23350.510525585767,23758.436186035564,23274.02105117153,23478.74028655281,23545.785,23612.8297134472,0.5694837818929734,0.3408897666718867,37.41118029524879,23545.785,23710.745000000003,23756.316250000003,23574.682360298168,23649.3916010642,23706.43383919104,21.60860132720771,22.60932448528153,187.570946520382,-1.4340063770860654,-104.81361583111138,1
1675385100,0.3162221343315622,0.3181582816074565,0.2996460520387521,0.33968453467321513,-0.5117791065484718,-0.48817423329829485,0.137051208514809,-45.00292836209701,-45.24497914043944,0.2420507783424312,23514.983333333334,23589.86666666667,23449.566666666666,23655.283333333336,23374.68333333333,23730.16666666667,23309.266666666663,23499.07597133827,23535.365,23571.65402866173,0.3083787199538484,0.7381573803079907,39.7661607357965,23535.365,23666.1925,23743.24,23567.33824019878,23631.802219052523,23691.78775926809,21.22575293517096,21.38385514151204,178.3301646260688,-1.856495337666308,-76.24719517349452,1
1675387560,0.3185625099816922,0.32309137459224646,0.3018625619806098,0.3391116411234339,-0.478563755828846,-0.4546336288073595,0.1422948669545622,-48.39794052187426,-38.91199304017336,-9.485947481700908,23553.216666666664,23582.03333333333,23523.83333333333,23611.41666666666,23495.016666666663,23640.233333333323,23465.63333333333,23506.957560279305,23545.155,23583.352439720693,0.3244611447297254,0.7800580373507727,40.945646856432006,23545.155,23626.8775,23730.64875,23567.07549346585,23619.93817922479,23679.86035362351,23.1857240088482,22.00669275707563,170.31372429563547,-1.64088031152309,-63.20384204259307,1
1675390020,0.32219936652346615,0.30059966467058963,0.2983794749291202,0.29632365412420664,-0.20125874628417584,-0.17867955864369164,0.14636269634915278,-55.56186240748866,-36.8607319406302,-18.70113046685846,23559.416666666668,23596.033333333336,23529.93333333333,23625.51666666667,23493.316666666666,23662.13333333334,23463.83333333333,23487.589087634857,23533.460000000003,23579.33091236515,0.389835683874331,0.1698888419863739,37.35412350169954,23533.460000000003,23595.405,23716.2875,23545.77532897724,23598.708510274828,23663.03317708794,22.280712948783627,22.230729964267606,170.6984582745187,-1.321380138467281,-78.11777403869637,0
1675392480,0.31277138256978815,0.28607543226753057,0.28104811215347764,0.2999042388103344,-0.40576807940324144,-0.383956995839413,0.1492754789159371,-63.806110467077815,-36.08398400017549,-27.72212646690233,23495.158333333336,23587.01666666668,23411.31666666668,23670.858333333337,23319.458333333336,23762.716666666674,23235.616666666672,23447.764209314108,23521.815,23595.865790685897,0.629635006362347,0.0978098312774105,35.20654165677251,23521.815,23561.6875,23700.906250000004,23517.93355265149,23573.89787204304,23643.91096974623,18.435213544325503,21.30055016731912,166.8227798076367,-1.4167359085356024,-79.92439438458806,1
1675394940,0.3007949145331408,0.3004488326908379,0.2828990880336133,0.3211729118459341,-0.5897853137212588,-0.5671636390017609,0.14790285160682914,-66.30737478194351,-30.868198652032937,-35.43917612991057,23468.429653246058,23523.55930649212,23407.120346753945,23584.868612984228,23351.990693507887,23639.998266230286,23290.68138701577,23442.0203646142,23517.475,23592.929635385804,0.6416899381060756,0.4024248150911578,38.94736017190643,23517.475,23531.63,23684.74,23512.872368434328,23560.961895307937,23630.46706786564,15.999326286492815,18.905084259867326,160.10329553566265,-1.262743755336705,-61.32307223642476,0
1675397400,0.3019937368476752,0.3121782372338081,0.2926798779357742,0.33072313323136876,-0.6295326402346231,-0.6065857187370661,0.13626440693302308,-64.87494796559258,-23.548617468545608,-41.326330497046975,23503.483333333334,23534.266666666663,23471.966666666667,23565.783333333333,23441.18333333333,23596.566666666666,23409.666666666668,23443.913872346977,23514.105000000003,23584.29612765303,0.597012964372034,0.6545423241185147,41.89548896819936,23514.105000000003,23524.735,23674.305,23520.51491228956,23556.387005251945,23621.45115664033,20.029506337468224,18.154682056095524,153.19790014493364,-0.2921022251877301,-42.01253180093305,1
1675399860,0.3084581408889198,0.3081323911887298,0.2862766269926325,0.33309625885073946,-0.8030806751037826,-0.780969294075526,0.12304456534546768,-63.92276230644711,-18.07714544752011,-45.845616858927,23532.65741331152,23565.94258668849,23502.514826623035,23596.08517337697,23469.22965324606,23629.37034675395,23439.08706655758,23455.406301974293,23505.675000000003,23555.943698025712,0.4277154178785289,0.6862491046657089,41.15723420293498,23505.675000000003,23525.415,23665.285,23521.80994152637,23550.57118611523,23612.20818934125,25.538520085830857,20.522450903263977,145.01233584886683,0.0289145150865858,-43.22374197792188,0
1675402320,0.30966731964547556,0.3099956097621215,0.28585443462275606,0.33735715462723204,-0.8176575482110184,-0.7955501387275316,0.11900409717423668,-62.02947995462091,-12.947090476555118,-49.08238947806579,23525.0,23544.0,23505.4,23563.6,23486.4,23582.6,23466.800000000003,23457.401031359543,23510.97,23564.538968640456,0.4556933945341671,0.6743546728085904,41.66702530936296,23510.97,23522.215,23649.585,23524.42329435092,23546.76733409428,23604.345504642093,29.365047006979832,24.97769114342632,136.47574043109063,-0.135813917955661,-30.083791468895047,1
1675404780,0.3112035644743084,0.30979154296598915,0.2893727043717349,0.33431365764402343,-0.7264244119658035,-0.7040428491308277,0.11440529626512161,-59.88511936610303,-8.642183910429779,-51.24293545567325,23530.31666666667,23542.733333333337,23517.233333333337,23555.81666666667,23504.81666666667,23568.233333333337,23491.733333333337,23501.56520419048,23524.335000000003,23547.10479580953,0.1935850327715805,0.6040852548624778,41.62449080902306,23524.335000000003,23523.075000000004,23634.0225,23525.973862900613,23543.55054607714,23597.17688515237,31.43974024650638,28.78110244643904,129.87033040029843,0.036563887421516,-2.707073708345136,1
1675407240,0.3118696484346169,0.29971241773087803,0.2850100498830006,0.31923939611542457,-0.5833804792460524,-0.5609302233071998,0.10789977025609149,-59.78814033673552,-6.836163904849812,-52.95197643188571,23530.625,23551.85,23507.85,23574.625,23486.625,23595.85,23463.85,23499.570843932343,23523.92,23548.26915606766,0.2070161441431474,0.0226733950160037,39.48076340656478,23523.92,23520.6975,23615.72125,23517.540908600407,23535.754992244933,23587.98622942358,32.32590112567191,31.04356279305272,125.8581639431343,-0.1010650620949754,-67.09257943462805,0
1675409700,0.30716287807271925,0.2711164488640139,0.2754884271642082,0.2693618514376645,-0.06236233741103034,-0.04249539678103799,0.1194057331831474,-65.45844861473597,-10.005177746280204,-55.45327086845577,23502.99166666667,23538.68333333333,23464.983333333337,23576.69166666667,23429.291666666668,23612.38333333334,23391.283333333336,23417.347336125487,23500.78,23584.21266387452,0.7100416571238497,0.016496320186128,34.1128522816849,23500.78,23507.4425,23586.8175,23485.060605733604,23514.72681183676,23571.99706471657,33.09856988288188,32.2880704183534,130.14948312562186,-0.5627816827405957,-232.0185424656457,0
1675412160,0.2905107999530013,0.2602654187913576,0.2589812978910264,0.27838492484670685,-0.456590819834083,-0.436448853271059,0.11808222222077672,-71.59406394803955,-12.912634463667018,-58.68142948437253,23420.67887749932,23513.357754998644,23327.421122500684,23606.61550999728,23234.74224500136,23699.294387496604,23141.484490002724,23357.588721444943,23473.805,23590.021278555058,0.9901784440575973,0.137400194499984,32.317270135765646,23473.805,23489.74,23558.30875,23453.215403822403,23491.962846048256,23554.618772838803,29.027567465660383,31.48401282473807,128.9829712058615,-0.7511706210709732,-205.3216060273424,1
1675414620,0.27675897700728824,0.2711164488640139,0.25077728522543674,0.29542850795267467,-0.6102082066726688,-0.5891241410679434,0.11131785811812972,-73.14625187073761,-11.571857909092069,-61.57439396164555,23403.247772083,23453.29554416599,23339.477227917014,23517.06608833197,23289.42945583402,23567.113860414967,23225.65891166804,23345.131329207088,23451.895,23558.65867079292,0.910490779469312,0.3510963525145453,35.94808454155033,23451.895,23481.432500000003,23538.41875,23442.1769358816,23478.89687403948,23541.80746113987,30.31351024216784,30.813215863570047,123.63954469115706,-0.3534628832062236,-127.45770685928603,0
1675417080,0.2753088494202877,0.27028243674068675,0.2509531987128857,0.29127502971676694,-0.7551611810324727,-0.733923056388841,0.07023098896028485,-73.71624238714867,-9.713478740402492,-64.00276364674617,23421.533333333336,23442.26666666668,23399.366666666672,23464.43333333333,23378.63333333333,23485.166666666675,23356.46666666667,23354.911438710536,23429.63,23504.34856128946,0.6378125586230848,0.4205016812758608,35.78916990884536,23429.63,23476.9825,23519.335,23434.03462392107,23467.77926057776,23529.99246484084,31.09428899961652,30.145122235814924,118.73672007036012,-0.1896663789704738,-106.64203328760452,1
1675419540,0.2741667589012996,0.2664140400835492,0.24940516002333446,0.27938748855882234,-0.5504157244809487,-0.5297267714142257,0.05227841432902779,-74.19226068476564,-8.15159763041558,-66.04066305435006,23417.05,23444.9,23389.9,23472.05,23362.05,23499.9,23334.9,23387.37901266374,23410.865,23434.350987336264,0.2006417732643543,0.4145234998529538,35.015959861251964,23410.865,23467.3925,23499.511250000003,23424.973082614048,23456.701213199984,23518.26461104647,33.30778075891088,31.571860000231755,116.24124006533434,-0.4080373573305313,-106.34103309315172,1
1675422000,0.27166141946827066,0.28890575000520596,0.27617919281306424,0.30012228111629213,-0.34419799725348965,-0.3223005335754247,0.03894343624305845,-68.66415808962483,-2.098796028219809,-66.56536206140503,23400.88333333333,23445.766666666663,23361.966666666664,23484.68333333333,23317.08333333333,23529.566666666666,23278.166666666664,23367.036043774267,23420.89,23474.74395622573,0.4598796734516234,0.9580443430488992,42.75927833504373,23420.89,23460.835,23492.785,23440.05705507603,23459.16008352726,23513.689409994426,40.42860244215369,34.94355740022704,115.72758006066782,-0.2786181051844455,-9.140234301471295,0
1675424460,0.2816551619763179,0.3044769337971222,0.2885986850269593,0.3102044991262012,-0.5750038931803023,-0.5522543033537589,0.03120141808769868,-60.05052604967932,5.211868809380576,-65.2623948590599,23466.677985755185,23519.447014244808,23417.455971510368,23568.669028489625,23364.686943020744,23621.43805697925,23315.464928775928,23364.68353304351,23445.805,23526.92646695649,0.6919913132135205,0.9209428315480794,47.42958757444289,23445.805,23459.805,23492.61,23464.73803671736,23469.149159249573,23513.728513804483,55.38153259765215,43.03930526623892,115.2565401539934,-0.0437843260614634,43.27820380211442,1
1675426920,0.2944380109242769,0.3059941260640274,0.2935594453730189,0.3231005157863544,-0.48688518945089,-0.46375969726957905,0.025431648755476256,-52.27659181838317,10.38864243254138,-62.66523425092455,23502.45565954426,23562.844340455744,23453.71131908852,23611.588680911485,23393.32263817704,23671.97736182297,23344.57829772129,23372.079367097984,23465.46,23558.84063290201,0.7958985922459253,0.7833296281870609,47.8758427404474,23465.46,23458.6775,23490.44625,23482.61702447824,23478.099312113285,23514.171036299293,72.04924780285025,55.95312761421871,113.2536809061087,-0.0479182648275748,61.24524838373481,1
1675429380,0.3015880691222793,0.26597928908309165,0.28497486718551135,0.23201635316135172,1.313731202344372,1.3295497492027473,0.06162971782828621,-54.58445996402588,6.464619429518933,-61.049079393544815,23520.58616310546,23563.08883689453,23475.872326210923,23607.80267378907,23433.36965242185,23650.30534757813,23388.65581552732,23364.34555476304,23463.035,23561.72444523696,0.841233414491888,0.2091380954561605,38.57516184201933,23463.035,23446.3325,23484.70375,23456.953016318825,23464.92216445632,23503.833318556502,70.91370993869428,66.11483011306557,127.821275127101,-0.5246700093395271,-101.56427813110396,1
1675431840,0.28515468830696444,0.2393973707693697,0.2536718087865985,0.25127989877271906,-0.049019981692778214,-0.03221877473776712,0.07483135899462236,-61.745502414727525,-0.5571384169461595,-61.188363997781366,23390.075,23556.45,23239.25,23707.275,23072.875,23873.65,22922.05,23305.36088767853,23447.81,23590.259112321462,1.215031274319166,0.0890286780595356,33.86820284456214,23447.81,23429.3375,23475.0175,23414.877010879216,23440.52268000972,23487.34681202732,54.93756318234039,65.96684030796165,131.15026421295804,-0.7231707174368427,-124.2228095107466,0
1675434300,0.2636463801380457,0.2637700442032134,0.3045716296873225,0.23577596708178591,1.080376948579904,1.1028759954460317,0.11567657898939179,-61.17400573176928,0.0114866128096693,-61.18549234457896,23353.384040776367,23429.26808155273,23254.840959223635,23527.811163105467,23178.956918447268,23603.695203881834,23080.41383689453,23288.86227519773,23433.645,23578.42772480227,1.2356824967030908,0.3817365813263718,40.97932828991436,23433.645,23427.2675,23467.355000000003,23409.718007252814,23433.04582909886,23478.97092516757,43.90147537634115,56.584249499125285,147.6681024834609,-0.0883856174824065,-48.201778280677246,1
1675436760,0.2650791666377624,0.3190987633635487,0.3424985775813154,0.29348175500907187,1.0244430145530492,1.06151515520373,0.14653681036279367,-47.59264501740836,10.87427786173648,-58.46692287914484,23410.06666666667,23585.93333333333,23223.53333333334,23772.466666666667,23047.66666666667,23948.333333333336,22861.133333333342,23276.50062165315,23441.885,23607.26937834685,1.4110160368660405,0.842883049577224,53.265078094063526,23441.885,23443.845,23466.792500000003,23458.245338168545,23455.2738601718,23486.240360865897,49.1434755405239,49.32750469973516,159.1944501216226,0.7087574459079344,126.09167887988794,0
1675439220,0.2934612903145949,0.34991284957968866,0.3362008747306428,0.3221151481812099,-0.18022713753032618,-0.15273905539776056,0.15513798268873835,-29.483400639863248,23.18681779142528,-52.670218431288525,23551.68767686076,23708.012323139246,23398.97535372152,23860.72464627849,23242.65070744304,24017.04929255697,23089.9383843038,23237.947412664827,23466.635,23695.32258733517,1.9490445676184165,0.8836893861292054,58.45222608577718,23466.635,23466.0475,23473.74,23519.53855877903,23489.24679468601,23501.086516973905,67.71495252641837,53.586634481094485,162.90688116356824,0.9480104696393332,163.59962695679678,0
1675441680,0.3230601587233923,0.3351756779110996,0.34594648193531446,0.33388398748168785,0.21769311177704628,0.24670311625057625,0.17092177777089362,-18.27178865586393,27.51874382033968,-45.79053247620361,23601.31883843038,23727.30616156962,23516.13767686076,23812.48732313924,23390.15035372152,23938.47464627848,23304.969192151897,23265.64022229853,23505.63,23745.619777701457,2.0419769876532508,0.6978625942104526,55.29144381464664,23505.63,23484.3325,23480.6575,23546.55903918602,23509.492832015825,23510.56399154782,77.62254240315629,64.82699015669952,165.98496108045623,0.7808179692754366,142.05648180257944,1
1675444140,0.33049064195934796,0.32468841908372376,0.32543496929876803,0.33137757820139835,-0.32998612795391236,-0.30481408890461426,0.12618320523062568,-11.636801618191384,27.32298468640977,-38.95978630460116,23607.666666666668,23707.13333333333,23501.13333333333,23813.666666666668,23401.666666666668,23913.13333333333,23295.13333333333,23388.4541745324,23553.695,23718.9358254676,1.4030989657257382,0.5525142619897004,53.09130806244296,23553.695,23500.7525,23484.0725,23554.72269279068,23520.685044376583,23516.32456378136,78.23346269643967,74.5236525420048,165.17889243185226,0.7015040468922591,92.1760083288622,1
1675446600,0.3289619943270586,0.29605696033927176,0.308054716738812,0.28468675389429127,0.32711808365980793,0.3496769354747227,0.11540843314510331,-12.74144936225639,20.974669553875813,-33.7161189161322,23576.050000000003,23650.900000000005,23496.200000000004,23730.750000000004,23421.35,23805.60000000001,23341.500000000004,23471.181119551355,23571.890000000003,23672.59888044865,0.8544828645360928,0.0952938825411347,47.53058943910087,23571.890000000003,23502.7675,23481.80125,23533.27346186045,23515.174127217204,23513.853176754565,67.34114848793716,74.3990511958444,170.21611440100574,0.0858534590103054,9.467087560234797,1
1675449060,0.3138812317540373,0.26387651383597843,0.28214830060001406,0.285331259137794,-0.033214929519586094,-0.01326312942563822,0.1080422859621557,-20.695045750198915,10.41685853274663,-31.111904282945545,23489.225,23607.650000000005,23371.950000000004,23724.925000000003,23253.525,23843.35000000001,23136.250000000004,23368.236538314424,23540.77,23713.303461685577,1.4658268330694042,0.0911807523543325,42.18277953635861,23540.77,23491.3275,23475.56625,23488.74897457364,23494.178831359528,23502.981445635083,53.68841318382585,66.42100812273424,169.50539424419804,-0.4865166006778819,-43.13787587662458,1
1675451520,0.2902498299000729,0.25646800188939717,0.2587225994649713,0.2741598349170763,-0.17538730513947887,-0.15587038913719908,0.09768617947716471,-28.35589709972919,2.2048057465730864,-30.56070284630228,23435.055344068565,23497.51068813713,23337.24465593144,23595.321376274263,23274.789311862867,23657.77672034283,23176.978623725736,23310.80187666328,23488.11,23665.41812333672,1.5097691839549396,0.1918217903855968,41.03802386458509,23488.11,23477.3725,23468.025,23452.10764971576,23473.205407475976,23491.157022241267,40.62521236833157,53.88492468003153,166.3180815198157,-0.5933658256575944,-77.77968393603136,1
1675453980,0.27472968944350157,0.23896261976891214,0.24333755484695452,0.22718256383507918,0.25655765154013443,0.27021649728896663,0.11087015952335243,-37.969602321154525,-5.927119579881797,-32.04248274127273,23395.502672034283,23449.605344068565,23324.72232796572,23520.38568813713,23270.61965593144,23574.48836017141,23199.83931186288,23261.60696949157,23433.89,23606.173030508427,1.4703750039658636,0.1970392275666039,38.38715165422296,23433.89,23469.76,23458.04625,23411.23843314384,23447.07715157125,23475.761115361143,30.392760060191183,41.568795204116206,169.60636198635922,-0.3252423295682127,-131.788392461504,1
1675456440,0.2582164944345208,0.250505702454544,0.23466360977511386,0.26556643167036953,-0.4676867400278825,-0.44840843472405667,0.10797287563748902,-42.47441863627682,-8.345548716003272,-34.12886992027355,23320.751336017143,23431.30267203429,23218.94866398286,23533.10534406857,23108.39732796572,23643.65668008571,23006.59465593144,23283.585319810827,23392.085,23500.58468018917,0.9276614734357548,0.3614742460641945,41.0894323267493,23392.085,23472.89,23451.11375,23394.83395542923,23431.61312401284,23464.92910437437,28.47351160137855,33.16382800996711,163.2416218444764,0.1341578540744143,-83.56446158081279,1
1675458900,0.25573172426894364,0.24776410941083835,0.23202490746337973,0.2618426235967961,-0.6147978545815079,-0.5947210990992131,0.10287738357063066,-46.13603348560719,-9.605730852266907,-36.53030263334028,23359.108333333337,23400.81666666668,23320.31666666668,23439.608333333337,23278.608333333337,23481.31666666668,23239.81666666668,23317.72149630007,23364.87,23412.01850369993,0.4035845583555935,0.3879073653400419,40.63359458758303,23364.87,23468.38,23447.823750000003,23381.32263695282,23417.556192374137,23454.392999195858,27.46197089947078,28.77608085368018,157.53864885558534,-0.192739984785944,-78.07734713981343,0
1675461360,0.2531184747374831,0.2608155118939778,0.24652017882917154,0.27945910025254517,-0.5348289362937095,-0.5143392701850988,0.10123922158519993,-45.54543505148104,-7.212105934512607,-38.33332911696843,23350.566666666666,23394.13333333333,23310.73333333333,23433.966666666667,23267.166666666664,23477.533333333333,23227.33333333333,23320.83734819632,23363.145,23405.45265180368,0.3621742860704722,0.8300821341917533,43.82834011542949,23363.145,23451.9575,23447.901250000003,23384.57342463521,23412.74143012429,23448.36271355816,31.53439153439146,29.156624678413607,151.80731679447203,-0.6971891676183217,-40.685107064317705,1
1675463820,0.25833787458016866,0.2736628475809836,0.25383817990704854,0.2866807816861751,-0.35587600807031516,-0.3349513160799772,0.10809885520535245,-41.67592989595141,-2.6740806231863843,-39.00184927276503,23392.95833333333,23429.716666666664,23354.316666666666,23468.35833333333,23317.55833333333,23505.11666666666,23278.916666666668,23305.694932967373,23372.835,23439.975067032625,0.5745136782305241,0.9054211025254716,46.85984918880174,23372.835,23430.4725,23448.26,23398.807283090144,23415.38389737442,23446.354359885954,35.84986772486766,31.615410052909976,146.39472270178047,-0.9087592591613424,-22.644980213386003,0
1675466280,0.2673715606558199,0.2780902098101376,0.258763757555619,0.295794443797687,-0.5777878231478042,-0.5563752504540749,0.10877701990042186,-37.17417024536917,1.4621432219166903,-38.63631346728586,23418.68133350107,23460.99366649893,23384.96266700214,23494.71233299786,23342.65033400428,23537.02466599572,23308.93166750535,23326.74738482928,23394.885,23463.02261517073,0.5825001077861792,0.829223439120842,47.90329179199536,23394.885,23414.3875,23449.36,23412.45485539343,23419.8140978518,23445.725373230147,41.501322751322725,36.29519400352729,140.55067106225297,-0.6815504690558654,-14.330732358963786,1
1675468740,0.27410219450234596,0.27460332933707704,0.2545418338568443,0.2901292426172058,-0.4338262098678684,-0.41295967656549865,0.11750171393410588,-34.0072739921161,3.7032315801358138,-37.71050557225191,23435.99066675054,23470.15933324947,23405.581333501075,23500.568666498933,23371.412667002143,23534.737332997865,23341.00333375268,23345.03404067288,23408.465,23471.895959327125,0.5419489003411764,0.669160298280606,47.11857202862266,23408.465,23400.275,23450.51375,23418.27823692896,23421.652443696927,23444.22057577966,44.07076719576733,40.47398589065258,135.39705170066355,-0.5987217370460645,-25.80428761827795,1
1675471200,0.2757239847967144,0.27530425441944767,0.25682870919368056,0.2957865664212874,-0.5578272223984053,-0.5366235005926383,0.11381337306412903,-30.98099032940081,5.383612194280879,-36.36460252368169,23423.44166666667,23460.88333333334,23392.483333333337,23491.84166666667,23355.041666666668,23529.28333333334,23324.083333333336,23390.03965273171,23423.985000000004,23457.9303472683,0.2898340932876658,0.6165844605659697,47.30543972917434,23423.985000000004,23394.4275,23448.5975,23422.818824619306,23423.51563575203,23443.04718761017,44.37665343915356,43.31624779541455,129.94726229347344,-0.2489317433203963,-13.304641050367312,1
1675473660,0.2768853598514871,0.2648524854696598,0.24817376561119187,0.2837916077227593,-0.6977592243103371,-0.6767886726900162,0.1131159300887586,-30.60619839616993,4.606723302009407,-35.212921698179336,23431.533333333336,23461.26666666668,23402.16666666667,23490.63333333334,23372.43333333333,23520.36666666668,23343.06666666667,23401.038291073644,23426.26,23451.48170892636,0.2153285153187719,0.0279859887860548,44.76520124460659,23426.26,23394.702500000003,23443.015,23416.02921641288,23419.68552016076,23439.18078879015,41.90972222222239,43.4523809523811,125.52245784393962,0.0117522874224883,-34.929526836687835,0
1675476120,0.27223990394670794,0.25421439466253215,0.2408694418124979,0.27723913774714565,-0.48591372011116735,-0.4660529176967441,0.11456867782331914,-32.35493749810121,2.286387360062505,-34.64132485816371,23402.35,23436.400000000005,23368.400000000005,23470.35,23334.35,23504.400000000005,23300.400000000005,23365.61011168092,23415.3,23464.98988831908,0.4244223932136424,0.0690773168475878,42.27678008106182,23415.3,23394.0675,23435.72,23401.51114427525,23411.10178922244,23432.82785652442,39.513985342597486,41.93345366799116,121.23791621335288,-0.027161330819672,-54.67886996606679,0
1675478580,0.2645978670170977,0.2562728075626612,0.23431178280021597,0.28124939259560905,-0.7494511679809327,-0.7286682098140445,0.10707631491205816,-32.8936369369585,1.3981503369641717,-34.29178727392267,23379.33795833857,23408.675916677144,23343.13704166142,23444.876833354298,23313.799083322847,23474.21479169287,23277.598166645694,23353.17674093792,23403.005,23452.83325906208,0.4258278717803989,0.2518476416245159,42.93775605928333,23403.005,23398.945,23434.3525,23393.76576285017,23405.133282091083,23427.63234637924,38.98830434095134,40.13733730192375,115.12806505525629,0.2090700615101114,-45.030516062214005,1
1675481040,0.2618061060024314,0.2501596761480575,0.23065278226127747,0.2720114841053996,-0.6250933494495013,-0.6050612795082881,0.10370352490124887,-34.314912714558886,-0.0185003525089655,-34.29641236204992,23378.791666666668,23396.38333333333,23360.68333333333,23414.49166666667,23343.091666666667,23432.083333333336,23324.983333333334,23338.709891120936,23389.230000000003,23439.75010887907,0.4319946306831585,0.2211011553096976,41.42081169464712,23389.230000000003,23398.8475,23435.86875,23382.86050856678,23397.118139892704,23421.2911705336,41.85706557927321,40.11978508760736,110.5546318370236,-0.0041734395883856,-71.45315151698107,1
1675483500,0.25735350832637,0.24075485858712675,0.2261126255671026,0.26542320828292393,-0.6243198173642488,-0.6045306698711981,0.09883235161312738,-37.15135484555867,-2.283953986806999,-34.86740085875167,23360.983333333337,23386.56666666668,23335.466666666674,23412.083333333336,23309.88333333334,23437.66666666667,23284.36666666668,23325.36071395679,23369.76,23414.159286043207,0.3799721181835682,0.1034846149808157,39.13038819098835,23369.76,23396.8725,23432.62625,23366.757005711188,23385.742114457666,23413.030106673257,45.89949232792368,42.248287416049415,106.70040701844798,-0.0845668677716737,-99.00536481961092,0
1675485960,0.2504245676902957,0.22962878196315978,0.2192439982412167,0.2497044415108223,-0.6436695026597558,-0.6242129048919717,0.09163243836178127,-41.45111600408927,-5.266972116270075,-36.1841438878192,23341.715161458986,23366.43032291797,23309.834838541006,23398.31064583595,23285.11967708202,23423.025807294936,23253.23935416404,23294.37186354279,23349.91,23405.44813645721,0.4757032164767185,0.0794781479930657,36.55512392557116,23349.91,23388.085,23420.02125,23345.571337140795,23370.734457283543,23402.570096513897,43.86239685285884,43.87298492001858,104.8627166734504,-0.3756774752763607,-139.11509042735588,0
1675488420,0.24139678339608348,0.22386167685504263,0.2102947967467497,0.2476635082397305,-0.7017195125552949,-0.682025506190094,0.08628479314226975,-45.64379365245986,-7.567719811712529,-38.07607384074733,23310.12424739616,23347.148494792324,23266.17575260384,23391.096989584643,23229.15150520768,23428.121236980805,23185.20301041536,23264.40919310269,23332.805,23401.20080689731,0.5862630480759422,0.1647820818252205,35.25977236409564,23332.805,23374.0525,23402.2625,23326.0308914272,23355.500919595623,23391.55865875067,31.55339539226144,40.43842819101466,101.74654913207802,-0.5989813155819477,-157.0925383850621,1
1675490880,0.23399919580678252,0.22954005726918875,0.216016780105526,0.24257907798542874,-0.40405158461013624,-0.38600474654793604,0.09085356368041367,-47.132144588911615,-7.24485659853142,-39.887287990380194,23294.328790364747,23321.25758072949,23260.02120963525,23355.565161458984,23233.09241927051,23382.49395182373,23198.78483854101,23264.549685081507,23317.74,23370.93031491849,0.4562218715749546,0.3609709303031811,37.60424796109103,23317.74,23360.372500000005,23387.38,23318.33726095147,23345.94620694188,23383.119738869653,23.15292774049452,32.85623999520494,101.02893847978676,-0.5836239720986754,-121.1690895793634,0
1675493340,0.23313973290906298,0.23772934652271532,0.21890176129968764,0.2610548949658477,-0.6086938380503688,-0.5891261975244446,0.0873660215581801,-45.92037230732967,-4.82646745355958,-41.09390485377009,23300.35,23347.500000000004,23255.800000000003,23392.050000000003,23208.65,23439.200000000004,23164.1,23276.278685613142,23310.735,23345.19131438685,0.2956261515293662,0.7218751522338412,40.92677544953155,23310.735,23349.9825,23375.12875,23320.89984063432,23342.32416931608,23377.68214469159,22.43902831857841,25.7151171504448,97.39472858837328,-0.4434499897033449,-69.16881238435116,0
1675495800,0.23680484898812057,0.23808424529859945,0.21865548241726013,0.25761753366716555,-0.44576155296488523,-0.42704074963026095,0.08311815596305941,-44.36789690373189,-2.6191936399694384,-41.74870326376245,23327.974999999995,23351.14999999999,23302.84999999999,23376.275,23279.675,23399.44999999999,23254.549999999992,23278.62370324385,23309.23,23339.836296756144,0.2626109636066462,0.7907081529951716,41.073218663875,23309.23,23339.495000000003,23366.96125,23322.94156042288,23339.5425021677,23372.85765472096,30.70669168230154,25.43288258045817,94.52367654634666,-0.4475736069204801,-63.654962272351575,0
1675498260,0.2388148652087063,0.2360879396842512,0.2165797032653621,0.25930040846964586,-0.6760367548631129,-0.6562815219093346,0.07833956169861261,-43.09467091055558,-1.0767741174344962,-42.01789679312108,23324.875,23354.55,23297.35,23382.075,23267.675,23411.75,23240.15,23281.674721493044,23312.870000000003,23344.06527850696,0.2676228066896856,0.6367194076836983,40.46554394622202,23312.870000000003,23331.39,23363.046250000003,23322.427706948587,23336.24386540993,23367.95692569992,33.591307066917025,28.91234235593234,91.10055679303608,-0.3463312601885668,-58.485073863776414,1
1675500720,0.23882167105054988,0.2341093790086969,0.21249851035654715,0.2574743102797199,-0.7430165598506735,-0.722893362177711,0.07440212418841183,-42.05075116193984,-0.0262834950550043,-42.02446766688484,23322.6,23345.300000000003,23298.700000000004,23369.2,23276.000000000004,23391.9,23252.10000000001,23301.05945476737,23318.645,23336.230545232625,0.1508281911974303,0.4198205127365628,39.83647198528187,23318.645,23325.725,23359.89625,23320.22680463239,23332.53134442631,23362.99198039516,32.25583823604254,32.18461232842038,87.45765987924793,-0.2423791233063585,-61.72688111188361,1
1675503180,0.23783574461207,0.24146465613889503,0.22076644426664743,0.26599714451627476,-0.7340521306179393,-0.7137294130766212,0.05714324643929273,-39.10037812627706,2.3392716324862235,-41.43964975876329,23315.175,23335.55,23295.45,23355.275,23275.075,23375.65,23255.349999999995,23311.652866645523,23325.365,23339.07713335448,0.117572722694614,0.907850467569466,43.36148828368363,23325.365,23321.5525,23360.24875,23325.66786975493,23333.26200907607,23360.473696548,34.090133066435406,33.31242612313167,84.25175560215884,-0.1784776678347832,-14.293962312630796,0
1675505640,0.24102060219526344,0.24364728361058294,0.22308850230097296,0.2692101979302898,-0.6584011898681843,-0.6382749574999101,0.05466866994464158,-35.85264565530088,4.469603282769931,-40.32224893807081,23337.85097068278,23357.09902931721,23317.30194136556,23377.64805863444,23298.05388273112,23396.896117268872,23277.5048534139,23309.11462277279,23328.7,23348.28537722721,0.1679080036796683,0.8574095060203949,44.40248291726149,23328.7,23319.7175,23359.2825,23331.34524650329,23334.978007425874,23358.78096354343,39.72068315423268,35.355551485570224,80.9068833431351,-0.0785495514970524,16.979227239114543,1
1675508100,0.2437043988003685,0.2465219636952439,0.22646604125999215,0.27191775442828187,-0.6923325031356871,-0.6720268312392749,0.02771154182486196,-32.25339490846454,6.455083223685016,-38.70847813214956,23345.09215200806,23362.607847991945,23325.18430401612,23382.51569598389,23307.668608032232,23400.03139196777,23287.76076004029,23307.34694758061,23333.455,23359.563052419395,0.2237821395879269,0.8321772095706699,45.81505266142108,23333.455,23321.3425,23359.1075,23337.830164335526,23337.85473334844,23358.0208717774,49.710513100761936,41.17377644047669,77.9465182463333,0.0696392259546466,56.64211172697226,1
1675510560,0.2464837083694898,0.2511001579041497,0.2278381664620944,0.2747216694751568,-0.7922715231897492,-0.7714801729337466,-0.0006593291382041521,-28.03684922466709,8.537303125985972,-36.574152350653065,23353.512742670693,23371.887257329297,23332.425485341388,23392.974514658603,23314.050970682783,23411.349029317207,23292.96371335348,23310.12044698952,23341.915,23373.709553010485,0.2724245462335406,0.8425901284540179,48.07760480092341,23341.915,23327.3925,23357.73875,23346.45344289035,23342.55387273963,23358.561741131925,61.96595195917837,50.46571607139101,74.91683022830674,0.2596209962580246,91.2430865373618,0
1675513020,0.2501625736897044,0.2579585767481108,0.2399058317010916,0.2745536992325498,-0.5857633863806215,-0.5655704473391968,-0.009765117836458406,-22.87218409662092,10.96157460322572,-33.83375869984663,23361.723038002016,23380.476961997992,23344.94607600403,23397.253923995977,23326.19215200805,23416.00784799196,23309.41519001007,23322.25161042822,23355.355,23388.45838957178,0.2834757987774625,0.9179330328092624,51.35460275618848,23355.355,23337.0,23355.526250000003,23358.6439619269,23349.912259514243,23360.89157530984,72.78714920406586,61.4878714213354,74.5870566405705,0.4125701304808088,148.93091750767252,0
1675515480,0.25543138569876134,0.2929782134584772,0.30080708105591614,0.2837485613971164,0.8341438896631747,0.8611931217775163,0.015657001125278708,-10.693632396913015,18.51210104234689,-29.205733439259912,23379.44166666667,23416.38333333334,23346.08333333334,23449.74166666667,23309.14166666667,23486.68333333333,23275.78333333334,23283.328502924604,23384.385,23485.4414970754,0.864307503279633,0.981488092385548,63.88749665245142,23384.385,23354.875,23357.62375,23399.6626412846,23373.87366687529,23372.39713956604,75.64026321986617,70.13112146103681,84.8108541304219,0.767070263636149,307.8956942333473,0
1675517940,0.2755764777192113,0.29138116896699856,0.2878950310771635,0.2991523160262481,0.1199140880330745,0.14287330180210792,0.023369965470930943,-1.389141664694762,22.25327341965212,-23.642415084346883,23478.593259500503,23589.00674049949,23371.286519001005,23696.313480999,23260.873038002013,23806.726961997985,23153.566297502515,23298.0614883023,23411.285,23524.5085116977,0.9672558486020651,0.791083534734334,63.08921745629425,23411.285,23369.9925,23359.987500000003,23425.50842752307,23392.660272897963,23382.37836436928,72.45080031759619,73.62607091384275,88.61007883539176,0.6480958500215929,203.3422577148548,1
1675520400,0.2848504619146723,0.2780103575855642,0.26020624815269977,0.29417530331252995,-0.5453544676018378,-0.5238964583740334,0.011577959606150505,2.911119070402492,21.2428273237995,-18.331708253397007,23479.2,23547.2,23409.2,23617.2,23341.2,23685.2,23271.2,23332.74254805965,23429.03,23525.317451940344,0.8219499649822883,0.5544982746376175,56.70132523269732,23429.03,23381.2425,23360.36875,23430.18061834872,23401.18113237106,23387.820901096013,64.00410780482909,70.6983904474305,87.9879303471496,0.482273243158954,105.86188515541424,1
1675522860,0.28280171704103496,0.2758277301138763,0.25992478657278173,0.2924208168163281,-0.6026802277177531,-0.5813920650531602,-0.060109061182099126,5.756495782283309,19.27056322854425,-13.514067446260944,23435.775000000005,23474.25000000001,23401.05000000001,23508.97500000001,23362.575000000004,23547.45000000001,23327.85000000001,23371.584101986817,23442.965000000004,23514.34589801319,0.6089749996486118,0.4328251656470328,55.70971743468268,23442.965000000004,23392.44,23361.915,23431.24541223248,23407.034562849047,23392.15938670592,59.16240857629481,65.20577223290671,87.22450675092458,0.4801384136458297,81.13840708266896,1
1675525320,0.280685976790708,0.26163177907851104,0.24924199539315456,0.28081972243327347,-0.5345510754477653,-0.5139888370472058,-0.18756169029296182,4.729295248485869,14.594690155797451,-9.865394907311584,23431.825,23471.25,23393.95,23509.125,23354.525,23548.55,23316.65,23380.450291274406,23445.035000000003,23509.6197087256,0.5509457224149762,0.1000601301811789,49.63028480224068,23445.035000000003,23400.195,23362.96,23418.62194148832,23404.5510059674,23392.2751594006,48.00741212494729,57.05797616869041,86.66105885131175,0.3326067166827649,27.36183815148033,0
1675527780,0.2725297794232149,0.26468390855111407,0.25299379516729315,0.2852238415972104,-0.523157727708712,-0.5023793641640557,-0.29192553701054097,4.5566532889752125,11.537638557029435,-6.980985268054224,23397.570412052115,23435.14082410423,23355.804587947885,23476.90664820846,23318.23417589577,23514.47706026057,23276.46835179154,23369.406789620825,23429.09,23488.77321037917,0.5094795434152573,0.2728423133764367,50.8716161294291,23429.09,23406.7375,23364.145,23413.072960992213,23404.08264124605,23393.198953743395,41.611857961249385,49.59389288749717,86.02098321907525,0.2803542083127081,34.63998082266947,1
1675530240,0.2699778210965701,0.2684014732285011,0.2465553615266621,0.29324435129413723,-0.6004597176877046,-0.579555519158653,-0.375570788422848,5.205077357295522,9.748850100279796,-4.543772742984275,23408.091666666664,23443.883333333328,23366.183333333327,23485.791666666664,23330.391666666663,23521.58333333333,23288.483333333326,23380.62761341221,23416.14,23451.65238658779,0.3033154617950729,0.4480462965946175,52.41003249921463,23416.14,23413.7125,23366.715000000004,23412.865307328146,23405.60397920132,23395.032386720213,37.03194778426644,42.21707262348772,82.51948441771273,0.2988086211106684,34.13873047479708,0
1675532700,0.2705607163798323,0.2769988960742936,0.25922113262298596,0.29901183340434845,-0.24180061248422594,-0.2205153694884748,-0.3951720360406962,7.586263423843775,9.70402893346244,-2.117765509618665,23412.95,23431.2,23394.2,23449.95,23375.95,23468.2,23357.2,23381.515743274,23415.57,23449.624256726,0.2908684838848832,0.8098731557967769,55.85303033860367,23415.57,23422.3,23371.82125,23420.8018715521,23411.25325571017,23398.99834988972,41.9901522958889,40.21131934713492,80.68897449362305,0.3677604193432345,63.06238005462959,0
1675535160,0.275151088457598,0.2771852179316333,0.2540140933944975,0.2973262178363221,-0.5719536626171046,-0.5507409454174473,-0.4274296459993412,9.407292240382958,9.2200462000013,0.1872460403816596,23438.394218173184,23465.980781826824,23409.088436346367,23495.28656365364,23381.501872692726,23522.87312730728,23352.19609086591,23380.58555803008,23416.335,23452.08444196992,0.3053376369096314,0.79182273694729,55.92744692637982,23416.335,23429.65,23378.52125,23426.267914368065,23415.970845581047,23402.63660228117,44.507409347006615,41.17650314238733,78.26833345836448,0.3145905828272063,45.00953283333948,0
1675537620,0.27753944004153797,0.27762884140148847,0.25320489135223134,0.3013722785316476,-0.6939253292715054,-0.6725979508553092,-0.4409397479484725,10.826533709288924,8.511430135125812,2.3151035741631123,23432.066666666666,23458.033333333333,23411.23333333333,23478.86666666667,23385.266666666663,23504.833333333336,23364.433333333327,23394.977792290258,23425.35,23455.72220770974,0.2593105990710141,0.7156576849005412,56.11711725504523,23425.35,23435.1925,23386.09625,23430.32860957871,23420.05796456631,23406.04740206392,45.34232699202376,43.9466295449731,75.0491667827668,0.2370309230734657,43.2806492250904,1
1675540080,0.27895543855983074,0.27360961276460044,0.2488070541660078,0.2981139464672705,-0.6708392086447704,-0.6496205983916898,-0.4524852491401524,10.911676926134533,6.877258681577136,4.034418244557396,23435.483333333334,23453.566666666666,23420.36666666667,23468.68333333333,23402.283333333336,23486.766666666663,23387.16666666667,23410.71593630082,23430.38,23450.044063699173,0.1678510011290985,0.4172348083846532,53.85572477698352,23430.38,23429.735,23392.305,23429.260739719142,23421.342880099703,23408.054792343544,41.32412213814328,43.724619492391234,71.8420834411407,-0.2324150295762262,12.204866041931115,0
1675542540,0.2776537239184946,0.26864990237162023,0.24623613691766885,0.2920985641945761,-0.6672423223617595,-0.6463405717010149,-0.5970805848825953,9.73922016524375,4.563841536549083,5.175378628694667,23424.50833333333,23440.716666666664,23410.916666666664,23454.30833333333,23394.70833333333,23470.516666666663,23381.116666666665,23411.365172901715,23430.52,23449.674827098286,0.1635032180104048,0.0465894860112441,51.11822169677179,23430.52,23423.33,23396.66125,23423.890493146097,23419.853265536123,23408.540050215583,36.20988149801561,40.9587768760609,69.51712504587897,-0.2728178828821123,-32.00952404430631,0
1675545000,0.27452288851753287,0.2638055340808013,0.24313255402998518,0.2837916077227593,-0.6210541002278392,-0.6003444992981636,-0.6409031418090444,7.620751533035218,1.9562983234724405,5.664453209562778,23411.814221969154,23432.12844393831,23392.835778030832,23451.10688787663,23372.52155606168,23471.421109845785,23353.54311212336,23393.33141868341,23423.085,23452.838581316584,0.2540534802873749,0.1036611568024496,48.5237858446907,23423.085,23419.3275,23400.285,23415.760328764067,23416.15267180228,23407.6790930522,29.709156138872505,35.74771992501048,68.38528275358291,-0.1707585797920455,-91.00709171117155,0
1675547460,0.27053516664560956,0.2678336351870857,0.241207591508214,0.2978633055392413,-0.6938452485315264,-0.6727908649644273,-0.664542581148043,6.779549595739809,0.8920771089416251,5.887472486798184,23396.59044431792,23424.880888635827,23371.209555682093,23450.261777271648,23342.91911136418,23478.55222158956,23317.53822272836,23390.7123506616,23417.815,23444.91764933841,0.2314703514261156,0.3715070266187361,50.76157540057634,23417.815,23417.075,23404.7575,23414.12355250938,23415.18854965641,23407.98108419008,24.98483196766462,30.30128986818426,64.71490541404128,-0.0961235844175303,-57.53045084798126,1
1675549920,0.2705554560646611,0.26990979302600865,0.25285306437733346,0.29159728233851767,-0.43683022909586156,-0.416034850940677,-0.6788689273619534,6.509895091072394,0.4979380834193678,6.011957007653026,23411.65,23415.7,23406.8,23420.55,23402.75,23424.6,23397.9,23395.59839424628,23413.465,23431.331605753727,0.1526182113901263,0.5905320250693343,51.921704692047655,23413.465,23419.4075,23409.80125,23414.982368339588,23415.46335880979,23408.81145712436,25.298829754479613,26.664272620338924,64.34241217018119,0.0997077163940676,-21.6936351657042,0
1675552380,0.27160373113337205,0.24586540095985876,0.24191124545800977,0.24000105701141647,0.22316537068640507,0.23828061780681978,-0.6637417511598105,0.819882073556073,-4.153659947277563,4.973542020833636,23418.8,23447.5,23388.0,23478.3,23359.3,23507.0,23328.5,23347.61173239594,23397.83,23448.048267604063,0.4292557694799997,0.013324509863736,40.12930904104349,23397.83,23414.105,23410.42125,23392.971578893063,23403.370020844373,23403.11036596966,32.778569570096074,27.687410430746784,72.06795415802539,-0.2265834400728905,-295.0746590793547,1
1675554840,0.26010507690103735,0.23440217049880158,0.22884024297554337,0.25375050220614775,-0.23261312906909112,-0.2153103956209876,-0.6617477903457031,-6.224086895424989,-8.958103133006901,2.7340162375819115,23337.816666666666,23429.63333333333,23257.13333333333,23510.316666666666,23165.316666666666,23602.13333333333,23084.63333333333,23300.32318187558,23378.53,23456.736818124416,0.6690482089713735,0.1043823193167521,35.93855980422289,23378.53,23404.525,23409.11875,23367.531052595376,23387.60274432721,23394.87604540112,35.80274169399848,31.29338033952474,73.84511516885273,-0.409184002528566,-222.52615356734745,0
1675557300,0.24862385053668948,0.22596445210215585,0.21851475162730047,0.23155087715215536,-0.03866656386362906,-0.023640550143393498,-0.6527941463422324,-13.56851743356674,-13.04202693691892,-0.5264904966478188,23327.46606943653,23370.532138873063,23273.58393056345,23424.414277746146,23230.51786112693,23467.480347182674,23176.63572225385,23258.13475017121,23357.205,23456.275249828785,0.8483056926441882,0.1753313930712124,33.19096574689759,23357.205,23390.145,23406.2225,23342.645701730253,23370.3795180859,23385.161660124824,35.390021310477955,34.657110858190855,77.82760694250601,-0.6135682642695659,-213.6400888261002,1
1675559760,0.23866416909985408,0.2320775835167595,0.21073937548205773,0.25614949394585235,-0.7276227925215861,-0.7076606411272662,-0.6601442290220851,-17.79399985024429,-13.814007482877177,-3.979992367367114,23289.091666666664,23355.78333333333,23226.183333333327,23418.691666666666,23159.491666666665,23485.383333333324,23096.58333333333,23249.51243663148,23337.055,23424.59756336852,0.7502451647692396,0.3460463175693632,36.95183093931206,23337.055,23377.435,23403.5425,23331.797134486835,23359.419605706647,23378.012930589128,32.021581047792914,34.40478135075646,75.03992073232722,-0.5423002747768598,-125.90706479736964,0
1675562220,0.23674104555016467,0.2387940428503677,0.2153483088532195,0.26489275398505135,-0.80607362546459,-0.7854457679782991,-0.6777699677016845,-19.39209576245048,-12.329682716066694,-7.062413046383787,23310.36666666667,23329.63333333334,23290.833333333336,23349.16666666667,23271.566666666666,23368.43333333334,23252.033333333333,23281.96045525936,23319.52,23357.079544740645,0.3221296556759738,0.626532417600302,40.88898433018736,23319.52,23366.4925,23400.8425,23330.873089657893,23353.89331375998,23373.34741339016,35.983149884494665,34.46491741425519,72.02992639430396,-0.4668610765643601,-78.45696691952682,0
1675564680,0.2391378798518474,0.23685984452179895,0.2135891739787301,0.25575562963037884,-0.7746565107604644,-0.7543499860263944,-0.6978089183762346,-20.857930499794747,-11.036413962728767,-9.82151653706598,23329.181175346235,23342.84382465377,23315.36235069247,23356.66264930753,23301.699701384936,23370.32529861507,23287.88087673117,23289.386041499645,23314.445,23339.503958500354,0.2149650870981873,0.682170380302754,40.11214528951368,23314.445,23356.1375,23392.93625,23328.440393105266,23348.380893076348,23368.60718354348,40.15491235222137,36.05321442816967,70.31350308042511,-0.4420089959822184,-79.53786187528011,1
1675567140,0.23936914991592323,0.2390513444628832,0.21552422234066845,0.2612339242001541,-0.7441274471746221,-0.7238859113974683,-0.7043015561096962,-21.27608671281996,-9.163656140603184,-12.112430572216777,23317.191666666666,23344.38333333333,23296.38333333333,23365.191666666666,23269.191666666666,23392.38333333333,23248.38333333333,23289.06502497995,23317.065,23345.064975020054,0.2401672339125987,0.7265180592288687,41.46900751385521,23317.065,23347.7975,23385.56375,23328.876928736845,23344.993457971555,23364.90649939648,43.76175497767255,39.966605738129545,68.01968143182337,-0.3562100785242543,-57.82678892362993,1
1675569600,0.24058058921599362,0.24492491920376658,0.2202387038043006,0.26876628947651326,-0.8401800191107007,-0.8193294525900774,-0.7138633835619341,-20.041011532557604,-6.342864768272662,-13.698146764284942,23326.18333333333,23347.06666666667,23308.86666666667,23364.38333333333,23287.983333333334,23385.26666666667,23270.666666666668,23304.448819748184,23327.750000000004,23351.051180251823,0.1997722047931708,0.898048506546161,45.06168358511219,23327.750000000004,23342.4775,23380.902500000004,23334.6846191579,23345.23101106764,23363.13445183491,47.37085347315071,43.76250693434823,65.34422627563319,-0.227355285369333,-28.44960372967916,0
1675572060,0.24412324176253905,0.2504968299851477,0.22534019494031993,0.2723403054448924,-0.7700121874124282,-0.749284614934207,-0.7296223344547034,-17.59255078982096,-3.1155232204288144,-14.477027569392147,23343.17889691828,23360.021103081723,23329.45779383656,23373.74220616344,23312.61558767312,23390.584412326883,23298.8944845914,23309.82453407676,23338.13,23366.43546592325,0.2425684142066869,0.9216500103677496,48.30343843360812,23338.13,23337.5925,23377.33375,23343.78974610527,23348.279918146243,23363.026408803016,54.10360287074633,48.412070440523216,63.18261401470132,-0.2086639314676524,-1.0081597204450985,0
1675574520,0.24868066147843443,0.2550129169082715,0.23227118634580723,0.27693807240770096,-0.6853507952609108,-0.6647665668411533,-0.7323463499783033,-14.458656466711544,0.0146968821444826,-14.473353348856028,23356.572781792474,23376.82721820753,23341.745563584947,23391.65443641506,23321.491127169887,23411.90887283012,23306.66390896236,23308.902365187103,23347.27,23385.63763481289,0.3286691318762103,0.857788538880288,50.83563867853528,23347.27,23333.395,23376.401250000003,23354.10149740352,23353.088114846927,23364.140560345582,60.92753157493102,54.1339959729427,61.66534353588566,-0.1792524138755767,34.54810220341973,0
1675576980,0.2532175266903426,0.2597508155663254,0.24718865008147806,0.27587851556641735,-0.55448288824809,-0.5342434055246291,-0.7328667658843123,-10.7735978777564,2.9598043768797027,-13.733402254636104,23371.661390896235,23394.163609103754,23352.222781792472,23413.60221820752,23329.72056358496,23436.10443641504,23310.28195448119,23319.06876642799,23360.17,23401.271233572013,0.3518915621933534,0.8394666969193003,53.41375356131598,23360.17,23337.307500000003,23375.70625,23365.425998269013,23359.44936669294,23366.420030788864,67.1361502347424,60.722428226806606,63.496390426179495,0.1675664216163896,74.78962642532757,0
1675579440,0.25785502601342114,0.25916523258611734,0.23600055227972558,0.2825384030826146,-0.7727696563512165,-0.7517871420328817,-0.7351370749257062,-7.8952916000525875,4.670488523666814,-12.5657801237194,23389.25833333333,23432.316666666666,23345.016666666663,23476.55833333333,23301.95833333333,23519.61666666666,23257.716666666664,23340.095743384387,23371.505,23402.91425661561,0.268782490606524,0.7375096007936857,53.04352357435592,23371.505,23344.285,23374.405,23372.42566551268,23364.354027294223,23368.32526595183,70.7196302816907,66.26110403045472,61.59664825288106,0.2992496778053513,68.72384903206324,1
1675581900,0.2598809696762186,0.2571955443799594,0.2320952728583583,0.2840780544976493,-0.776292947209925,-0.7553996778469221,-0.7418662172436483,-5.992968543734605,5.258249263987837,-11.251217807722442,23384.30833333333,23403.81666666667,23366.916666666668,23421.208333333336,23347.408333333333,23440.71666666667,23330.016666666663,23359.5182434375,23378.42,23397.321756562505,0.1617026006248803,0.5649410543374636,51.74432673250905,23378.42,23353.085,23371.615,23375.242110341787,23367.35784051345,23369.52047871832,71.6219190140853,69.82589984350615,58.73260194910384,0.3777979317709815,70.46167396976324,1
1675584360,0.25990904860274366,0.2612147730168487,0.24170014927307157,0.2831112966323958,-0.7562986300350105,-0.7354065154333073,-0.7487790896874996,-3.5308297555238823,6.176310441758847,-9.70714019728273,23380.191666666666,23391.283333333333,23369.783333333333,23401.691666666666,23358.691666666666,23412.783333333333,23348.283333333333,23372.312259422,23384.46,23396.607740578,0.1038958400407998,0.818577761448953,54.20896378295224,23384.46,23361.295,23369.365,23380.89474022786,23371.87459678373,23371.680433126097,74.12707831546483,72.15620920374695,58.21598752416784,0.3522078412362273,109.45147068017054,0
1675586820,0.26193280196649005,0.26101957869011144,0.2350858021449903,0.289484737373703,-0.6917948098516724,-0.6710107414562092,-0.7509549734464813,-1.6054409071439295,6.48135943211104,-8.08680033925497,23392.166666666668,23417.93333333333,23366.43333333333,23443.666666666668,23340.666666666668,23469.43333333333,23314.93333333333,23379.642841677243,23387.845000000005,23396.047158322766,0.0701403513043765,0.7319511432397937,54.06454412864274,23387.845000000005,23367.557500000003,23367.025,23384.479826818577,23375.47012464124,23373.5822966379,76.78746840549148,74.17882191168054,55.12198841529855,0.2684424231188401,90.53239794527728,1
1675589280,0.2628470766487814,0.25444507886685735,0.23155837484939318,0.2797813528742959,-0.6916577752329842,-0.6711724460836421,-0.7720494797055533,-1.5564275255674147,5.224298250950044,-6.780725776517459,23391.650000000005,23399.10000000001,23384.20000000001,23406.550000000003,23376.750000000007,23414.000000000007,23369.30000000001,23370.54362686006,23384.855000000003,23399.166373139946,0.1223986476712606,0.0901860749034226,49.30039042455004,23384.855000000003,23372.5125,23364.325000000004,23380.69488454572,23375.04373834283,23373.538744577145,77.33696510342725,76.08383727479453,53.65256067134887,0.2124459908054373,43.15732088947667,0
1675591740,0.26001680118582315,0.2579319593399205,0.2365634754395617,0.28329032586670216,-0.6582953891562505,-0.6377048587484345,-0.7936745315855436,-0.7165289784570632,4.851357438448317,-5.56788641690538,23373.09965714942,23389.099314298845,23357.12534285058,23405.073628597685,23341.12568570116,23421.07328574711,23325.15137140232,23369.88363487612,23384.16,23398.43636512388,0.1221028689838077,0.4576222662598003,51.72985647749403,23384.16,23377.8325,23362.815,23381.44658969715,23376.481240462315,23374.435054617417,72.11620068762211,75.4135447321803,52.4202349091095,0.2280350196637527,61.01831329438247,1
1675594200,0.2603451900832419,0.26125913536383294,0.23561354260733713,0.28870586813405574,-0.8126877789152611,-0.7915877379694057,-0.863265547843206,0.697540014043625,5.012341144759204,-4.314801130715579,23384.38333333333,23401.86666666666,23365.466666666664,23420.78333333333,23347.983333333334,23438.26666666666,23329.066666666666,23371.36560405084,23386.45,23401.53439594917,0.1290011604939176,0.6947376620117576,53.99519353187536,23386.45,23382.435000000005,23362.45625,23385.07272646477,23379.36192401462,23376.13885893957,69.15998329638951,72.87104969581297,50.00273649688245,0.1971404462377242,73.38593250922266,1
1675596660,0.2621730549793715,0.25394822058061906,0.23121570542111358,0.2760933506475845,-0.646955925715231,-0.6266890435134908,-0.8860049222729306,0.1541748085801373,3.575180751436573,-3.421005942856436,23391.649914287354,23401.27508571264,23382.69982857471,23410.225171425285,23373.074657149424,23419.85034285057,23364.12457143678,23364.82008052058,23382.355000000003,23399.889919479425,0.1499842037247459,0.1968905385485335,48.59816473965749,23382.355000000003,23383.4075,23360.500000000004,23380.623484309846,23377.9733923756,23375.71849142152,64.34378629500664,68.5399900930061,49.68289817567667,0.0416274291584406,-1.5163006386270883,0
1675599120,0.2594313488976358,0.23572416843896946,0.22817237947123137,0.24948960642965515,-0.3311355246793216,-0.31303771531060354,-0.9047338177407708,-4.3695919456586125,-0.7588688022417407,-3.610723143416872,23368.875,23390.95,23349.65,23410.175,23327.575,23432.25,23308.35,23318.11248154644,23368.1,23418.08751845356,0.427826981684942,0.0226308338916933,38.316874483339575,23368.1,23377.972500000003,23355.683750000004,23360.540656206565,23367.500957398217,23370.44768271471,52.66462152199142,62.0561303711292,53.77340085709366,-0.2325161044675329,-163.90148217307785,0
1675601580,0.24894801825943033,0.187253868122594,0.2177803015086944,0.1522767322012852,1.245889089087884,1.2375378690008927,-0.8676003159500846,-18.75892952295908,-12.118565103633763,-6.640364419325314,23324.108311905173,23375.716623810345,23268.76668809483,23431.058247620687,23217.15837618965,23482.66655952586,23161.81675237932,23175.584715159872,23330.235,23484.88528484013,1.3257499107071038,0.0265608461330027,23.859186915765388,23330.235,23357.545,23347.42625,23301.62710413771,23334.10078332581,23352.671712932355,42.98438010355719,53.330929306851765,74.85476278571277,-0.8734151912887292,-359.6533986142956,0
1675604040,0.2194700018622992,0.18326125689389752,0.18855887797908522,0.20580647325889592,-0.18334853530616765,-0.17095930330422948,-0.8661538517657111,-30.71628597785093,-19.260737246820494,-11.455548731030436,23178.23748928592,23355.474978571845,23006.562510714084,23527.149957143683,22829.32502142816,23704.38744642961,22657.650042856323,23102.40690337148,23288.155,23473.90309662852,1.595215221029936,0.1888124236578364,23.08644956594634,23288.155,23336.1575,23340.22125,23258.601402758475,23304.72791363021,23335.517264081656,37.22222022762346,44.29040728439071,77.81915358165328,-0.9145262689787071,-204.40560208998747,1
1675606500,0.2027345891268286,0.18350081356761905,0.17196913948048004,0.20372973414094206,-0.36981550886419157,-0.35556200957473577,-0.9197720277728412,-39.680695895745885,-22.58011773177236,-17.100578163973527,23196.635411309628,23242.77082261925,23126.41458869037,23312.991645238508,23080.279177380748,23359.12705654813,23010.05835476149,23074.90183146118,23244.335,23413.76816853882,1.4578448343548709,0.2901532485839458,23.247072349739053,23244.335,23315.3925,23334.23875,23230.142601838983,23280.81829297017,23320.06085797864,40.58381502890148,40.26347178669406,77.61800810899513,-0.8881190289071793,-157.04364063739538,0
1675608960,0.1944866670313075,0.17642058298873167,0.16559997460265813,0.19166316374869108,-0.21588781797774612,-0.2038328592065598,-0.9520803021840616,-47.8433453083926,-24.594213715535258,-23.249131592857346,23179.20937232148,23213.718744642963,23138.715627678524,23254.21248928592,23104.206255357043,23288.7218616074,23063.71251071409,23079.30537992028,23200.645,23321.98462007972,1.0460021269212256,0.3048040698954045,21.798141788444024,23200.645,23291.5,23326.3975,23204.520067892656,23257.628603339228,23304.176490552105,38.23121387283229,38.679083043119086,78.5452932440668,-1.0213874710373665,-134.61949181605837,1
1675611420,0.18682241527143587,0.1540442151692362,0.15619547393796213,0.16649165340521285,0.06686046689335587,0.07217294745070092,-0.9781106089397925,-58.72298977347964,-28.37908654449784,-30.3439032289818,23155.291666666668,23199.583333333336,23108.983333333337,23245.891666666663,23064.69166666667,23290.18333333333,23018.38333333334,23087.279254655667,23154.615,23221.95074534433,0.5816183542186417,0.0218735630627421,17.983306972798363,23154.615,23261.3575,23314.4575,23166.42171192844,23227.19158455028,23283.80015811857,32.14363886859181,36.98622259010855,82.5184529581413,-1.2886008468834087,-134.1764723646191,0
1675613880,0.17180155107578043,0.14759392991754364,0.14920483757241723,0.15199028542639526,-0.04403657623640471,-0.03683415764589241,-0.9789577556823762,-68.02757743389157,-30.146939363927807,-37.88063806996376,23101.931509747035,23163.16301949407,23028.99349025296,23236.101038988145,22967.76198050593,23297.33254873518,22894.82396101185,23046.777079209576,23132.265,23217.752920790423,0.7391227862072585,0.147815741433133,17.056639848343494,23132.265,23231.25,23301.88125,23134.96447461896,23198.98402372295,23263.63347639299,24.60381601078234,31.65955625073549,87.68142060398829,-1.2881247158862883,-120.83003988014096,1
1675616340,0.16106581653721833,0.12194362089051757,0.13066307480516243,0.11181612524804099,0.6768184721390579,0.6665120883328995,-0.9652912957140123,-80.30778055889823,-33.94171399114757,-46.36606656775066,23075.75,23151.3,22996.5,23230.55,22920.95,23306.1,22841.7,22974.11158738455,23097.71,23221.30841261545,1.0702222221635893,0.1038177273979204,13.973124637484275,23097.71,23192.932500000003,23285.3825,23089.90131641264,23162.764201227867,23238.5040976889,19.89898603777325,25.548813639049147,96.7255071544378,-1.6386940056750874,-136.07433944100967,1
1675618800,0.14287215923195257,0.09098757516402474,0.11262778509952677,0.08460368163346965,0.5837948897404173,0.5678622305239598,-0.9742490665829687,-95.97195359918624,-39.68470962514846,-56.28724397403778,22996.69121077009,23105.38242154019,22891.08378922991,23210.989843080377,22782.39257845981,23319.681053850472,22676.78515691963,22880.43959192214,23045.575,23210.710408077863,1.4331203111908637,0.0972244791459986,11.314656048246675,23045.575,23144.955,23263.695,23030.78421094176,23117.270710095527,23207.46085028996,18.43328256315855,20.978694870571392,106.8906006544878,-2.0509932210671566,-146.63359339548694,0
1675621260,0.1182965407365176,0.0810592819086654,0.08826608630397648,0.08958069434718784,-0.3413817281548679,-0.33555091808837884,-0.9903539886909587,-109.3823802991392,-42.47610906008112,-66.90627123905807,22925.195605385048,23038.391210770096,22799.35439461496,23164.232421540182,22686.15878922991,23277.42802692524,22560.31757845982,22826.98621898836,22991.835000000003,23156.68378101165,1.4339767227073936,0.1746715403602995,10.616981527649065,22991.835000000003,23096.24,23239.82375,22982.047807294508,23074.962399169064,23176.70981692901,16.79077016606625,18.37434625566603,110.39080118470788,-2.084356203917331,-140.31946073629135,0
1675623720,0.10104433887369592,0.06997756763168264,0.0711640570948168,0.06276211504809004,-0.03812396776007181,-0.04138599042997861,-0.979190999866814,-121.13348520309592,-43.38177117123027,-77.75171403186565,22897.422802692523,22968.945605385044,22813.05219730748,23053.31621077009,22741.52939461496,23124.839013462613,22657.158789229907,22783.850035797863,22944.46,23105.06996420213,1.3999890535853334,0.2163625543016254,9.884364052067406,22944.46,23049.5375,23213.755,22939.14853819634,23034.669235683778,23145.913643888154,14.98978035864504,16.737944362623292,115.51890138857055,-2.002647899101114,-136.12740915170352,1
1675626180,0.08687710623874163,0.08539791944384968,0.06367569997474205,0.10533526696615018,-0.5125595476089414,-0.502215120807006,-0.9982279313663688,-125.49365588052387,-38.193553478926574,-87.3001024015973,22845.8447346796,22940.6894693592,22758.50526532041,23028.028938718384,22663.660530640813,23122.873673397982,22576.321061281626,22811.0465687819,22909.41,23007.7734312181,0.8587164070842367,0.4359009753734741,18.329619814618887,22909.41,23020.8375,23189.19125,22925.03235879756,23009.60210192309,23122.18853494643,16.803005969632153,16.194518831447827,111.44969414653002,-1.2379333845184843,-98.12529883862008,0
1675628640,0.08750404788824576,0.0848300814024343,0.07306948020451455,0.10057308933359915,-0.5699206431541352,-0.5583704064831696,-1.0112657125289484,-127.60725221320172,-32.24571984928353,-95.3615323639182,22892.86666666667,22915.833333333336,22873.833333333336,22934.86666666667,22850.86666666667,22957.833333333336,22831.833333333336,22849.06799908704,22888.495000000003,22927.922000912964,0.3445137036136397,0.5850305608433164,18.26175104781957,22888.495000000003,22993.1025,23164.63,22915.088239198376,22988.80171975525,23100.570579237246,20.25634129137114,17.34970920654946,109.34614456463504,-1.1968902861359607,-83.60082506963899,1
1675631100,0.08753358562330299,0.07310067685946402,0.057770908871580214,0.08062923263186832,-0.4134457682866038,-0.4062645480035596,-1.0086962030755664,-130.44545729193123,-28.067139942410435,-102.3783173495208,22896.8,22937.0,22855.0,22978.8,22814.8,23019.0,22773.0,22843.19574956807,22878.415,22913.634250431933,0.3078819090564785,0.2690893502768502,16.872052559656506,22878.415,22961.995000000003,23138.69375,22897.442159465587,22965.774134345207,23077.86385740513,20.92158792326985,19.326978394757727,108.27141995287532,-1.3423897623226682,-90.37499664726688,0
1675633560,0.08168336160685741,0.10001974901027484,0.09716962798501963,0.1056575195879009,-0.191901134752958,-0.18790346446324577,-1.0012055358430139,-125.13185207108108,-18.202827777248217,-106.92902429383288,22852.722258501617,22904.54451700324,22810.327741498382,22946.939034006464,22758.50548299677,22998.76129250808,22716.11096599354,22829.15285660692,22889.1,22949.047143393083,0.5238051596007256,0.9078593009791546,30.03180302708621,22889.1,22940.4675,23115.983750000003,22910.961439643725,22960.724291736988,23064.543490033207,23.84781432932814,21.675247847989723,110.89131852766974,-0.9297820718667292,-39.8561450371785,1
1675636020,0.09221845263190133,0.11454398141333394,0.1045579944578752,0.11909068954463194,-0.2507679087684911,-0.2436343605153255,-1.0024992401276553,-116.27809468071791,-7.479256309508031,-108.79883837120988,22938.63333333333,23006.466666666664,22870.166666666664,23074.93333333333,22802.33333333333,23142.766666666663,22733.866666666665,22833.5739335326,22914.215000000004,22994.856066467408,0.7038518794329547,0.9012223723886116,35.92569644278346,22914.215000000004,22929.3375,23095.3475,22933.615959762486,22964.03351142117,23056.389348125285,31.0311518349956,25.266851362531213,111.52646049882098,-0.4820221543964844,-14.558784611331683,1
1675638480,0.10474847420423228,0.10208703437980017,0.08763511696528747,0.11704377888978706,-0.25400964696733336,-0.24827196700993684,-0.9985337007320945,-110.81628368051317,-1.6139562474426157,-109.20232743307054,22971.7805646254,23035.244435374592,22915.461129250805,23091.56387074919,22851.99725850161,23155.02774149838,22795.67782312702,22842.33075470271,22923.620000000003,23004.90924529729,0.7092182237996609,0.6242784326887534,33.33229402665947,22923.620000000003,22916.515000000003,23073.8825,22937.018973174992,22960.35923661732,23045.66893401812,38.84906572724984,31.24267729719121,109.08885617747671,-0.5557590244473385,-25.68491441097362,1
1675640940,0.1047847028352524,0.11984084564340305,0.11465542863744474,0.12194917990978242,0.01440819396379461,0.01556241978957929,-0.9827457598657496,-101.2836251056433,6.334961861941792,-107.61858696758507,22942.141666666663,22981.68333333333,22904.283333333333,23019.541666666668,22864.741666666665,23059.083333333336,22826.88333333333,22851.968957102632,22943.35,23034.731042897365,0.7965797749445184,0.7763155157723381,39.98211655807727,22943.35,22915.9225,23054.4275,22955.96264878333,22966.44846632326,23040.73379744496,46.40624786896234,38.762155143735946,111.33250930765696,-0.0257611215762019,23.66042643438725,0
1675643400,0.11368016265820169,0.139422385602811,0.12587870913668775,0.1407424020213516,-0.3398617280036489,-0.32928718873866586,-0.9751764841704098,-88.25936411273506,15.48737828388002,-103.74674239661508,22988.983333333334,23061.666666666668,22921.166666666668,23129.483333333334,22848.483333333334,23202.166666666668,22780.666666666668,22900.58796111644,22980.725,23060.862038883555,0.6974282916100921,0.92614501952865,46.33964109171114,22980.725,22929.57,23037.262500000004,22986.983432522225,22981.46238153721,23041.52343578354,55.11515742657779,46.79015700759667,111.94543994750084,0.5956342703016405,85.20290008109849,1
1675645860,0.12791914770956242,0.12544824630237336,0.10825217769430298,0.14063983197136984,-0.4884779077208299,-0.47630160380118747,-0.9669557240585361,-80.19039194891229,18.845080358162235,-99.03547230707451,23035.50382057818,23102.221179421827,22982.30764115636,23155.41735884365,22915.590282312707,23222.1347176873,22862.394102890885,22925.704200429773,22995.055,23064.405799570228,0.6031801147701324,0.6052258956670113,42.85118609412074,22995.055,22942.0775,23019.15875,22994.538955014817,22986.5874030759,23038.487870470824,62.74254493024637,54.75465007526218,109.70112280839372,0.5465471829824269,69.6195219206338,0
1675648320,0.12805122435607458,0.11396727090252094,0.09793585979226847,0.1340157503020334,-0.7179943214310248,-0.7018145671444108,-0.9643514638158526,-75.53532382114281,18.80011878874538,-94.3354426098882,23005.58333333333,23042.666666666664,22972.566666666666,23075.68333333333,22935.483333333334,23112.766666666663,22902.466666666667,22925.06536477502,22994.73,23064.39463522498,0.6059182710558539,0.3749006583920926,40.17524011592965,22994.73,22954.4725,23002.005,22988.792636676542,22984.898784334822,23032.660454235505,66.25031837324245,61.369340243355545,106.12604260779428,0.5423712497292552,53.229378764186286,0
1675650780,0.12237649052209865,0.0917328625933809,0.09231052196266634,0.08936585926601938,-0.39577260193062264,-0.3882426587260072,-0.9557113325370729,-76.02511005926499,14.64826604049857,-90.67337609976356,22978.85928847788,23007.718576955755,22948.44071152213,23038.137153911503,22919.58142304425,23066.996442389383,22889.162846088497,22900.72378927321,22988.895,23077.06621072679,0.7670765447994656,0.0789725501782094,35.54574538962273,22988.895,22956.2575,22988.5475,22964.078424451032,22972.126278092128,23021.42136335593,58.9668587436289,62.65324068237258,110.54482047272444,0.0779584920163452,-34.22199679066504,0
1675653240,0.10842136856181267,0.08782897605865546,0.0784768730591888,0.11077775568906341,-0.5104752153106149,-0.499962422013533,-0.9538062740066229,-76.41995557278278,11.40273642158462,-87.8226919943674,22911.079644238936,22996.85928847788,22828.870355761057,23079.06857695576,22743.09071152212,23164.84822119469,22660.88142304424,22860.102472259,22970.855,23081.607527741,0.9642873784280004,0.1965983469146591,34.78776506201858,22970.855,22957.1025,22975.1025,22943.93561630069,22959.67604571173,23010.20504303632,52.69371392100331,59.30363034595823,107.56800946455914,0.0369072993465911,-27.988706980261405,0
1675655700,0.09949176759002791,0.08892028979449813,0.06962500024551037,0.11131484339198258,-0.7955402651141653,-0.7784125027677797,-0.9729646555844667,-75.61312564095351,9.767653082731115,-85.38077872368463,22914.23982211947,22943.379644238943,22874.510177880533,22983.10928847788,22845.37035576106,23012.24911059736,22805.640711522123,22856.20960447959,22942.395,23028.58039552041,0.7513199517348529,0.2930623872837316,35.20373067385633,22942.395,22961.56,22961.777500000004,22931.5320775338,22950.04858285506,23000.349800842385,46.59214292764784,52.7509051974267,102.89956115846226,0.1949729137460697,-39.457647322913,1
1675658160,0.09557265101089035,0.08473248423906564,0.06613848879902726,0.10494140265067534,-0.6465791423977435,-0.6331975892137537,-0.9779291650731959,-75.06061642779969,8.256129836707956,-83.31674626450764,22907.37824439307,22928.15648878614,22885.946755606936,22949.58797757227,22865.168511213866,22970.36622196534,22843.737022427733,22860.237138213048,22919.45,22978.66286178696,0.5167040377230082,0.2929081684293351,34.29958424634564,22919.45,22957.2525,22948.86,22919.329718355864,22940.026113245047,22990.3093436193,41.32883805195685,46.87156496686935,99.12816393285796,-0.1877888220420295,-68.8814130049841,1
1675660620,0.0915190861848353,0.04627032940262423,0.0617217174442142,0.018864146796163647,1.097120937572825,1.054507154755985,-0.9333156245007188,-82.4176463442418,0.719279936212672,-83.13692628045447,22894.20833333333,22919.616666666665,22869.516666666663,22944.30833333333,22844.10833333333,22969.716666666667,22819.41666666666,22785.711805117026,22881.300000000003,22976.88819488298,0.8355136717142592,0.0043844058568296,27.35152627479656,22881.300000000003,22938.015,22933.67625,22875.069812237245,22912.12136538231,22970.90369184604,37.71389958982556,41.87829352314344,111.90087960156814,-0.8371801552944708,-204.2259820104539,0
1675663080,0.07026027339962143,0.03624443898389624,0.040647953057752206,0.053094536395544956,-0.6481776893805596,-0.636587537602447,-0.9305200813206091,-89.49602993866938,-5.087282926571916,-84.40874701209746,22773.7653944316,22919.1307888632,22641.1846055684,23051.7115777264,22495.8192111368,23197.076972158,22363.2384222736,22721.814270071984,22850.03,22978.24572992801,1.1222368629539237,0.1422825808834064,25.879856192190907,22850.03,22919.4625,22917.98875,22836.146541491496,22884.153844403707,22950.655721194034,31.74967003672785,36.93080255950344,112.65425189055604,-0.8086053654959513,-162.18116958724744,0
1675665540,0.05461767339212094,0.04250840237825167,0.025361742408361938,0.06240405657947726,-0.6307474391744317,-0.619263776545425,-0.932619197489752,-92.61389708599744,-6.564120059119986,-86.04977702687746,22776.249363882467,22828.49872776493,22706.050636117536,22898.697455529866,22653.80127223507,22950.946819412333,22583.602544470137,22698.314326429525,22824.49,22950.66567357048,1.1056165861360026,0.3076491346293928,28.46944857694859,22824.49,22897.6725,22906.7975,22816.081027661,22864.480418148487,22934.01708108032,31.544644796871523,33.66940480780833,108.39323389837344,-0.9476446962992184,-142.8603752799987,1
1675668000,0.04992851028404732,0.065541332933131,0.05347271770270341,0.07642635053107251,-0.41856277108555984,-0.41162272649933707,-0.9345623938943247,-88.82403348819935,-2.2194051690575094,-86.60462831914184,22776.316666666666,22802.63333333333,22749.63333333333,22829.316666666666,22723.316666666666,22855.63333333333,22696.63333333333,22711.16500448848,22811.315,22911.464995511524,0.8780729695900921,0.6474538258796079,37.162965562377806,22811.315,22876.855000000003,22903.2125,22824.337351774,22860.18397848512,22925.144025739333,35.476862915489505,32.923725916362976,108.2901457627754,-0.9031835403016087,-68.07638300898962,0
1675670460,0.05910096468068953,0.07995022323402749,0.07215473006978056,0.08568000949201018,-0.3014539306415657,-0.2964613897972291,-0.9274143683402276,-81.60378100002708,4.000677855291812,-85.6044588553189,22837.637340970618,22886.112659029382,22792.37468194124,22931.37531805877,22743.899363882465,22979.85063611754,22698.63670485308,22717.27670029522,22808.620000000003,22899.963299704785,0.8009541980600501,0.8986608773461313,41.91858549512304,22808.620000000003,22864.035,22903.05625,22843.374901182666,22864.050527851465,22920.982689954635,44.39495980882007,37.13882250706038,109.19756310429688,-0.5571575404232604,-23.59927891066596,1
1675672920,0.07089199402997558,0.06980899071313819,0.054281919744968286,0.08990294696893855,-0.6792332028094156,-0.6654428536702033,-0.9324405379730304,-77.29641758621801,6.6464330152807065,-83.94285060149872,22877.48533715197,22939.964662848022,22818.97067430395,22998.47932569605,22756.4913486079,23060.958651392102,22697.97668575988,22727.98668478101,22821.885,22915.78331521898,0.8228795756264923,0.6650189352584703,39.64443807806975,22821.885,22851.5925,22903.0325,22846.541600788445,22862.01861369665,22914.49624329229,49.96560214352926,43.27914162261296,105.56916573970436,-0.5415127103706671,-39.45514296878136,0
1675675380,0.07171664118088036,0.06442340178909677,0.052944977240356586,0.08711009091375913,-0.4903529135604295,-0.4816114912689682,-0.9795823443273343,-74.25137311573053,7.753181988614557,-82.00455510434509,22854.95833333333,22883.116666666665,22824.716666666664,22913.358333333334,22796.55833333333,22941.516666666663,22766.316666666666,22768.67197863772,22837.765000000003,22906.858021362288,0.6050769097789128,0.4995296196437734,38.451408020015855,22837.765000000003,22843.8975,22900.0775,22843.59440052563,22857.597047569987,22907.18231535969,49.7374900427256,48.03268399835832,102.48565390115414,-0.3358113695823446,-40.16125190245484,0
1675677840,0.06943603685877238,0.061459997010463494,0.04713983215454149,0.08245533082179297,-0.7272224956185322,-0.7124631902866243,-0.9973041851764541,-71.685581885391,8.25517857516327,-79.94076046055427,22846.033333333336,22873.06666666668,22810.66666666667,22908.43333333333,22783.63333333333,22935.466666666674,22748.26666666667,22812.149402457413,22848.445,22884.740597542583,0.3177073760825878,0.2369515686083349,37.77773753055597,22848.445,22836.4675,22896.785,22838.84626701709,22852.46122073908,22899.769713896865,47.7419174084946,49.14833653158317,99.37239290821466,-0.3244024424054808,-43.80401314114276,0
1675680300,0.06681395888588441,0.04831099736395669,0.03954036949674642,0.06007667653349418,-0.13719376875262565,-0.1395363375790027,-1.0291200425819576,-71.8139724384273,6.5014304177015845,-78.31540285612888,22833.416666666668,22860.833333333336,22801.93333333333,22892.31666666667,22774.516666666663,22919.733333333337,22743.033333333333,22780.28933633733,22838.735,22897.18066366267,0.5118117414355129,0.1027506825142003,34.859362278952204,22838.735,22825.025,22893.292500000003,22823.330844678057,22841.522816968336,22889.534503049545,45.83027034970567,47.76989260030863,99.40293627191356,-0.499525794280934,-82.76980794593733,0
1675682760,0.05892809429123142,0.06048402537678213,0.0689882872956996,0.05692576200970197,0.5479251169000197,0.5278223676359192,-1.041571742731345,-68.35998814307459,7.964331770443437,-76.32431991351802,22793.033333333336,22842.56666666668,22742.76666666668,22892.833333333336,22693.233333333337,22942.366666666672,22642.966666666674,22787.856584835205,22827.765000000003,22867.6734151648,0.3496480287474353,0.4854040808787603,39.5176313523864,22827.765000000003,22818.1925,22887.7225,22824.420563118707,22838.809577519547,22883.54074085435,48.77945469728033,47.45054748516022,106.03844082391969,-0.2984285818800486,-24.27067615860605,1
1675685220,0.06107197760420253,0.08344597617648566,0.06856609492582189,0.08766847197032644,-0.5348825065085411,-0.524287832777088,-1.0508391014866767,-59.713590325998666,13.288583670015498,-73.00217399601416,22829.43333333333,22924.16666666666,22731.86666666666,23021.73333333333,22637.13333333333,23116.46666666666,22539.566666666666,22771.5642269283,22835.45,22899.3357730717,0.5595315447840885,0.9371082739917542,47.18929223116879,22835.45,22828.6675,22883.34125,22846.713708745803,22848.35329069781,22884.279717915844,59.36696049206754,51.3255618463512,105.98144727013958,0.4597010078313582,62.09488753196134,0
1675687680,0.07362546357515146,0.08491880609640533,0.06779207558104629,0.10033309508239141,-0.5830140573602194,-0.57096894954806,-1.0717620628836513,-51.92779613511084,16.859502288722666,-68.7872984238335,22879.21982297633,22937.880177023668,22832.63964595267,22984.460354047333,22773.979291905336,23043.120708094662,22727.39911488167,22766.851812241497,22847.0,22927.148187758503,0.7016079814286593,0.8022526232657125,47.647985642630886,22847.0,22842.3825,22880.9225,22862.95913916387,22856.916328752755,22885.34355430481,73.96200314452203,60.70280611128998,103.24493428909445,0.6026372795859157,89.43138493026476,1
1675690140,0.08063865801202233,0.06632211024007764,0.05414118895500863,0.08170340803770666,-0.47986294415716285,-0.47145089740376867,-1.075678434511872,-49.4161021549553,15.496957015102566,-64.91305917005786,22891.659911488165,22927.39008851184,22859.71982297633,22959.330177023672,22823.989645952657,22995.060354047346,22792.049557440823,22771.27366581156,22849.74,22928.20633418845,0.6868028624259876,0.4573702526746585,42.6149462162432,22849.74,22849.0925,22873.3825,22856.322759442584,22854.39517807044,22881.31559675197,79.11676520644805,70.81524294767922,102.40958183987334,0.2946090064300377,15.234280614450675,0
1675692600,0.0748464465430059,0.06295944433857473,0.05948895897345672,0.07328903402530632,-0.23867955081375802,-0.2369364621502463,-1.0904630680469325,-47.64094473854493,13.817691545210351,-61.45863628375528,22843.916666666668,22883.93333333333,22803.033333333336,22924.816666666666,22763.01666666667,22964.83333333333,22722.13333333334,22799.22469796763,22857.995000000003,22916.76530203237,0.5142209719826393,0.2922420069701956,41.75605557758512,22857.995000000003,22848.365,22862.61,22848.740172961723,22850.609691148537,22876.768873251785,74.43378846987463,75.83751894028158,103.63746885131086,-0.0318508286688009,12.68023024926462,1
1675695060,0.07026892454297062,0.05475241014625419,0.05097474618092766,0.06240405657947726,-0.2045704681643034,-0.20448650747049435,-1.0949406916506832,-47.55196448650168,11.12533743780289,-58.677301924304565,22837.99166666667,22895.583333333336,22775.983333333337,22957.591666666667,22718.39166666667,23015.18333333333,22656.38333333334,22788.190818811083,22854.765,22921.33918118892,0.5825846924168029,0.1671757788935722,39.65535124249599,22854.765,22841.265000000003,22852.65,22835.976781974485,22843.30792912153,22870.45279008495,59.087457369286646,70.87933701520312,105.22050679050288,-0.3102950206389892,-56.417508752039446,1
1675697520,0.06387644310598155,0.09823638266145657,0.14276640393178622,0.06491046585976672,1.0002475827911785,0.9812042712101267,-1.0642206427673775,-37.1662738105515,17.208822491002458,-54.37509630155396,22812.08333333333,22874.166666666664,22748.366666666665,22937.88333333333,22686.283333333333,22999.966666666664,22622.566666666666,22773.770100184887,22863.1,22952.42989981511,0.7814329624163939,0.8911064500498844,53.11435736921788,22863.1,22849.275,22850.433750000004,22868.309521316325,22859.61103291761,22876.40728626733,52.26744225198152,61.9295626970476,124.8261848768956,0.3505029454718434,210.5451411371492,1
1675699980,0.08242326602164621,0.1351458553534062,0.15040104928707057,0.10920878526574826,0.8337895967555122,0.8223441877804003,-1.0491372237943026,-20.30949309508287,27.25248256517688,-47.56197566025975,22942.224999999995,23127.44999999999,22747.74999999999,23321.925,22562.525,23507.14999999999,22368.04999999999,22723.70308170153,22891.405,23059.106918298472,1.4651955028402424,0.934014117062503,61.05444712901598,22891.405,22869.2025,22856.55,22924.531347544216,22891.85902693259,22891.69944947997,53.81406414311946,55.05632125479588,135.7444490498305,0.872570355158347,256.1038864775924,1
1675702440,0.11015232830953452,0.12472957628120747,0.107337427559569,0.1358060426450973,-0.1621136562976362,-0.15661397629138404,-1.041152414763891,-9.212476943703225,30.67959897324522,-39.89207591694844,23025.36437223401,23170.010627765994,22892.32874446801,23303.04625553199,22747.68248893602,23447.69251106398,22614.646861170026,22743.418229967203,22924.32,23105.2217700328,1.578252005143854,0.7302492672816231,58.06586046077891,22924.32,22887.03,22861.74875,22952.229231696147,22912.907385672115,22902.739978100926,61.692856913606256,55.924787769569086,131.90377411769967,0.7809026538206364,160.60437891134748,1
1675704900,0.11880846183941875,0.1361040820482949,0.11743486173913854,0.14591610249676754,-0.29595882966251325,-0.28642388486200054,-1.0328209586868622,2.143447128670232,33.62841843649494,-31.48497130782471,22999.541666666668,23044.083333333336,22963.083333333336,23080.541666666668,22918.541666666668,23125.083333333336,22882.083333333336,22792.373047029712,22965.54,23138.70695297029,1.508059056919964,0.714056431462191,60.34837798760189,22965.54,22911.7675,22868.39625,22981.377821130765,22935.95604282264,22915.781408757983,69.24514200298934,61.58402101990503,128.30094888247078,1.0853446119961725,146.49892885825395,0
1675707360,0.12882406330727747,0.12927228061252538,0.12035502563079072,0.13763214083502195,-0.397917579226706,-0.3874894081338596,-1.0292433823279459,9.4804993548496,32.772376530139454,-23.29187717528985,23029.2035930585,23075.171406941496,22993.707186117,23110.667813883,22947.73937223401,23156.63562776599,22912.242965292506,22929.43226252538,23007.535,23085.63773747462,0.6789318149434006,0.5825195147877621,58.29593071568314,23007.535,22931.15,22874.671250000003,22994.39354742052,22951.314035036703,22925.747465066743,67.94312013216913,66.29370634958825,127.20088110515154,0.8491190102775025,106.77542443536254,1
1675709820,0.130415794055836,0.1324752420648789,0.13689089345099129,0.15055805155194413,-0.17725102012626678,-0.16911769885387332,-1.0245758036283379,15.840805237414315,31.30614593016333,-15.465340692749018,23017.841666666664,23075.58333333333,22962.683333333327,23130.741666666665,22904.941666666666,23188.48333333333,22849.78333333333,23003.426829252523,23026.83,23050.23317074748,0.203268715211592,0.5559753212132856,58.99996179023668,23026.83,22944.965000000004,22886.81625,23006.07903161368,22965.520574120936,22935.62389696515,69.66013688930867,68.94946634148907,126.95796102621208,0.6035043881299946,108.21470832018572,1
1675712280,0.13281321951416408,0.12404639613763078,0.10564865808005941,0.1416065898366246,-0.32206953688905376,-0.3132866669917576,-1.0178937305333047,18.74884198030486,27.3713461384431,-8.622504158138243,23048.55,23100.9,22977.1,23172.35,22924.75,23224.7,22853.3,22994.766997345137,23020.575,23046.383002654864,0.2242168378058604,0.2118141957956407,56.306131854477,23020.575,22955.99,22899.18625,23005.95268774245,22972.825924280765,22942.2978115399,66.9872551333491,68.1968373849423,122.1752495243398,0.4815367245457067,61.40092652844102,0
1675714740,0.12979730044319593,0.1234430682186275,0.10469872524783487,0.1404966085839242,-0.5227495370331441,-0.5101285079865218,-1.0202173507196635,20.677943793336453,23.44035836117976,-2.762414567843304,23002.7,23034.2,22974.2,23062.7,22942.7,23094.2,22914.2,22992.47166913354,23019.85,23047.228330866456,0.2378671526222539,0.2105375035952712,56.10865405186265,23019.85,22972.085,22910.588750000003,23005.301791828304,22978.493938047897,22948.17421044086,65.6950672645738,67.44748642907719,117.76273170117275,0.704590674187541,51.48872616247936,1
1675717200,0.12798766199991599,0.11850110276444123,0.09787285071781693,0.14010274426845065,-0.6580844667849698,-0.6430634998441481,-1.0228371330007782,20.842876053764485,18.88423249728623,1.9586435564782545,23000.2,23032.300000000003,22971.9,23060.6,22939.8,23092.700000000004,22911.5,22982.52993793749,23009.93,23037.330062062512,0.2381585868580391,0.1376833024191464,54.424852822777886,23009.93,22987.735,22918.05,23000.226194552204,22980.59958567555,22952.164761827444,62.10125048052712,64.92785762615001,112.3581633188916,0.6853942056817647,34.782042975681904,0
1675719660,0.12461173760703648,0.09443009329009978,0.09452631222759915,0.09516640645754669,-0.14590328734224683,-0.14423961111942107,-1.0084168044325754,15.324029522147612,10.692308772535483,4.631720749612127,22988.724591449747,23010.44918289949,22968.350408550257,23030.823365798984,22946.62581710051,23052.54795724873,22926.25163420102,22917.69513497932,22990.295,23062.89486502069,0.631569669033732,0.0313696521294454,47.022850668877794,22990.295,22998.915,22920.09,22974.234129701472,22969.990570098176,22949.31573689149,54.84006320036665,60.87879364848919,115.6245007371577,0.4901262360014786,-32.51882742370712,0
1675722120,0.11088767428032448,0.0785395005998873,0.08092171069626754,0.09495157137637954,-0.5153873920846914,-0.5052674402391565,-1.0091869692627387,7.253719225045643,2.097598780346813,5.15612044469883,22921.11229572488,23000.724591449747,22842.63770427513,23079.19918289949,22763.025408550257,23158.811478624364,22684.55081710052,22857.27686907421,22959.9,23062.52313092579,0.8939336053361656,0.0984092511287358,42.87705957754763,22959.9,22993.365,22921.32,22941.981086467647,22953.16955735305,22942.473761949448,44.05811296114896,53.66647554734758,115.93835379788278,-0.2420095953534158,-60.118710702389976,0
1675724580,0.09607995256008428,0.04312947523605019,0.06624288353007317,0.023160848419517016,2.3155109203057163,2.234068519469908,-0.9290976608011835,-7.111096184082271,-9.81377330302488,2.70267711894261,22893.097814529105,22945.295629058208,22825.2771854709,23013.116258116414,22773.0793709418,23065.31407264552,22705.25874188359,22749.69918894187,22914.3,23078.900811058127,1.4366645374995342,0.0850567226191997,35.389451316761765,22914.3,22967.4375,22918.32,22887.220724311766,22921.26600147068,22926.781022716168,33.29861675723571,44.065597639583785,127.57109436900896,-1.125473288051032,-155.19127560412778,0
1675727040,0.07097020168488283,0.041612282969143724,0.041351701736760726,0.05939636544312938,-0.20933076571914438,-0.21006594139088616,-0.9182335336583359,-18.625568699109863,-17.06259665444198,-1.5629720446678848,22779.09890726455,22917.79781452909,22639.00109273545,23057.8956290582,22500.3021854709,23196.594536322747,22360.2043709418,22700.77294965422,22868.185,23035.597050345776,1.4641481197198465,0.2169857253277819,35.10656914639895,22868.185,22944.0175,22915.52375,22849.288816207845,22894.385819385097,22912.175687219387,27.799854912979168,35.05219487712129,126.09089912099626,-1.0179234058274191,-136.38797799463362,1
1675729500,0.05765669252325599,0.05214390414350505,0.036620205605094235,0.06465982493173751,-0.2707558176518771,-0.2690903584567801,-0.9089946930403447,-25.067385413734883,-18.8035306952536,-6.263854718481285,22787.824453632275,22834.04890726455,22727.20054636772,22894.672814529105,22680.976092735444,22940.89726816138,22620.35218547089,22712.73764466152,22830.79,22948.84235533849,1.0341504200116445,0.3827215267302056,38.76560344443836,22830.79,22920.36,22916.06375,22833.892544138565,22877.788397678712,22901.78752653183,27.865186615186445,29.65455276180045,122.705834898068,-1.0268156994402236,-124.82008843737374,0
1675731960,0.056266009465345254,0.06425482487055102,0.04471222602774558,0.08281995616299816,-0.29076868294722086,-0.28752582243331687,-0.8997731817158466,-27.10650237916707,-16.674118128548628,-10.432384250618442,22798.13333333333,22839.966666666664,22761.266666666663,22876.83333333333,22719.43333333333,22918.666666666664,22682.566666666666,22735.549070907546,22813.785,22892.020929092447,0.6858654019265155,0.6498032954418138,42.76241491245455,22813.785,22902.04,22916.595,22835.00336275905,22870.4132344644,22895.63871448117,31.69562419562365,29.120221907929764,117.86256097677754,-0.7958150207913379,-78.90420020799066,0
1675734420,0.061626428365002435,0.06299493421616262,0.045415879977541346,0.08342208868704774,-0.6547340432904485,-0.6419185353264389,-0.8985454230575766,-28.67838601443509,-14.59680141105332,-14.081584603381772,22834.08111340807,22861.143886591934,22810.162226816137,22885.062773183865,22783.099453632272,22912.12554636773,22759.18056704034,22751.310318571585,22805.025,22858.73968142842,0.4710775930166,0.7666868651001713,42.45198994127494,22805.025,22882.4625,22913.71375,22834.56057517269,22863.73355547087,22889.73740834012,36.56852610981,32.043112306873375,113.10809233557907,-0.8501071454159845,-67.59170467019841,1
1675736880,0.06367666127207382,0.06861120734452925,0.054844842904804396,0.08352950622763132,-0.6059680238983781,-0.5940147425013107,-0.9038216214325636,-28.32070640087477,-11.391297437994396,-16.929408962880373,22834.125,22859.55,22808.25,22885.425,22782.825,22910.85,22756.95,22764.198728147647,22819.385,22874.57127185235,0.4836788708578399,0.7728486541052538,44.389962673036464,22819.385,22866.8425,22911.41625,22839.540383448468,22861.14563629435,22885.905274212484,40.63171476015474,36.29862168852947,110.58608574018052,-0.6789621702447686,-48.914006989234295,1
1675739340,0.06751005344085603,0.07820234676279841,0.05836311265378324,0.09416354467178943,-0.6088220811723464,-0.5964633558487429,-0.9038249725027101,-25.56188953667879,-6.905984459038734,-18.655905077640057,22848.43333333333,22887.86666666667,22810.06666666667,22926.233333333334,22770.63333333333,22965.666666666668,22732.26666666667,22792.39288598509,22840.005,22887.61711401492,0.416918595376098,0.8835158420875824,47.63320931664892,22840.005,22854.095,22913.09,22851.868588965648,22863.94188424083,22885.01191476368,44.37725882679996,40.52583323225491,106.83713907816598,-0.5541427577812491,-25.51067859015872,0
1675741800,0.07422255686834527,0.08074874547976679,0.05832792995629396,0.10093547449624835,-0.5366489539472068,-0.5259906711574522,-0.906199915122836,-22.536755075707333,-3.1046799984538183,-19.432075077253515,22870.674722509342,22902.650277490666,22844.549445018685,22928.77555498132,22812.573890037365,22960.75110996264,22786.44861254671,22815.316728767622,22856.125,22896.933271232378,0.3570882748705443,0.8378604283795599,48.49210705908195,22856.125,22843.4575,22915.59625,22862.47905931044,22867.53426892431,22884.88697050047,47.85411453989432,44.28769604228302,101.99790887515356,-0.4626996649641203,-11.61692933598254,0
1675744260,0.0788520710311838,0.08449292756534411,0.06786244097602612,0.10279305183899866,-0.4393239126702611,-0.43099202597403663,-0.9000144657472477,-19.06821092450992,0.2910913221948839,-19.3593022467048,22879.33736125467,22901.06263874533,22861.97472250934,22918.425277490664,22840.24944501868,22940.150554981326,22822.88680627335,22822.56264071596,22867.53,22912.49735928404,0.3932856699786748,0.7971043933358833,49.795991592020215,22867.53,22840.6575,22919.78625,22873.069372873622,22872.391674574435,22885.778687595663,54.97333691587064,49.06823676085498,99.0694868126426,-0.1221520574987184,14.42707929287944,0
1675746720,0.08303901192276657,0.09281530385982725,0.07574336521373924,0.10982998242074844,-0.5874176458224107,-0.5748894734933113,-0.8959485722507121,-14.262733758478134,4.077254790581328,-18.339988549059463,22893.61666666667,22924.43333333333,22863.43333333333,22954.61666666667,22832.61666666667,22985.43333333333,22802.43333333333,22839.73538564084,22884.335,22928.93461435916,0.3897829179581747,0.8740503194860871,52.66432103514456,22884.335,22844.68,22919.0225,22887.94624858242,22880.629551924536,22888.81881258655,62.37897711590848,55.068809523891154,96.54645054452529,0.1758279705256029,51.62586597374429,0
1675749180,0.08929387671437343,0.10248629550266981,0.08777584775524713,0.11614022209329398,-0.5250678325065066,-0.5134118899349441,-0.8904876864606289,-8.161431320608244,8.142845782760975,-16.30427710336922,22915.451006980333,22948.448993019665,22884.702013960665,22979.197986039333,22851.70402792133,23012.195972078665,22820.955034901664,22853.42525999074,22903.425,22953.424740009257,0.4366136506593049,0.9152521592343548,55.822930169011045,22903.425,22861.405,22914.42125,22906.947499054942,22892.324178847342,22894.164639959257,73.00282059031562,63.451711540698255,95.3876676148808,0.7342707999490569,97.82744191457296,0
1675751640,0.09725704454401478,0.10021494333701086,0.07683402883592216,0.1218059565223381,-0.6814197721298919,-0.6665933714570633,-0.8910891759022607,-3.798742159084213,10.004427955428003,-13.803170114512218,22941.8088368235,22983.541163176506,22903.217673647,23022.132326353003,22861.485347294,23063.864652706005,22822.894184117496,22867.94928988624,22915.83,22963.710710113763,0.4178832720766781,0.7372562974318726,54.89642155274014,22915.83,22877.9175,22910.9675,22917.48166603664,22900.728873602373,22898.391817105992,79.01963001791165,71.46714257471193,90.9599770709606,0.7250775849482456,100.04102076967033,1
1675754100,0.10010289610006126,0.09500680380091149,0.07985974082004474,0.11292610650074009,-0.45656462788209506,-0.44705057252964614,-0.8849284190828949,-1.5080456119139851,9.836099602078589,-11.344145213992572,22934.58333333333,22953.266666666663,22919.866666666665,22967.98333333333,22901.18333333333,22986.66666666666,22886.466666666667,22888.36534364953,22923.865,22959.36465635047,0.3097178974878095,0.5001408464338825,52.73509979751072,22923.865,22889.995000000003,22905.1775,22919.61277735776,22904.93726022012,22900.818786905424,82.99441100219389,78.3389538701404,89.23426442303504,0.529642899430347,84.21724375134971,0
1675756560,0.09892162307105583,0.08632952873054553,0.06905981857800883,0.10694653007490769,-0.42232055776721256,-0.41408901166431467,-0.8752613771646244,-1.6465819853619903,7.758050582904467,-9.404632568266456,22924.291666666668,22957.483333333337,22890.68333333333,22991.09166666667,22857.491666666665,23024.28333333334,22823.88333333333,22892.772861923266,22924.9,22957.02713807674,0.280281598408188,0.1035283326646061,49.25560281100924,22924.9,22896.215000000004,22899.1275,22912.88351823851,22903.93503108919,22900.686045295384,80.85525043347626,80.95643048452727,86.63205366487614,0.2723623382438294,47.93912247876961,0
1675759020,0.0939921340296807,0.0935960811667726,0.08182997187947239,0.1040462564791434,-0.33752388282867246,-0.3310770614557986,-0.868774729173677,-0.1030240786858485,7.441286791664488,-7.544310870350336,22900.342771269603,22926.285542539204,22873.4822287304,22953.146085078413,22847.5394574608,22979.08885634801,22820.678914921584,22893.56097230874,22925.340000000004,22957.119027691268,0.2772393141498774,0.4144089609529209,52.10551779800119,22925.340000000004,22904.8375,22893.65,22915.22234549234,22906.837752709336,22902.51594574344,78.07460505140087,80.64142216235702,87.38690697452789,0.3776220866768148,63.684262590285016,1
1675761480,0.09516084576615937,0.11423344498443404,0.10624676393738607,0.12148370390058606,-0.22932441773895898,-0.2231237449176809,-0.8965637976375643,5.746236663908348,10.632438027406948,-4.8862013634986,22916.56666666667,22966.83333333334,22869.63333333334,23013.76666666667,22819.36666666667,23064.03333333334,22772.43333333333,22879.52296536793,22931.96,22984.397034632064,0.4573271070773257,0.939479466405758,59.126475929407626,22931.96,22917.6925,22892.2675,22936.16489699489,22919.785434034908,22909.70966519645,77.00624520565485,78.645366896844,89.56641361920457,0.5625943674916268,142.34854135399638,0
1675763940,0.10606439486293406,0.12710739807963142,0.11553499607468945,0.13305921114837246,-0.36032714592843257,-0.35024630360405384,-0.9091127908109846,13.157238822190266,14.434752148551093,-1.2775133263608267,22975.316666666666,23035.63333333333,22917.73333333333,23093.216666666667,22857.416666666664,23153.533333333333,22799.83333333333,22862.12442051609,22947.115,23032.10557948391,0.7407517632077663,0.8953967628419656,62.79087484101534,22947.115,22931.4725,22892.78375,22962.218264663265,22936.97444602856,22919.67303041583,79.00253846356351,78.02779624020641,91.16677413025404,0.6023642139704315,171.01860995304978,0
1675766400,0.11795346492920811,0.12023123429687638,0.10244703260848789,0.14146336644917898,-0.6596243486808341,-0.6444272170532582,-0.9120987317427098,17.268055455351714,14.836455025370032,2.4316004299816814,23006.984513075367,23066.64048692464,22954.669026150736,23118.955973849264,22895.01305230147,23178.61194769853,22842.69756537684,22872.935399480422,22961.33,23049.724600519578,0.7699432090351539,0.6901699866416249,59.71166816667293,22961.33,22942.597500000003,22893.0275,22973.128843108847,22947.51545584155,22926.842265614323,78.88808395282594,78.29895587401478,88.3191474066644,0.48615389993751,132.99541667699916,1
1675768860,0.12045974770434204,0.1154401008224406,0.09470683916073444,0.13938662733122512,-0.6507741237565066,-0.6359204518447654,-0.9133554542612972,19.21507070406733,13.426776219268518,5.788294484798811,22995.95,23021.099999999995,22969.8,23047.25,22944.65,23072.4,22918.5,22914.52758270565,22977.735,23040.942417294347,0.5501622966262486,0.5293873738164304,57.59240796171348,22977.735,22951.3175,22895.9875,22975.90256207257,22953.685372961267,22932.043002222483,75.1305515359541,77.67372465078118,84.51777973475969,0.3808816624261582,93.89300629965976,1
1675771320,0.11931720364762297,0.12007152984772826,0.09963241680930482,0.14042499689020269,-0.5049263738725173,-0.4926903903991984,-0.9125813429365243,21.56256047779607,12.619412794397808,8.943147683398262,22982.18333333333,22999.36666666667,22964.26666666667,23017.283333333333,22947.083333333336,23034.466666666667,22929.16666666667,22967.08755192579,22992.655,23018.222448074208,0.2223966573169483,0.5360810354370542,59.10343869706244,22992.655,22958.9975,22901.838750000003,22982.10170804838,22961.10621424104,22937.991287725104,71.28154293007334,75.10005947295114,81.78079546799091,0.3351121622152278,94.8083076056906,0
1675773780,0.12106176088207314,0.12133142050211666,0.107794802626936,0.14146336644917898,-0.5698311327020891,-0.556127924356786,-0.9138009471671121,23.439225565733068,11.596862305867845,11.842363259865223,22992.166666666668,23016.43333333333,22970.233333333337,23038.366666666665,22945.96666666667,23062.63333333333,22924.03333333334,22975.62325254457,22996.655,23017.68674745543,0.1829113621561792,0.53316414869837,59.52592163822531,22996.655,22964.307500000003,22912.85625,22987.41780536559,22967.82326619721,22943.711165084616,69.71809993802613,72.04339813468454,80.68931007742013,0.2314234722673117,94.29173034375708,1
1675776240,0.12256401604205543,0.11283159481969146,0.0968529837076123,0.13150934102174391,-0.30916167091590974,-0.30129156093724657,-0.9061891534645685,22.731892223622708,8.71162317100599,14.02026905261672,23002.05,23033.3,22966.8,23068.55,22935.55,23099.8,22900.3,22970.15341307213,22988.61,23007.06658692786,0.1605715780803024,0.1069154048711658,55.37007649261936,22988.61,22967.8625,22922.890000000003,22982.978536910392,22968.964490524995,22946.60533983846,65.63273265865931,68.8774585089196,79.44007364331875,0.1549792816023649,37.99200851222447,0
1675778700,0.11906502018570263,0.1133461980447237,0.09956205141432627,0.12420494826204267,-0.08417715988087401,-0.08070769914223838,-0.9020703575536602,22.034330292066443,6.411248991559777,15.623081300506666,22974.43333333333,23005.86666666666,22942.66666666666,23037.63333333333,22911.23333333333,23069.066666666666,22879.46666666666,22965.11565828216,22984.73,23004.34434171784,0.170672805100074,0.2659875581842459,55.57231047050696,22984.73,22973.03,22931.5125,22980.502357940262,22970.16185588409,22949.36197413956,60.95957936902075,65.43680398856874,80.28721124022478,0.2254200042532044,23.33957152482168,1
1675781160,0.11757283662005948,0.11174915355324641,0.10026570536412203,0.12757069786700334,-0.3648754380701546,-0.356048988909779,-0.8966592786157527,20.877729573134275,4.203718618102087,16.674010955032188,22970.68333333333,23018.76666666667,22927.466666666667,23061.983333333337,22879.38333333333,23110.06666666668,22836.166666666664,22960.099523263947,22982.65,23005.200476736056,0.1962391346172387,0.2427992291299965,54.7432470939808,22982.65,22980.1925,22938.20375,22977.35157196018,22970.323336632435,22951.427500411985,55.84068346319709,60.81099849695906,80.54526758020883,0.3127807794300511,21.86141248456269,1
1675783620,0.1160281830224759,0.09448332810648293,0.08601747362306625,0.10970358028322506,0.049531175194042106,0.04738890627543205,-0.8772323116260317,15.85272639364848,-0.6570276491069649,16.509754042755446,22972.983333333337,23013.966666666674,22930.06666666668,23056.88333333334,22889.083333333336,23097.86666666668,22846.16666666667,22918.546095151272,22968.230000000003,23017.91390484873,0.432631551048826,0.0387842386831596,46.64184777907101,22968.230000000003,22980.4425,22942.640000000003,22959.03438130679,22961.610002699264,22948.662976563224,46.64939550950012,54.48321944723933,81.45647434323678,0.0109075519526699,-79.67511864661253,0
1675786080,0.10662251571520447,0.10415431974932549,0.10255258070095828,0.10644524821884928,0.19481036050476455,0.19071498622642732,-0.854612366136923,13.908889413782164,-2.080691703178628,15.98958111696079,22926.634054087528,22971.168108175058,22877.865945912457,23019.93621635013,22833.331891824928,23064.470270437658,22784.563783649857,22917.82570748296,22958.55,22999.27429251705,0.3547636285135316,0.3907286112303561,51.01468892300385,22958.55,22977.6025,22947.6475,22955.90625420453,22959.43545675394,22948.7569787953,42.17616580311016,48.2220815919358,86.30958331871997,-0.1235962146483179,-35.11254426250798,1
1675788540,0.10675541749540214,0.10416319221872311,0.09896394555699961,0.11360641759110489,-0.289140957923566,-0.2821362363339327,-0.8447323493752299,12.229428652761271,-3.008121971359616,15.237550624120887,22948.35,23023.700000000004,22874.300000000003,23097.750000000004,22798.95,23173.10000000001,22724.9,22915.81548744023,22953.665,22991.51451255977,0.3297905808050192,0.4472912630816943,51.01865491480094,22953.665,22971.1375,22951.305,22953.82916946969,22957.660828253225,22948.844409386224,38.484455958550576,42.436672423720296,88.65889879595431,-0.2809119972017333,-35.11121257379565,1
1675791000,0.10682630484002768,0.15037101283883594,0.21629824168544404,0.11450156376263684,3.7994930265043436,3.767678588202281,-0.7292207860333133,21.160569895233493,4.738415416890085,16.42215447834341,22951.625,23010.25,22891.05,23070.825,22832.425,23129.45,22771.85,22864.7520359042,22974.53,23084.30796409581,0.9556492698288666,0.979809408325606,66.3147693873119,22974.53,22979.63,22961.11375,22995.844446313127,22979.881586752635,22961.3235132542,43.64549670969063,41.435372823783794,114.48326316767192,0.3693202203092386,288.5497260705194,1
1675793460,0.12996680368612268,0.12884640208146286,0.16771093645204546,0.07207163523202234,3.135435972149425,3.072593755704857,-0.629159357527815,23.0785800436679,5.325140452259589,17.75343959140831,23107.025,23318.55,22868.349999999995,23557.225,22656.825,23768.75,22418.15,22868.97691641049,22984.165,23099.35308358951,1.002325588852237,0.6521858811582423,57.33304131410467,22984.165,22983.4075,22967.3625,23003.637964208752,22987.0349346158,22966.837940563324,43.44757234624328,41.85917500482817,137.0630300842667,0.1643716997839467,37.29099430190199,1
1675795920,0.13077421442798667,0.12303493462636023,0.13611687410621567,0.10862940487738672,0.8741549952870586,0.8635171549609965,-0.5949025226960211,23.01202297997588,4.206866710854058,18.805156269121824,23001.275,23225.55,22794.95,23431.875,22570.675,23656.15,22364.35,22902.991885711843,23000.255,23097.518114288152,0.8457568343320944,0.5133401033834529,55.160764810639535,23000.255,22984.2425,22971.62,23003.375309472503,22989.910401049285,22970.267660509675,42.28553885653647,43.12620263749014,144.32281364967628,0.0363130313770621,29.3410656795324,1
1675798380,0.12827204208409154,0.15263349253509728,0.1467068660506428,0.15546346466906977,0.6216709051145048,0.6184521341143286,-0.5844893326626366,29.35062330922301,8.436373632080947,20.914249677142063,22999.916666666668,23120.733333333337,22882.033333333336,23238.61666666667,22761.216666666667,23359.43333333333,22643.333333333336,22925.87936095367,23027.575,23129.27063904633,0.8832509636497203,0.7884833634472163,62.875781501034496,23027.575,22993.0625,22978.685,23031.000206315,23007.4266917676,22981.313597603992,45.56151456538279,43.76487525605419,144.37475553184245,0.3835107759136132,180.4862127286854,1
1675800840,0.14182096821240014,0.17686420645858683,0.18203029433038959,0.16913234065979726,0.7201272181214526,0.7224287930303189,-0.5595936526013646,39.42872187704416,14.811577759921672,24.61714411712248,23081.35001126178,23152.79998873821,23014.80002252356,23219.34997747643,22943.35004504713,23290.79995495286,22876.800056308908,22960.53503101076,23068.545,23176.55496898925,0.9364263674995418,0.8980188162472211,67.76546183189157,23068.545,23011.105000000003,22989.48375,23072.175137543338,23034.17183871894,22997.809921641707,53.49188207021854,47.11297849737928,148.3640575015197,0.7853408838648867,209.1696559666246,1
1675803300,0.16071138858830497,0.20232819362827326,0.1882576317860824,0.18818999962743008,0.20533085931910758,0.21571983131352898,-0.5532178527297156,52.59898460821569,22.38547239287456,30.21351221534113,23150.30000563089,23252.52499436911,23052.300011261785,23350.524988738216,22950.075022523568,23452.74997747644,22852.07502815446,22930.38191414373,23097.825,23265.26808585627,1.4498601998783005,0.8835631651887369,71.94709446783625,23097.825,23036.1775,23004.60375,23123.541758362226,23069.099686224585,23019.56850053297,66.58753883125263,55.213645155618,149.53090993381556,1.0912687617924366,181.66986644164749,1
1675805760,0.18288922326718435,0.18917032151236882,0.1728827929830446,0.20430262769072197,-0.001252731435925223,0.00953066818860932,-0.5342373648137788,59.36059803454191,23.31766865536062,36.04292937918129,23197.858336148784,23294.41666385123,23129.716672297567,23362.558327702445,23033.15834459512,23459.11665540489,22965.016680743905,22973.227152112453,23131.82,23290.412847887543,1.3712094239670434,0.680903492068846,67.1030239821765,23131.82,23057.9925,23019.0925,23145.427838908152,23090.936106911024,23035.723881434595,72.62176894672068,64.23372994939729,144.5626306528289,0.949673610914598,128.2116806448717,0
1675808220,0.18739887854389023,0.1979629386848974,0.2006419413024882,0.20816965915173974,-0.34022325172025203,-0.3247112862502167,-0.5220644134998534,65.95803763596996,23.93208660543093,42.02595103053903,23185.93333333333,23225.56666666667,23149.56666666667,23261.93333333333,23109.93333333333,23301.56666666667,23073.56666666667,23073.48240555705,23174.045,23274.60759444296,0.8678898694030507,0.6985330640144156,68.62329733399959,23174.045,23087.15,23033.796250000003,23168.27689260544,23113.30681474538,23052.700178440824,76.10632436551191,71.77187738116174,144.52958560619842,1.272009039193091,125.4160876446092,1
1675810680,0.1940502326179616,0.2082195133079506,0.1984254313606318,0.22182399544378117,-0.47555544094112856,-0.45813894692413937,-0.5142487220975065,72.68072635349017,24.52382025836092,48.15690609512926,23224.091666666664,23291.08333333333,23146.983333333326,23368.191666666666,23079.99166666666,23435.18333333333,23002.883333333324,23143.63266606737,23205.370000000003,23267.10733393264,0.5320952342723532,0.8037465145557297,70.34490387443725,23205.370000000003,23116.4725,23047.0375,23193.142928403624,23136.864666609858,23070.812066208367,77.07930367504841,75.26913232909368,141.3250169160563,1.2776883307588662,115.46196634643462,0
1675813140,0.20250445108758083,0.20951489383992689,0.1920573631149793,0.23035305987039267,-0.3637381009958375,-0.34745675905671825,-0.5043089189925902,77.41068786888354,23.40302541900342,54.00766244988012,23244.336458685262,23293.43854131474,23193.77291737053,23344.002082629475,23144.670834741057,23393.10416525895,23094.10729342632,23182.00788318205,23223.77,23265.53211681795,0.3596497624455487,0.7724359028446135,70.56457682858763,23223.77,23146.1575,23058.6475,23210.936952269083,23156.802909044425,23087.54663133138,80.4393060195769,77.87497802004575,135.35503799148796,1.2934823695760334,100.587343519947,1
1675815600,0.20737928268325195,0.22578700271421379,0.21988687682940272,0.2352710487889157,0.29769993262719807,0.3110577546326812,-0.4745754293695913,83.89187494939324,23.907369999610488,59.98450494978275,23247.4598960093,23275.86510399069,23218.1197920186,23305.2052079814,23189.7145840372,23333.6104159628,23160.3744800465,23167.669746097403,23236.99,23306.3102539026,0.5966371195460236,0.8994864190617314,73.24561717862186,23236.99,23167.4075,23073.51875,23238.08296817939,23181.45238012725,23107.054095014104,84.5023320191076,80.67364723791098,134.48040356252818,0.920715558468146,111.37174829861154,1
1675818060,0.21795315608260749,0.24548388477578306,0.25464738194931347,0.24593853364112558,0.5662292562577464,0.5811707789485561,-0.4396586342907198,92.44104573954246,25.96523263180777,66.4758131077347,23293.68828133798,23354.586718662013,23231.47656267596,23416.798437324032,23170.57812535193,23477.696874648063,23108.36640668991,23174.990609293425,23268.725,23362.45939070657,0.8056684730819873,0.9222036298703488,76.08510418808513,23268.725,23200.2725,23091.84,23274.680312119595,23211.71103828593,23129.989419298472,85.27494400707717,83.40552734858723,138.59734459327785,1.4277196560700955,130.36923000381702,1
1675820520,0.23308902183101607,0.22400363636539553,0.20271772045438494,0.2401442803988621,-0.3244569897846581,-0.3077201224532849,-0.43022826142603937,93.25744968351135,21.425309260621333,71.83214042289003,23355.052474002325,23447.522525997672,23255.40494800465,23547.17005199535,23162.9348960093,23639.640103990696,23063.287370011625,23207.21485708396,23283.4,23359.585142916043,0.6544159608651787,0.5259236896382155,67.65261080992772,23283.4,23228.7225,23106.4825,23278.903541413063,23225.4635767794,23144.976141270046,82.85663680834284,84.21130427817587,135.94574855090076,1.236803265682296,76.05737451490363,0
1675822980,0.22991629829667107,0.21769531062405587,0.19965682577277438,0.23856882313696534,-0.5647793575971689,-0.546467754458643,-0.43049731438200084,91.41637072583762,15.667384242358068,75.74898648347956,23280.283333333336,23314.16666666667,23253.466666666674,23340.983333333334,23219.58333333334,23374.86666666667,23192.76666666668,23221.44068647349,23288.74,23356.039313526515,0.5779558149261256,0.3576137036490676,65.36154189654849,23288.74,23247.055,23120.058750000004,23275.79402760871,23233.48383554678,23156.84269924433,77.4088829865721,81.84682126733071,130.26390936869367,0.7940873896800075,62.88142998704927,0
1675825440,0.22517561736119224,0.21151119945427513,0.19421482866260822,0.23463017998222477,-0.46156360547245084,-0.4444387825882627,-0.4223653125216243,87.5421194544324,9.434506376762272,78.10761307767012,23269.99166666667,23297.983333333337,23241.583333333336,23326.39166666667,23213.591666666667,23354.38333333334,23185.18333333333,23225.293236812515,23289.865,23354.43676318748,0.5545052595837989,0.2079605841759999,63.10539214807023,23289.865,23256.8175,23133.96125,23267.912685072475,23236.87768362918,23165.919585030584,72.70055580148534,77.65535853213343,124.6687856817068,0.4216238510615095,45.47239807946216,1
1675827900,0.21971306808851018,0.21737590172575963,0.1957163636539178,0.24429775863476985,-0.6904550240779521,-0.6712067663321041,-0.42012231580408244,84.82734003148653,5.375781563053124,79.4515584684334,23255.36072591696,23279.721451833924,23227.789274083047,23307.29290366784,23203.428548166085,23331.6536295848,23175.85709633217,23218.538101880786,23285.125,23351.71189811921,0.5719264819855105,0.3764772014867747,64.36175561557752,23285.125,23261.057500000003,23148.6175,23268.16679004832,23242.65901387842,23175.70581502767,70.15901147167948,73.42281675324564,118.26744384729912,0.1825518728250561,51.85934350540377,0
1675830360,0.21991428989415526,0.2132856933336958,0.19163517074510159,0.23813915297462976,-0.7529473794262159,-0.7333816333792929,-0.4200347456038623,80.81430954306052,1.0902008597016817,79.72410868335884,23271.291666666668,23284.583333333336,23255.38333333333,23300.49166666667,23242.091666666667,23313.783333333336,23226.18333333333,23242.630843933875,23266.98,23291.329156066124,0.2093022477874148,0.2981449547306047,62.75667634828272,23266.98,23267.8525,23162.9225,23264.49452669888,23245.293738627795,23183.462404072656,64.46015696862872,69.10657474726452,112.305483572492,0.2930243389163952,28.56202100061237,1
1675832820,0.21796969526028345,0.20140545681097502,0.18707163087089657,0.2181952962728976,-0.2010222354325464,-0.18711438624968532,-0.4072105621507161,74.07886617414988,-4.516194007367176,78.59506018151706,23257.849999999995,23274.89999999999,23240.09999999999,23292.65,23223.05,23309.69999999999,23205.299999999992,23220.891298539325,23254.245000000003,23287.59870146068,0.2868611856517143,0.0417300230374644,58.21546893477783,23254.245000000003,23268.8225,23177.98625,23250.88801779925,23241.363058877287,23187.292175113354,55.48435902172315,63.367842487343786,109.82145061866136,0.0417851746631258,-42.30066386952525,0
1675835280,0.2110569853324231,0.19669417556111266,0.18021909297221353,0.21830271381348249,-0.6766242441252499,-0.6582586800881329,-0.40681772691312734,66.89863144153423,-9.357142991986253,76.25577443352049,23223.80134073962,23262.502681479244,23184.97365926038,23301.330362958484,23146.27231852076,23340.031703698107,23107.44463704152,23198.79692167338,23242.41,23286.02307832662,0.3752887788023692,0.1330229230751107,56.47032864171177,23242.41,23265.575,23191.02375,23237.39201186617,23235.733411808687,23189.492920340654,43.21435313286442,54.386289707738776,106.1022049394306,-0.139720236846785,-80.25998345630136,0
1675837740,0.20524487301494537,0.19488419180410282,0.17445757247698768,0.21858916058837244,-0.6093834642727506,-0.5918275860926402,-0.4055396288073092,60.10387623573115,-12.921518558231469,73.02539479396262,23212.98400370315,23240.5680074063,23182.815996296868,23270.73601481258,23155.23199259372,23298.32001851573,23125.06398518744,23182.2783944194,23233.04,23283.801605580604,0.4369777315461335,0.2267619918369796,55.778530574069805,23233.04,23261.4525,23203.805,23226.694674577448,23230.200064207107,23190.998356498687,31.062426966499803,43.25371304036247,101.42176212623684,-0.1773383333638132,-97.67552881279371,1
1675840200,0.2014337801328092,0.19970194268673017,0.17738617826173728,0.22360197914895139,-0.6782045414094403,-0.659736176849913,-0.4020255006774132,55.178311601725,-14.277666553790098,69.4559781555151,23206.09200185157,23225.98400370315,23185.407998148432,23246.668007406293,23165.515996296857,23266.560009257868,23144.83199259372,23186.685365764748,23223.08,23259.47463423525,0.3134350330382544,0.4422304951216497,57.27875848184968,23223.08,23254.1025,23210.755,23224.088116384966,23228.140961623994,23193.653274927383,23.58675307277117,32.62117772404514,96.67020768864832,-0.3155539098095407,-83.19516630909096,0
1675842660,0.20193722849960533,0.19544315737612059,0.1769991685893501,0.21311086601859716,-0.3594039228366963,-0.3444100726633524,-0.39451159336179265,49.73317336594482,-15.778243831656226,65.51141719760105,23218.05833333333,23235.916666666668,23201.01666666667,23252.95833333333,23183.158333333336,23270.816666666666,23166.116666666672,23198.82545771463,23213.025,23227.22454228537,0.1223411622170953,0.2834437238749296,55.48675244380658,23213.025,23240.0025,23220.1375,23218.35041092331,23224.274423146904,23194.91248683906,17.521635868781676,24.05693863601756,94.27233571088765,-0.6039093493519218,-107.01766303088512,1
1675845120,0.2000594545103047,0.19158363318838065,0.1694348886290456,0.2114637970629776,-0.6278325040663503,-0.6101881439956418,-0.40226446443075364,44.03275824257071,-17.182927164024278,61.215685406594986,23203.925,23236.95,23173.85,23267.025,23140.825,23300.05,23110.75,23192.650033655293,23207.49,23222.32996634471,0.1278894559015986,0.1128697419823243,53.84273769446191,23207.49,23230.8675,23229.795,23210.900273948875,23219.133618938373,23195.01605952105,14.57736861734819,18.561919186300354,90.83859744582428,-0.3922730581195308,-111.9047537740333,1
1675847580,0.19719070979664685,0.19333150965960974,0.17242541791567761,0.2158321103800538,-0.5546862113666736,-0.537765110913972,-0.44931458332047053,39.45770071579318,-17.40638775264145,56.86408846843463,23191.6,23216.900000000005,23170.700000000004,23237.800000000003,23145.4,23263.10000000001,23124.500000000004,23190.312153370152,23205.595,23220.877846629843,0.1317169124932599,0.3472143275036723,54.50022489865717,23205.595,23224.0025,23235.52875,23207.575182632587,23215.822960949576,23195.578815757144,11.660090649422186,14.586365045184026,87.38584048540827,-0.2950204290366345,-80.73866310473562,1
1675850040,0.19663031898152955,0.1849647710181411,0.16637399394743374,0.2056632498714503,-0.5350645515057653,-0.5188048250721583,-0.4585051350143828,33.54296674791476,-18.6568973764159,52.19986412433066,23200.141666666663,23221.783333333333,23179.283333333333,23242.641666666663,23157.641666666663,23264.283333333333,23136.783333333333,23172.67868665353,23200.005,23227.331313346465,0.2355716160101512,0.0854728057759188,50.7720033425116,23200.005,23216.5225,23236.67,23197.50012175506,23208.82787714056,23193.842738065985,10.416750145480805,12.218069804083736,84.97970902216487,-0.3216906823670194,-106.02094496964034,0
1675852500,0.19216654695552635,0.17843463354187386,0.1614930873606214,0.2006146254640106,-0.1358526694525932,-0.12508961838816246,-0.45239154487054767,27.058853619259025,-20.112808404057304,47.17166202331633,23177.08333333333,23204.066666666666,23150.366666666665,23230.783333333333,23123.38333333333,23257.766666666663,23096.666666666664,23152.86725613689,23188.02,23223.1727438631,0.3031974602669994,0.0865187634682852,48.01143255311599,23188.02,23205.55,23233.30375,23184.65008117004,23199.75917220591,23190.51962015494,11.455087379224231,11.177309391375749,82.76165615178142,-0.4715567173463832,-133.16153255579158,1
1675854960,0.18666943041104866,0.1797033966656599,0.15814124273482402,0.20419521015013842,-0.5757270423858736,-0.5592044821116545,-0.46179436089568815,21.955530186613032,-20.17290546936264,42.12843565597567,23161.62565627893,23187.251312557863,23133.324343721066,23215.552625115728,23107.69868744213,23241.17828139466,23079.39737488427,23145.141251109435,23179.15,23213.158748890568,0.2934425886244016,0.2555776007300945,48.59623931799029,23179.15,23196.0875,23231.97,23177.27505411336,23192.98932271393,23187.85346585447,12.897498541881731,11.589778688862266,79.30725214094,-0.406864125655981,-118.78904030959336,1
1675857420,0.18455528513609504,0.18316365973053017,0.16289090689594546,0.2067732311241507,-0.41670310481084577,-0.40185749075837807,-0.4744301687586943,18.48477216745596,-18.914930790815774,37.39970295827173,23162.975,23179.950000000004,23145.550000000003,23197.375000000004,23128.575,23214.35000000001,23111.15,23144.78727893474,23174.405,23204.022721065267,0.2556071758067924,0.4640417978934391,50.24021828425219,23174.405,23190.9475,23229.885,23175.60836940891,23189.223082220487,23186.36980243976,17.912579615044745,14.088388512050244,76.54959127373004,-0.2213258668147976,-86.49530780076394,1
1675859880,0.18522842976393655,0.17145200012635384,0.1594078198444559,0.18099302138403048,0.04039601800831302,0.047435755956129956,-0.4722238941328135,12.92238600239216,-19.581853564703664,32.50423956709582,23173.125,23193.05,23152.35,23213.825,23132.425,23233.75,23111.65,23135.736074412664,23162.075,23188.41392558733,0.2274314851958397,0.0671805229033196,44.99504260697084,23162.075,23183.835,23224.705,23163.497246272607,23180.14161272585,23181.884583159783,22.838759256012413,17.88294580431297,78.42462046846357,-0.3064359080412229,-153.776505750222,1
1675862340,0.17970888210293462,0.15739800860134148,0.14914386087457676,0.17007223809134067,-0.16787039237915513,-0.15871218580547206,-0.4942961237642924,5.258153126600519,-21.796869152396244,27.055022278996763,23134.825,23188.45,23085.65,23237.625,23032.025,23291.25,22982.85,23094.99641066932,23146.54,23198.08358933068,0.4453675523916621,0.0453847839414264,39.64602420272666,23146.54,23173.2725,23217.362500000003,23142.22316418174,23165.511319502966,23174.05509904933,24.65316491048644,21.80150126051454,80.2604822601661,-0.4551761881983857,-187.1709573549239,1
1675864800,0.1699217643025282,0.1496612152870677,0.13944193553038414,0.15549925841880025,0.015545642218006297,0.020738306558446117,-0.5091448194273797,-2.545541042483819,-23.68045065718447,21.13490961470065,23101.733895184097,23152.767790368194,23048.64110481589,23205.8605807364,22997.6072096318,23256.894475920493,22944.5144192636,23057.842339997187,23130.325,23202.80766000281,0.626732741566006,0.1381893269509927,37.03580374081359,23130.325,23159.1725,23206.637500000004,23120.77377612116,23149.577443229697,23164.89508961606,25.61185067468462,24.36792494706117,82.90265086845064,-0.6072645638516078,-199.7575447791253,1
1675867260,0.16115961705525586,0.13180093439069854,0.14037398050248084,0.1272842510921134,1.3649884024269174,1.3418693810586235,-0.46455633846050903,-12.645067345412826,-27.023981568090782,14.378914222677954,23071.70861425872,23133.417228517435,23016.16638574129,23188.959457034867,22954.45777148257,23250.668071293585,22898.915542965136,23003.532683397432,23103.33,23203.12731660257,0.8639214918591344,0.1203304729034599,31.82651317308021,23103.33,23141.24,23190.621250000004,23089.69918408077,23127.39063536976,23151.81460489072,26.509988441645675,25.591668008938925,91.17389009213278,-0.7727236002262292,-201.0237348063744,0
1675869720,0.14784796046986506,0.09258461965550334,0.11756027422679197,0.09606155262907864,0.7473986878122871,0.7282224160712092,-0.4440301575638172,-29.22851311157865,-34.88594186740528,5.657428755826633,23029.550000000003,23127.900000000005,22929.200000000004,23228.250000000004,22830.85,23326.60000000001,22730.500000000004,22899.005527789748,23052.285,23205.56447221025,1.3298418981914522,0.058861346369667,23.883051540981832,23052.285,23113.345,23172.10625,23032.14945605385,23089.14688348434,23129.4560710916,25.47723590945445,25.86635834192825,100.4512165636975,-1.202578030694935,-218.34499581578547,0
1675872180,0.12158300317023586,0.061433379602273214,0.09152394156112932,0.034475496027680366,2.448041667015237,2.372027566515337,-0.3666678616920796,-48.89014710943593,-43.63806069221005,-5.25208641722588,22942.035486898018,23040.070973796035,22819.014513102,23163.091947592056,22720.97902620398,23261.12743449008,22597.95805240796,22785.70847006308,22990.285,23194.861529936912,1.7796780678179147,0.1064797852186551,19.681001826604444,22990.285,23076.18,23150.09125,22964.524637369235,23041.89745012355,23100.867397654307,25.83148536591197,25.93956990567071,116.06564611964916,-1.6018757872800236,-222.1920262446348,1
1675874640,0.09287413267803472,0.09958499800981731,0.10206002293610074,0.09602574678221788,0.30410900813431524,0.29710281400944377,-0.3438289396009688,-55.16190996121077,-39.92785883518791,-15.23405112602286,22830.77607678234,22989.55215356468,22670.498923217656,23149.82930712936,22511.72284643532,23308.605383911698,22351.445692870635,22783.56870452713,22957.705,23131.84129547288,1.5170183210636743,0.4399033959486623,34.80899602528523,22957.705,23052.122500000005,23134.3225,22955.27475824616,23022.78427737381,23085.23955025866,31.240428182626847,27.51638315266443,121.46988568253128,-1.0379745743149975,-112.8699669777182,0
1675877100,0.09759645189569263,0.11684195098718318,0.10712633137463078,0.1218775682160596,-0.1479771913406265,-0.1434298573555213,-0.3368920855279183,-55.56814114182271,-32.26727201263988,-23.30086912918283,22933.891666666663,23023.88333333333,22846.783333333333,23110.991666666665,22756.791666666668,23200.98333333333,22669.68333333333,22804.985797260662,22939.210000000003,23073.43420273934,1.1702600284781974,0.6720628584760515,40.287525109711794,22939.210000000003,23034.7675,23120.15875,22965.31650549744,23015.98713603312,23075.7310216626,44.04293576752608,33.70494977202164,121.31489384806495,-0.7493863063739905,-67.84486566725764,1
1675879560,0.10858651555847902,0.1055295525058765,0.10677450439973289,0.11181612524804099,-0.12614551602993818,-0.12309432900548137,-0.33517385154025653,-57.79589330735325,-27.596019342536337,-30.19987396481692,22978.966666666664,23041.83333333333,22922.53333333333,23098.266666666663,22859.66666666666,23161.13333333333,22803.233333333323,22819.23772656855,22924.405,23029.57227343145,0.9175136578807824,0.6384461108948463,38.031249450480885,22924.405,23013.8675,23104.9775,22961.386003664964,23004.630384027096,23064.092352932825,51.82606626520366,42.36981007178554,123.10668714463183,-0.9023195873506882,-69.03065182757905,0
1675882020,0.10842506786864069,0.08012767262196956,0.07848054016521556,0.09394900766426272,-0.3033158277836257,-0.2982125268170302,-0.33654696036633314,-64.59232713154415,-27.513962533381783,-37.078364598162366,22958.641666666663,23029.283333333333,22882.88333333333,23105.041666666668,22812.241666666665,23175.68333333333,22736.48333333333,22806.652445613305,22917.385,23028.1175543867,0.9663629108355712,0.3399973693542003,33.49499568378118,22917.385,22984.835000000003,23087.89125,22934.907335776643,22982.324859658533,23046.74546217732,49.28144565443522,48.38348256238833,122.59048730549306,-1.252898129337757,-97.304304653665,0
1675884480,0.09564277471448027,0.06366036942094666,0.06580951112088351,0.07382612172822547,-0.29240205778033507,-0.28880623228221813,-0.3375501772230557,-72.88249805212763,-28.643306763172205,-44.23919128895543,22891.34329646556,22944.58659293113,22828.70670353444,23007.22318586225,22775.46340706888,23060.46648232781,22712.82681413775,22811.85856621583,22918.64,23025.42143378417,0.9318304557702384,0.1109342370887219,30.920213258845216,22918.64,22954.4625,23069.14875,22901.788223851097,22955.6385215388,23026.63160863662,40.69871590827055,47.26874260930315,123.55294854783958,-1.3125951439705803,-109.26963154982474,0
1675886940,0.0810175685362969,0.06673024383234362,0.06163510352033331,0.07908958121683231,-0.15506729549680778,-0.15464488524443473,-0.34197867400738996,-77.85704794088451,-26.894285321543265,-50.96276261934125,22845.13831489945,22908.3766297989,22772.311685100554,22981.203259597794,22709.073370201106,23044.441574497243,22636.24674040221,22780.95704289325,22900.125,23019.292957106754,1.0407625033204346,0.2653521913197692,31.97010190840273,22900.125,22928.915,23051.09375,22882.592149234068,22935.37697216811,23009.257169718847,34.60379168284735,41.52798441518439,122.54916650870815,-1.1059679411073902,-94.05983605085648,1
1675889400,0.0752399787133591,0.07988811594824803,0.06649031577392514,0.08782620785098469,-0.3644024077611443,-0.3581094526091936,-0.3426199367748692,-77.90967764927336,-21.557532023945683,-56.35214562532768,22848.966666666664,22901.33333333333,22791.83333333333,22958.466666666664,22739.466666666664,23010.83333333333,22682.33333333333,22796.03489926152,22879.300000000003,22962.565100738484,0.7278640582402531,0.5118597106259537,36.42970506638199,22879.300000000003,22909.255,23034.213750000003,22882.15309948938,22925.540249955724,22997.068391650388,34.81030848821633,36.70427202644476,120.85994032951484,-0.851898192532885,-70.1231206446912,0
1675891860,0.07893044586462467,0.10108444533792724,0.08647408794812471,0.10568504285752237,-0.34706054038636236,-0.3392161601915201,-0.3389246156491838,-72.29866471254354,-12.757215269772686,-59.541449442770855,22874.05833333333,22927.11666666667,22828.216666666667,22972.958333333336,22775.158333333333,23026.01666666667,22729.316666666666,22802.32347254831,22876.795,22951.26652745169,0.6510660907849457,0.9310707877023578,42.92101462867016,22876.795,22900.6,23020.92,22901.76873299292,22928.351113600136,22991.72854482654,41.87752233425948,37.0972075017744,119.78588258545722,-0.3758541399323822,-21.88683628646321,0
1675894320,0.09137436930395898,0.10767669009997523,0.08647408794812471,0.11823913347101972,-0.6971599989412914,-0.6816664774729473,-0.33838020223316007,-65.59688916710729,-4.844351779469143,-60.75253738763815,22929.52562269576,22988.17437730423,22882.35124539152,23035.34875460847,22823.702490783053,23093.997509216937,22776.528113478813,22792.1068800955,22892.32,22992.5331199045,0.8755173779197545,0.8355598551571546,44.80860104781951,22892.32,22904.8525,23009.09875,22921.03748866195,22934.02818385465,22988.66630246211,50.73281666554849,42.47354916267478,116.28414568337858,0.1855605324419932,6.079971342416003,0
1675896780,0.10089261673678408,0.0996204878874052,0.08316691438408409,0.1067675008406013,-0.17242289107633027,-0.16936831083125325,-0.3325439395414379,-61.40949363529944,-0.5255649981290276,-60.88392863717041,22947.40447801455,22988.870521985453,22918.108956029097,23018.166043970905,22876.642912058192,23059.63208794181,22847.34739007274,22826.50456900084,22912.585,22998.66543099916,0.7513812256378909,0.641088977587934,42.939761790459606,22912.585,22915.612500000003,22995.89625,22926.316659107968,22934.545786790168,22983.73379746572,56.64845718828936,49.75293206269912,114.6495638488514,0.471324647847987,-4.060827541138603,1
1675899240,0.10162343974317416,0.10657650389473365,0.09797883002728579,0.12603104645196864,-0.42879354786966867,-0.41872457299214016,-0.33040954829257635,-55.865414587471605,4.014811239759048,-59.88022582723065,22926.025,22978.15,22884.75,23019.425,22832.625,23071.549999999992,22791.35,22878.53520727399,22935.04,22991.54479272601,0.4927376863176111,0.6896741759936682,45.07003253230362,22935.04,22917.5825,22984.8525,22936.36943940532,22938.53291646468,22981.1377215166,59.84410637024303,55.74179340802697,112.29602357393348,0.0858882733078084,63.32196036991947,1
1675901700,0.10546703159510884,0.1079694815900799,0.09322916586616435,0.12696199847036135,-0.5338245108279042,-0.5217704206911794,-0.32357075773970606,-50.572014597433736,7.446568983837537,-58.01858358127127,22964.525000000005,23001.35000000001,22919.65000000001,23046.22500000001,22882.825000000004,23083.05000000001,22837.950000000008,22931.03995016361,22950.865,22970.690049836387,0.1727608073716493,0.7404785884195386,45.50876136362205,22950.865,22915.0825,22974.925,22944.37962627021,22942.50874983474,22979.16270041978,64.44843071500806,60.31366475784682,108.96059331865268,-0.1087646941101742,72.4759414241508,0
1675904160,0.10808535088173217,0.11028519610272308,0.09224405033644925,0.1286448732728417,-0.4817535561795875,-0.4705786653092665,-0.31926376573238846,-45.32793181780289,10.152521410774703,-55.4804532285776,22962.2,22994.1,22928.5,23027.800000000003,22896.6,23059.700000000004,22862.9,22935.70350150475,22956.05,22976.396498495247,0.1772648037902683,0.767245000473667,46.27695898807042,22956.05,22916.4225,22965.145,22951.894750846808,22946.948068046604,22977.997205141703,72.21893993393064,65.50382567306059,105.32769379589166,0.0583788328807789,72.3105285686426,0
1675906620,0.11055242515644773,0.10172326313451971,0.0888313286799408,0.11367802928482772,-0.6612383640475481,-0.6468016457706273,-0.3652107551036148,-42.62726375037164,10.282551582564771,-52.90981533293641,22965.00833333333,22995.016666666663,22936.916666666664,23023.10833333333,22906.908333333333,23053.11666666666,22878.816666666666,22930.3462774187,22952.695,22975.0437225813,0.194737241803636,0.2786226938922211,43.81736176256791,22952.695,22922.5075,22953.67125,22948.863167231208,22946.19387385631,22974.645090366303,72.6674033834696,69.77825801080279,104.2471442390423,0.2659301327028605,26.082058336941788,1
1675909080,0.10750478367577583,0.07811362206882738,0.07756826663211835,0.08703847922003631,-0.39200193270630235,-0.3849284055604539,-0.35851672803063167,-45.332412543688406,6.0619222313984125,-51.39433477508682,22939.800000000003,22986.400000000005,22896.200000000004,23030.000000000004,22849.6,23076.60000000001,22806.000000000004,22874.365612440448,22940.575,23006.78438755956,0.5772251790511166,0.0144193114445905,37.844241819586806,22940.575,22926.58,22940.52125,22924.66711148748,22933.48135133698,22965.27651033142,60.61910812376499,68.50181714705509,106.27141455460588,0.1783403509002346,-69.47865347006483,0
1675911540,0.0941755574405419,-0.002687956730593196,0.06435506531306165,-0.044512202148298534,3.6773365511771097,3.5280141485686625,-0.245943894291462,-65.09733068610149,-10.962396728811733,-54.13493395728975,22882.15397621898,22945.50795243796,22812.921023781026,23014.74090487591,22749.567047562046,23078.09488109489,22680.334095124093,22639.803359135232,22879.0,23118.196640864768,2.090971116436625,0.0183878854505726,25.18879374752447,22879.0,22907.02,22917.9675,22832.64474099165,22881.684742002984,22935.116842680807,44.84174670676848,59.37608607133436,131.71138239559582,-0.8562348429798469,-274.4415062763724,0
1675914000,0.04710815295049578,-0.05455641282605688,0.01769736139859742,-0.08013901977527021,0.6356074153830251,0.5903857001202907,-0.21839779133713316,-91.49950494940276,-29.8916567936904,-61.60784815571236,22671.276988109486,22891.15397621897,22428.723011890503,23133.70795243795,22208.84602378102,23353.58494054744,21966.29204756204,22424.37932002798,22787.410000000003,23150.440679972027,3.1862390677310297,0.1075262839741823,20.45910548840092,22787.410000000003,22869.1375,22889.19625,22722.57982732777,22812.73297072972,22893.910476711208,31.317059376289933,45.59263806894114,152.96881809335574,-1.6556114115144245,-265.2534946609448,1
1675916460,-0.002361062456189609,-0.030662852739658793,-0.03134124674930041,-0.01830232224584403,-0.48060556432974005,-0.4781050093925363,-0.22307913160776127,-105.77158444402085,-35.330989030646776,-70.44059541337407,22545.188494054742,22738.47698810949,22309.161505945256,22974.50397621898,22115.87301189051,23167.792470273725,21879.84602378102,22363.500303354584,22707.980000000003,23052.459696645423,3.033996829708495,0.2994003690988802,27.23704516300845,22707.980000000003,22832.015000000003,22866.307500000003,22671.64488488518,22768.5587942334,22863.04043131014,29.9530878046553,35.37063129590458,151.9983840211242,-1.6181727038925875,-167.01877487462173,0
1675918920,-0.015148298119789802,-0.026989650409258555,-0.04377225815907235,-0.013934008928767845,-0.584148788976469,-0.5777004304207289,-0.22059451850978626,-114.92239790055464,-35.58544198974445,-79.33695591081019,22578.73591369404,22632.87182738808,22515.63908630596,22695.96865477616,22461.50317261192,22750.1045684702,22398.40634522384,22377.40211325268,22635.445,22893.487886747324,2.2799895186273016,0.3928085158685866,28.24928202973125,22635.445,22794.07,22849.46125,22641.13825659012,22734.29810437278,22836.096104518696,30.24841571609637,30.50618763234721,146.11992801961537,-1.652687386417217,-125.50663150345488,0
1675921380,-0.019705223777633018,-0.018498697196230977,-0.032584160357319876,0.00017349473457623442,-0.45018888052609246,-0.4480926299610477,-0.2195450080955986,-118.87363467817704,-31.629343013893475,-87.24429166428357,22574.475,22612.150000000005,22542.450000000004,22644.175000000003,22504.775,22681.85000000001,22472.750000000004,22485.50997433831,22581.000000000004,22676.490025661697,0.84575550827415,0.6206932338758521,30.65092676919488,22581.000000000004,22760.7875,22838.2,22628.775504393416,22710.61663085045,22813.99647551692,35.399239543726026,31.86691435482591,140.11850458964275,-1.4510477124717327,-88.59124817882095,1
1675923840,-0.017737999624738675,-0.0020225215258104505,0.0008394022579791396,0.0007463882843561625,-0.2051996110273904,-0.2096258807568976,-0.20590423518431528,-116.91122890932456,-23.733549796032804,-93.17767911329176,22606.18333333333,22636.166666666668,22574.06666666667,22668.283333333333,22544.083333333336,22698.266666666663,22511.96666666667,22484.81727114896,22581.375,22677.93272885104,0.8551979571752334,0.8578170324749447,35.18455272251838,22581.375,22730.187500000004,22823.885,22636.00866959561,22699.68178887764,22798.423001658164,39.49049429657759,35.046049852133336,141.2171828332397,-1.3329572593353292,-57.88532422528391,1
1675926300,-0.00851589149266292,0.0077638122191947215,-0.014007696082711837,0.01746453520542988,-0.47355510879477564,-0.4691061099762428,-0.21469355992674166,-111.84169471538551,-14.931212481675018,-96.91048223371052,22653.858333333334,22729.916666666668,22574.416666666668,22809.358333333334,22498.358333333334,22885.416666666668,22418.916666666668,22533.529601182872,22616.495,22699.46039881713,0.7336715863101396,0.8709679027499195,37.7861518664577,22616.495,22701.9525,22808.5175,22650.02244639708,22695.748736354435,22786.95890626215,44.45500633713522,39.781580059146286,135.8880191438917,-1.2297259629623272,-45.87368606748917,1
1675928760,0.0009885719160562662,0.018197836230189984,0.005729797209060245,0.027053142484109304,-0.35914641908289846,-0.35763362634432383,-0.23839588639912035,-104.24998906811015,-5.871605467519714,-98.37838360059044,22664.547036272543,22704.60296372745,22637.994072545087,22731.15592745491,22597.93814509017,22771.211854909823,22571.38518136272,22550.63516394952,22644.03,22737.42483605048,0.824895886911297,0.8395262665578582,40.52707978725699,22644.03,22676.005,22796.21375,22669.16496426472,22697.876238835448,22779.38662947528,49.697084917617104,44.54752851710998,133.0338353186983,-1.1297768421327403,-24.914804088124843,1
1675931220,0.010958074143527913,0.027478439219557945,0.011640490387344446,0.037110905612057155,-0.4256949136961722,-0.42142915789870095,-0.2355427487259517,-95.02799758869878,2.6803088095133347,-97.70830639821212,22701.97351813628,22752.67648186374,22656.747036272554,22797.90296372746,22606.044072545094,22848.60592745492,22560.81759068137,22584.69715985648,22674.725,22764.752840143523,0.7940809879151732,0.8269821863222542,42.93525178283546,22674.725,22655.085,22788.796250000003,22690.64330950981,22704.37146813809,22775.02599809668,53.911280101394034,49.35445711871546,129.5771129956191,-0.911832906184094,-9.338633199094437,1
1675933680,0.02058335669193527,0.02285588266366791,0.004779864376835701,0.03716093454227622,-0.34275570992430293,-0.34171632779176814,-0.22926465315935568,-87.75888178473178,7.959539690784283,-95.71842147551608,22725.6534257348,22771.94657426519,22687.3068514696,22810.29314853039,22641.01370293921,22856.586297060778,22602.66712867401,22637.87741567549,22698.03,22758.182584324502,0.5300247142550009,0.6873984322799633,42.02252436238994,22698.03,22639.515,22783.0475,22700.62053967321,22707.317564840258,22769.84018875414,56.458982791331046,53.3557826034474,124.9644620673606,-0.6806178016307319,-7.068609363072435,0
1675936140,0.023084605157855962,0.02252760129597535,0.004076210427039932,0.0457185319421222,-0.5183301682419276,-0.5112549169069648,-0.23026982493200424,-81.13739354190693,11.664822346887306,-92.80221588879424,22714.858333333334,22750.216666666667,22685.216666666667,22779.858333333334,22649.858333333334,22815.216666666667,22620.216666666667,22674.21580876138,22711.865,22749.514191238624,0.3315376455312915,0.6033886750801376,41.95431368083158,22711.865,22646.62,22776.82,22706.963693115475,22709.5598257784,22765.06017077756,57.551434207283485,55.9738990333362,118.83128620540616,0.3137059244280128,7.780267093614922,0
1675938600,0.024171080573336935,0.014347184511845095,-0.005040054085284611,0.03408163171220682,-0.4989821123732985,-0.49321339790418783,-0.23707168790634484,-76.86372163038686,12.7507954067259,-89.61451703711276,22721.85,22740.300000000003,22701.200000000004,22760.95,22682.750000000004,22779.4,22662.10000000001,22690.394491646835,22715.575,22740.75550835317,0.2217025838277512,0.1232204740692436,40.203082486235104,22715.575,22666.035,22767.58625,22703.50912874365,22707.203493818684,22758.540154513023,56.395131241022334,56.801849413212295,113.82548004787716,0.8627949401064957,3.0978251737901843,0
1675941060,0.02062390720768548,0.01723073706590366,0.0022115274600814005,0.03100232888213613,-0.580501074078613,-0.571959307864929,-0.24689498143818758,-71.99131518540526,14.098561481366003,-86.08987666677126,22694.696261550183,22718.492523100365,22672.803738449817,22740.38504620073,22649.007476899635,22764.18130775092,22627.114953799268,22689.063956771894,22715.03,22740.996043228104,0.2286243357645159,0.3015677646864904,41.13581078532273,22715.03,22679.53,22755.7725,22703.91441916244,22706.75285857892,22753.41490170226,56.93073905765681,56.959101501987554,111.04508861588604,0.5979235504119872,30.0872132243325,1
1675943520,0.02029216824595718,0.009041447812378369,-0.0014122903813665526,0.018899952643024402,-0.3223078590108309,-0.32267451291444454,-0.28145415303146615,-69.19422962098542,13.516517636628675,-82.7107472576141,22701.408333333336,22740.51666666668,22665.616666666672,22776.30833333333,22626.50833333333,22815.416666666675,22590.71666666667,22675.34954761497,22704.64,22733.93045238503,0.2580129205750914,0.1075512986657095,39.26271614915649,22704.64,22689.6825,22741.87625,22696.49294610829,22702.18870247366,22746.58014915919,57.37346764175462,56.89977931347793,110.14186800046572,0.4496210716282636,26.77063770626832,1
1675945980,0.016031451237176957,0.009210024730922814,0.02532655971087266,-0.007632179881182124,0.36574752038668146,0.34434537722153713,-0.29368437485722604,-66.17635084976428,13.227517126279864,-79.40386797604414,22679.016666666663,22729.533333333333,22631.13333333333,22777.416666666668,22580.616666666665,22827.93333333333,22532.73333333333,22668.248310138308,22696.95,22725.651689861694,0.2529123063820734,0.2417399450792084,39.32396436462275,22696.95,22697.49,22729.13875,22691.703630738863,22698.54075656936,22740.441563524982,63.585566909152,59.29659120285448,120.02459171471818,0.3454027043826249,26.780856589091485,1
1675948440,0.013985385368787953,0.025987864360845627,0.011570124992364613,0.039846373056872074,-0.18768849027641685,-0.19059787545347287,-0.2943526606984138,-59.286544395385135,16.093858864527206,-75.38040325991234,22679.80833333333,22805.216666666667,22556.716666666667,22928.30833333333,22431.30833333333,23053.716666666667,22308.216666666667,22663.70416216486,22698.9,22734.095837835142,0.3101105149160619,0.9332898699963256,45.24237737546004,22698.9,22705.3825,22717.785,22704.26908715924,22704.1515281022,22739.38998604641,68.49728597512122,63.15210684200929,117.28533516366684,0.34844743874026,86.9073587042318,0
1675950900,0.021351687944121265,0.036537230474000905,0.03380558980591116,0.047596535011053646,0.05556183389445169,0.046430182115467754,-0.2851672136869103,-50.84169267876132,19.630968464920823,-70.47266114368215,22726.733333333337,22766.466666666674,22689.666666666675,22803.533333333336,22649.93333333333,22843.26666666668,22612.86666666668,22652.15421603117,22711.405,22770.65578396884,0.5217711891345947,0.9026950936640432,48.63496203206332,22711.405,22713.49,22707.72125,22722.55439143949,22714.14670481089,22741.26951118485,74.47374341928789,68.85219876785372,117.36174250766696,0.3575042827756386,140.52432831832303,0
1675953360,0.030309783663744025,0.022350151908033283,0.01209786545471144,0.0348693603431539,0.42474988138384295,0.4016417925998699,-0.2636704166250728,-46.834852243475325,18.910247120165465,-65.74509936364079,22764.92332067345,22821.20167932656,22702.84664134689,22883.278358653115,22646.568282693777,22939.55671730623,22584.491603367223,22655.216718383665,22714.29,22773.363281616337,0.5201420041422058,0.5411353480543443,44.630288681875406,22714.29,22714.66,22695.3325,22721.419594293,22715.05639484528,22739.16289107201,70.21238215530529,71.06113718323815,115.5644751856908,0.0515249400527011,51.67324672827286,1
1675955820,0.027694940735751208,-0.004977053835044809,-0.001546867539834209,-0.006450586934760208,1.036401819868383,0.9864666443907241,-0.23195693571806747,-49.30430942672683,13.15263194953117,-62.456941376258,22719.18333333333,22765.266666666663,22673.066666666666,22811.38333333333,22626.98333333333,22857.466666666664,22580.86666666666,22625.45137756967,22706.390000000003,22787.328622430337,0.7129149321431928,0.1031560825284964,38.11925608963232,22706.390000000003,22705.515,22680.3,22694.996396195333,22701.800686691586,22729.92356811277,56.41250567364104,67.03287708274475,119.36826199421864,-0.4022680085863968,-146.73957422272568,0
1675958280,0.012723239330272819,-0.03805361974744608,-0.01638824702189823,-0.041397093471368385,0.8457769707068881,0.7969383394480283,-0.20144040191164517,-58.11195469079394,3.4759893483712574,-61.5879440391652,22642.122496835025,22726.54499367005,22557.72750316497,22810.939987340105,22473.305006329945,22895.36248417513,22388.91001265989,22527.859580711232,22679.755,22831.65041928877,1.3394802482546095,0.0694241452030666,32.02855378664294,22679.755,22688.3525,22663.93375,22646.314264130226,22674.009652747663,22712.68799019727,38.94765560047492,55.19084780980709,126.85865365552748,-0.7553726083076683,-255.39445915758336,0
1675960740,-0.011301713847093012,-0.04372312769219585,-0.040204073793171785,-0.04290093903954102,0.12894039117556347,0.10668152360073795,-0.18441135092238073,-65.62464594109406,-3.229361521543084,-62.395284419550975,22564.461248417512,22668.822496835022,22444.588751582483,22788.69499367005,22340.22750316497,22893.05624208757,22220.35500632994,22461.13019013923,22640.47,22819.809809860773,1.5842410503030389,0.2003035743055188,31.110969148283285,22640.47,22669.685,22658.152500000004,22608.534509420148,22648.366988611724,22695.57246732134,25.725254720670005,40.36180533159533,129.27888358200906,-0.8216455799275204,-218.01222082737684,1
1675963200,-0.026149084878182738,-0.04072423303597339,-0.047747902975418186,-0.043008356580125896,0.017858682998150077,-0.0007621367430020354,-0.16674854862138422,-70.08872431735654,-6.154751918244443,-63.93397239911209,22535.17229087542,22614.44458175084,22453.70270912457,22695.91416350169,22374.43041824915,22775.186454377108,22292.9608364983,22451.44954289018,22596.93,22742.41045710982,1.2876125837432,0.3092355457815979,32.21715756748723,22596.93,22654.167500000003,22660.10125,22586.16467294677,22628.92299068232,22680.89175614788,22.698083499511792,29.12366460688558,130.01610618329428,-0.6836927116836691,-158.86657782851822,1
1675965660,-0.0320732487637829,-0.04245436456840982,-0.0481700953452959,-0.02958116400714662,0.15921527608823322,0.13664238113009963,-0.15877561648061883,-73.17637860852847,-7.393924967533096,-65.78245364099537,22530.74166666667,22605.88333333334,22466.283333333336,22670.34166666667,22391.141666666663,22745.48333333334,22326.68333333333,22477.971328244148,22560.41,22642.84867175585,0.7308260067600884,0.3552863632333638,31.89891553058546,22560.41,22637.35,22658.44,22569.626448631177,22612.12790146736,22667.144922229032,21.89125004516561,23.438196088449143,127.93638431305908,-0.7407048532849408,-114.35870676889184,0
1675968120,-0.03590043933924117,-0.0712987625783918,-0.06458867844942712,-0.07398041411513143,0.5573681330846099,0.5134860954366517,-0.1307438674134877,-81.24503791234383,-12.370067417078772,-68.87497049526506,22541.216666666664,22589.33333333333,22488.433333333327,22642.116666666665,22440.316666666666,22690.23333333333,22387.53333333333,22454.4338002958,22523.035,22591.6361997042,0.6091647924376138,0.0061310859564358,27.093767555134644,22523.035,22614.7125,22652.1975,22531.50929908745,22583.60919210965,22646.96683439769,21.241342331041388,21.943558625239604,131.5290253677185,-0.9980534925810072,-149.37432011134166,0
1675970580,-0.052236948292479685,-0.17659722938321373,-0.0807829854437164,-0.24194564174138633,5.10533981126834,4.770037099810673,-0.05784395538613576,-110.30914377246154,-33.14733862175717,-77.16180515070437,22457.236119692767,22545.37223938553,22367.138880307244,22635.469478771058,22279.00276061448,22723.605598463822,22188.90552122896,22151.615653538665,22444.96,22738.304346461333,2.6138994808752947,0.0118620770185061,17.016448293525414,22444.96,22562.3575,22629.92375,22407.197866058304,22506.330248089715,22600.453326359817,22.83642063471606,21.989671003641025,165.0843935228203,-2.3082052497285828,-243.76766203194788,0
1675973040,-0.11305704508907488,-0.2449241162103066,-0.14107367066696297,-0.270232260761796,1.3582344639914645,1.227441810854413,-0.016882530220161493,-147.1812022808408,-56.01551770410914,-91.16568457673166,22186.626393179715,22473.25278635943,21871.94860682029,22787.93057271886,21585.32221364057,23074.556965898573,21270.644427281142,21871.23513533392,22331.575000000004,22791.914864666087,4.122771140558447,0.1029835475305332,13.506038165251294,22331.575000000004,22486.0225,22595.702500000003,22260.148577372205,22408.09747570977,22540.033961944595,20.37728119742125,21.48501472105958,189.64547896901664,-3.3584256513590423,-231.6869705695701,1
1675975500,-0.17763222979560608,-0.24267050898344159,-0.20508675744969282,-0.25379737705246885,0.8277305960550001,0.73605023981503,0.011821582487926927,-173.88573584403275,-66.17604101384087,-107.70969483019188,22038.996529923188,22256.993059846376,21748.053470076808,22547.93611969276,21530.05694015362,22765.932649615945,21239.11388030724,21740.190472171653,22217.77,22695.349527828348,4.299077070546213,0.2431108478249194,14.13521871010679,22217.77,22407.35,22560.42,22164.232384914805,22328.879752853445,22485.973584616542,19.12064470423059,20.778115512122643,196.1775729629999,-3.4567453713620298,-177.26683970512377,1
1675977960,-0.208792962699149,-0.2911319368304207,-0.235976250195754,-0.31964432943035975,1.6705271930393972,1.5057764605152324,0.06307142697917782,-203.71936486541017,-76.80773602817463,-126.91162883723554,21995.764931628262,22124.629863256523,21843.53506837174,22276.859726513045,21714.67013674348,22405.724658141306,21562.44027348696,21647.60780824625,22077.63,22507.65219175375,3.895546684619221,0.2188749736217602,12.09732509298484,22077.63,22319.02,22516.840000000004,22054.771589943204,22239.23797960736,22424.0570527483,14.276401613628208,17.924775838426694,209.107560425814,-3.887909538869205,-160.68284537664815,0
1675980420,-0.24860524377442342,-0.2815230524733563,-0.2719672340778396,-0.27273867004208546,-0.03429807238191342,-0.0759657254794424,0.0792837932086451,-222.6118734734337,-76.56019570895847,-146.0516777644752,21859.68246581413,22036.36493162826,21659.167534185864,22236.879863256527,21482.48506837173,22413.562329070657,21281.970136743468,21732.08178748137,21959.16,22186.23821251863,2.0681866931032937,0.2881016436306029,14.722597560218524,21959.16,22241.0975,22473.30625,21990.822726628805,22170.81743786057,22370.61590486751,14.71280852182946,16.036618279896093,204.44987753825592,-3.4414797181363013,-120.05347880804965,0
1675982880,-0.2637067040599097,-0.30079405600386566,-0.29041199214935354,-0.3159205213567863,0.10546392141338883,0.05016472806219855,0.09787393914722994,-239.20843294156293,-74.52540414167018,-164.68302879989275,21878.275000000005,21942.55000000001,21798.65000000001,22022.175000000007,21734.375000000004,22086.45000000001,21654.750000000007,21753.945485208373,21889.17,22024.39451479163,1.2355380746883429,0.2021804806468868,13.83047323534574,21889.17,22167.065,22427.70875,21930.09015108587,22104.964267340463,22317.0929615468,13.356643356643367,14.11528449736702,204.99448266842327,-3.283190569849153,-111.6529482550218,1
1675985340,-0.28089341343411434,-0.29383803999653724,-0.3074490989525377,-0.29196640980659205,0.08672374797905696,0.03337912638334248,0.11604897128643508,-247.9218805825003,-66.59108142608602,-181.3307991564143,21802.4997831202,21911.5995662404,21699.525216879803,22014.5741324808,21590.425433759603,22123.673915601,21487.450867519205,21745.46129848924,21861.605,21977.748701510765,1.0625359072288227,0.3562987076965732,15.813481013515434,21861.605,22096.590000000004,22383.1375,21896.13510072392,22054.64803691492,22270.534108066146,13.375699860674004,13.81505057971562,197.26271066927168,-3.127638494251203,-92.97308209691286,1
1675987800,-0.28600858777247506,-0.28980106642085524,-0.30014857476716095,-0.2763908664219361,-0.035412079477845686,-0.07907605483299592,0.12914659321301597,-251.0159278159117,-55.74810292759793,-195.26782488831373,21815.191558226765,21870.08311645353,21773.33344177323,21911.941232907066,21718.441883546464,21966.83279113383,21676.58376709293,21799.908474835847,21835.045,21870.18152516416,0.3218360682485847,0.5648185894694497,17.007170309686973,21835.045,22026.4075,22340.2875,21877.290067149275,22015.54839383948,22229.4927644408,13.135441868349645,13.289261695222349,188.45823133575223,-3.1134899412969865,-77.44671523908656,0
1675990260,-0.2865475881321188,-0.2936605906085952,-0.30264654628893545,-0.2792553341708383,-0.36284631059836914,-0.38415761772507984,0.13114499909416638,-251.4469798897735,-44.94332400116775,-206.5036558886057,21840.4,21877.0,21803.0,21914.4,21766.4,21951.0,21729.0,21798.153277560355,21833.62,21869.08672243964,0.3248817414578388,0.4309916498722057,16.762461788928597,21833.62,21955.625,22296.4875,21861.10171143285,21981.58050405048,22191.324405922627,14.326069732265989,13.612403820429888,180.34692909748435,-3.140786855130891,-70.18857551165117,0
1675992720,-0.2887469460309475,-0.2829515200462905,-0.29247874671438734,-0.2715212712488015,-0.3791108352804002,-0.39852527902368867,0.13658818172533177,-246.5120835956186,-32.00674216561026,-214.5053414300084,21831.741666666665,21867.68333333333,21792.78333333333,21906.641666666663,21756.841666666664,21942.58333333333,21717.883333333328,21799.958758574507,21832.815,21865.67124142549,0.3009803493089832,0.8969565426276102,20.19374571003281,21832.815,21895.9875,22255.35,21860.3678076219,21959.27495785948,22159.6649386919,16.133408705951215,14.53164010218896,173.33643416194954,-2.6558347648826386,-57.3270753244234,1
1675995180,-0.2844918243669314,-0.2707696195640687,-0.2891715731503467,-0.2609546374404415,-0.5364133310915333,-0.544715885289714,0.1362917170025545,-237.0982807030996,-18.074351418472983,-219.0239292846266,21858.63333333333,21899.86666666666,21817.666666666664,21940.83333333333,21776.43333333333,21982.06666666666,21735.466666666667,21800.890792558203,21849.735,21898.57920744179,0.4470919893700718,0.9451909681596,24.03016916724528,21849.735,21869.4525,22215.905,21871.32020508127,21947.2658746123,22134.289706435527,18.81307440468873,16.424184280968653,165.3901947812732,-1.1975048034451772,-45.83175369509632,0
1675997640,-0.276273011470099,-0.27077849203346505,-0.28005925450049096,-0.256160562945314,-0.32502778463730014,-0.34748089596810433,0.14560445464737054,-227.0228136995247,-6.3991075319184745,-220.62370616760623,21883.04530572251,21919.1796942775,21857.09061144502,21945.13438855499,21820.95622289003,21981.26877710998,21795.00152861253,21809.33058613972,21862.73,21916.12941386029,0.488497217504736,0.7853027570651094,24.02926313384193,21862.73,21862.167500000003,22174.095,21878.61347005418,21937.43571559188,22111.328782013097,21.65322629431561,18.866569801651863,158.9051808683253,-0.3316481570423383,-35.417340402045006,1
1676000100,-0.27216804147620954,-0.3012642968819124,-0.2979672475227938,-0.31069286771504023,-0.09782238700377491,-0.13885530770573465,0.15497860583106604,-223.39419637536048,-2.216392166203377,-221.1778042091571,21896.13333333333,21931.966666666664,21857.36666666666,21970.733333333334,21821.53333333333,22006.566666666666,21782.76666666666,21787.6073361963,21856.27,21924.93266380369,0.6283109039529418,0.1434015425035092,21.08724667401601,21856.27,21845.6575,22126.50375,21854.842313369456,21913.77467639336,22082.37365991661,20.166834624743373,20.21104510791592,160.78338223487353,-0.7513972074056643,-70.30853857371534,0
1676002560,-0.28535921423216976,-0.31024323591178066,-0.3118760269642727,-0.28935258298571903,-0.5750078902578675,-0.5824087924478494,0.15098879371666807,-220.0236933849156,0.923288659393279,-220.9469820443088,21799.766666666663,21891.533333333333,21715.533333333333,21975.766666666663,21623.766666666663,22067.533333333333,21539.533333333333,21756.53091833192,21846.925,21937.31908166808,0.8275222409385359,0.1408780375777346,20.2989490122591,21846.925,21840.2725,22079.64625,21830.561542246305,21889.815644321832,22053.76664468646,16.517587215617116,19.44588271155871,154.78935419280657,-0.2466127950136978,-79.47965068898372,1
1676005020,-0.29644449259091826,-0.3161256831220604,-0.3202730777313202,-0.30145495922483073,-0.34757377190204625,-0.37153100798526306,0.1507261840520728,-216.19781561878327,3.799333140420402,-219.99714875920367,21798.022329881976,21828.444659763954,21751.57767011802,21874.889319527912,21721.15534023604,21905.31164940989,21674.71068047208,21718.812645797803,21828.23,21937.6473542022,1.0025307063577422,0.2130025650047219,19.77732730031637,21828.23,21830.5225,22035.81,21808.849361497538,21867.199163536043,22026.305535668704,13.073324309074511,16.58591538314501,149.9329717504632,-0.4459604558859513,-108.97706225510368,1
1676007480,-0.3049285011213321,-0.31827282071615914,-0.3109848455940155,-0.340411720609901,0.7908755605657589,0.684001711697164,0.17738462497281973,-211.2191613505165,7.022389926949785,-218.2415512774663,21773.275,21812.75,21725.95,21860.075,21686.475,21899.55,21639.15,21703.894869955508,21801.46,21899.02513004449,0.8950329936113594,0.2843235591404041,19.579552303763112,21801.46,21825.5975,21996.33125,21792.357907665028,21847.59477016585,22000.88357989073,16.84410662092968,15.47833938187378,155.08061662543014,-0.225828084072242,-139.98940465258684,1
1676009940,-0.31024412738194374,-0.2850276778852134,-0.30102814220440566,-0.28693492791175607,-0.5962391797059088,-0.6011583001368072,0.17122010120425357,-197.43880075457847,16.64220041831021,-214.0810011728888,21743.791666666668,21862.583333333336,21640.583333333336,21965.791666666668,21521.791666666668,22084.583333333336,21418.583333333336,21725.18579584613,21793.43,21861.67420415387,0.6262823626558157,0.936813651351061,31.0729058226794,21793.43,21828.08,21962.335,21812.58860511002,21848.58663013569,21986.80419132971,30.278545800698684,20.06532557690097,152.2837868664708,0.1137288991661059,8.78061016719909,0
1676012400,-0.29627854540161663,-0.27902988857277106,-0.29402678540393723,-0.2728457073772531,-0.4261070560152138,-0.44257443857966194,0.17732204894281736,-183.0440589685313,24.82955376348599,-207.8736127320173,21834.23404123525,21894.11595876476,21793.1680824705,21935.181917529502,21733.286164941,21995.06383505901,21692.220206176244,21713.441814757312,21805.96,21898.47818524269,0.8485586990225309,0.8458239038743997,32.93509283211967,21805.96,21831.115,21928.76125,21831.70907007335,21852.47087920193,21975.67522072688,50.5585118062315,32.56038807595329,147.22772624366033,0.1389677466620368,57.109432013720976,0
1676014860,-0.28629671115157396,-0.27036148597180143,-0.2817832066774911,-0.26277550305022856,-0.3040450159817391,-0.3276220286731937,0.18638228971098184,-167.73172213936414,32.11351247412256,-199.8452346134867,21859.61702061763,21905.53297938238,21824.034041235256,21941.11595876476,21778.118082470504,21987.031917529504,21742.53510308813,21717.378183007044,21828.435,21939.49181699296,1.0175426409905928,0.7968750671297387,35.64137233875966,21828.435,21837.68,21896.6525,21852.597713382234,21860.08981025613,21967.932342562417,70.96845470175833,50.60183743622952,143.00963644579636,0.3007505019189231,109.11831622152393,0
1676017320,-0.27697137795420373,-0.27182544342232345,-0.291282534999734,-0.25569508693611764,-0.44866701372858603,-0.46293724500921557,0.18785238073286967,-154.15246425737496,36.55421628488941,-190.7066805422644,21888.73351030881,21935.64148969119,21847.467020617623,21976.907979382377,21800.559041235247,22023.81595876476,21759.29255154406,21754.803453404213,21853.4,21951.99654659579,0.902345141678538,0.686872670860728,35.38169739348668,21853.4,21840.815,21868.40125,21865.14847558816,21865.57348111865,21960.53402422314,82.03199412543792,67.85298687780926,135.7518052710967,0.1434198427185198,88.17049548809875,1
1676019780,-0.2730407263523838,-0.27589790687559335,-0.29279539099179464,-0.2582014962164071,-0.7193541323073123,-0.7156378805060363,0.18394525454581354,-142.67210592524862,38.42765969361261,-181.09976561886123,21884.95,21908.300000000003,21866.9,21926.35,21843.55,21949.700000000004,21825.5,21847.56782403418,21877.28,21906.992175965817,0.2716258690826141,0.5251580362495581,34.62592599542409,21877.28,21839.370000000003,21854.41125,21869.690650392105,21867.97375727889,21952.747450487605,84.8015488867374,79.26733257131121,129.2052477517328,-0.0660021536342731,64.9059225719934,0
1676022240,-0.2731117331791167,-0.2897123417268842,-0.2997351547223752,-0.2772144008997452,-0.29400232035444734,-0.32042706094116147,0.18434137752163582,-135.1567584465156,36.75440573787654,-171.9111641843921,21877.358333333337,21900.11666666668,21856.01666666668,21921.45833333334,21833.25833333333,21944.21666666668,21811.91666666667,21835.8319518576,21874.64,21913.4480481424,0.354822279520032,0.0517682328116047,32.11957340300176,21874.64,21834.035,21848.10125,21859.74376692807,21862.86034686455,21941.995312345927,78.93675379154526,81.92343226790686,125.51023479559512,-0.2436829700546388,-0.9975508801787264,0
1676024700,-0.2800547962901737,-0.2953463597940448,-0.3066177815934543,-0.2777156827558036,-0.668995338039769,-0.6693129783664636,0.16905972570496475,-128.99479949939996,34.33309174799376,-163.32789124739372,21840.108355455268,21878.716710910536,21801.24164454473,21917.58342182108,21762.633289089463,21956.19177727634,21723.76657817893,21808.842620185897,21865.445,21922.047379814103,0.5177336186307042,0.1336726464841289,31.12990796525245,21865.445,21835.7025,21840.68,21847.82084461872,21855.790283798266,21930.755282598697,71.80811014305637,78.51547094044633,120.78182753754596,0.0764652203619855,-22.06437790969708,1
1676027160,-0.28634347647000413,-0.30601994047875897,-0.31228660540113795,-0.2949382950960779,-0.008587078203624712,-0.05616728308477442,0.1783697554973931,-125.0961729795854,30.58537461424669,-155.68154759383208,21827.829177727635,21855.558355455272,21796.245822272365,21887.141710910542,21768.51664454473,21914.87088863818,21736.93328908946,21774.540487922783,21845.35,21916.15951207721,0.6482799504445195,0.1367013520451022,29.288730031070944,21845.35,21836.8925,21838.5825,21829.84722974581,21844.53750492585,21917.72144616073,62.678821125093634,71.14122835323177,118.67598271343547,0.0546322651730853,-66.31188261101609,1
1676029620,-0.294824871355243,-0.3228865048026528,-0.3212592898016699,-0.3200023878989725,0.3463426986830301,0.27068256597460766,0.18612561967284247,-124.40726419079148,25.01942672243252,-149.42669091322398,21796.4,21840.800000000003,21749.500000000004,21887.7,21705.1,21932.1,21658.200000000004,21727.546819064944,21816.575,21905.603180935057,0.8161517647481907,0.1057428150126431,26.6103640866978,21816.575,21834.9875,21832.755,21802.023153163875,21826.68977675752,21901.402737002565,52.624502527696826,62.37047793194896,119.89890418359914,-0.0875241351822869,-121.5102167465271,1
1676032080,-0.30749926885265544,-0.32224768700606166,-0.3338233623723925,-0.310728673561901,-0.4200519281701152,-0.4397461673427663,0.1700588971227481,-122.30618449369648,21.696405135622,-144.0025896293185,21748.72396109857,21815.44792219715,21679.651038901426,21884.5208443943,21612.927077802848,21951.244805492875,21543.85415560569,21714.003869200016,21790.455,21866.906130799987,0.701693753526354,0.2234834883566531,26.88308741037573,21790.455,21833.8675,21829.7325,21784.07376877592,21812.414362801603,21886.8096191928,44.68418597925992,53.329169877350125,116.63369257390362,-0.0514720666379467,-107.0223244188532,1
1676034540,-0.31351704287545634,-0.31151199903556537,-0.31872503904176896,-0.29733728683578375,-0.31579931282976725,-0.3416522296239879,0.16936229822603724,-116.85313134647004,21.719566626278777,-138.5726979727488,21746.053647215955,21784.207294431908,21710.02135278405,21820.239588863817,21671.867705568093,21858.39323607977,21635.835411136184,21719.81784150871,21778.17,21836.52215849129,0.535877518554519,0.5021850091461404,31.49068686751616,21778.17,21826.405,21827.2425,21782.19084585061,21806.234478655857,21876.48727450777,43.284794848329504,46.86449445176208,113.99557167576768,-0.341485513463779,-47.172272712214806,1
1676037000,-0.3111578199098455,-0.30137076651467737,-0.3141161056706072,-0.2942221781588523,-0.4594091979297817,-0.474954948511151,0.05807461370169675,-108.96964946363732,23.6824388072892,-132.65208827092653,21782.908333333336,21820.51666666668,21740.81666666668,21862.608333333337,21703.208333333336,21900.216666666674,21661.116666666672,21726.346423719133,21774.775,21823.20357628087,0.444813563225049,0.8327064563400023,35.61799519109904,21774.775,21820.11,21825.6125,21790.46056390041,21806.3736643548,21869.869438840364,50.12021857923518,46.02973313560821,111.86017369892704,-0.2878378780015534,-22.2819353406849,0
1676039460,-0.30490734090330185,-0.2860125219882911,-0.29546927600101935,-0.28348042410046886,1.0656365718074856,0.9464633675591498,0.003989506658759461,-98.0991761997284,27.64232965695851,-125.7415058566869,21799.7,21845.4,21761.300000000003,21883.8,21715.6,21929.5,21677.200000000004,21707.9192634068,21786.05,21864.1807365932,0.7172547257827562,0.9110098202094408,41.377886555444185,21786.05,21815.7,21826.69,21810.39870926694,21814.3557253812,21868.00330180795,61.27868852459062,51.561233984051775,111.52016129186072,-0.2014215980131816,34.87185535606236,0
1676041920,-0.29410259861473576,-0.33037486897380747,-0.29279539099179464,-0.3787239767514685,1.798063967926411,1.611254888583885,0.028131805509012613,-98.43599428412564,21.84440925804901,-120.28040354217464,21841.791666666668,21899.583333333336,21792.483333333337,21948.891666666663,21734.69166666667,22006.68333333333,21685.38333333334,21693.916551651106,21781.83,21869.743448348898,0.8072182029599537,0.1783484150482054,32.36955852365773,21781.83,21799.2025,21820.00875,21782.024139511297,21798.15922985734,21854.41013020719,61.280750968221376,57.559886024015725,130.74729262815643,-0.7536460296250548,-152.53399228084484,1
1676044380,-0.31088250010273005,-0.36471132554059715,-0.3371771441169017,-0.3654400075659349,0.964951020346988,0.8371605804147775,0.03710192202126656,-105.29605410199656,11.987479552142474,-117.28353365413903,21713.991666666665,21909.98333333333,21529.28333333333,22094.691666666666,21333.291666666664,22290.68333333333,21148.58333333333,21605.145275030245,21757.9,21910.65472496976,1.4041311428929846,0.0765270107827606,27.39773027460558,21757.9,21774.1775,21806.77375,21730.8577596742,21767.31664261056,21832.897260663645,50.33219268926771,57.63054406069324,136.94059079232366,-1.1438026123491831,-182.0416950202641,1
1676046840,-0.33644152986411047,-0.3692540298719151,-0.362513694025866,-0.35860109081543,-0.04083012001496843,-0.09293996082507326,0.01721764768945581,-110.491872431081,5.43332897844644,-115.92520140952745,21652.059488975498,21749.018977951,21531.5655110245,21869.512955901995,21434.606022049,21966.47244487749,21314.112044098,21538.45744891903,21725.36,21912.26255108097,1.7205933626045296,0.2067054479301727,26.81100325830837,21725.36,21751.765,21792.9,21692.48017311613,21739.754525772267,21812.21418821949,33.61852750809071,48.41049038852661,136.183350983104,-1.026220418180528,-162.3092115760712,1
1676049300,-0.35149250946234645,-0.36252869806890925,-0.36836782519985994,-0.36354229768228613,-0.048116690911158555,-0.10026768966333552,0.010594910296784004,-111.7918227181799,3.3067029530780303,-115.09852567125792,21630.154744487747,21686.109488975493,21559.770255512245,21756.493977950995,21503.8155110245,21812.44872243874,21433.431022049,21513.615101532738,21690.895,21868.174898467263,1.63460196978744,0.3414371835553049,29.22741257697597,21690.895,21732.835,21784.26875,21673.211782077426,21720.64915745004,21795.30569410335,26.950437103349955,36.96705243356946,135.2773973414537,-0.8673946886394236,-133.93626201616945,1
1676051760,-0.3556551667304109,-0.33955787479980937,-0.3509172072449254,-0.3327479952785743,-0.1925734842076952,-0.2301897326796579,0.005595583602860328,-106.37307353892174,6.980361705868958,-113.3534352447907,21626.325,21692.25,21568.75,21749.825,21502.825,21815.75,21445.25,21573.98868846517,21660.72,21747.45131153483,0.8008165151927519,0.7229875192448064,36.89149439428567,21660.72,21723.385,21780.13875,21681.94118805162,21716.7856742773,21786.17181847446,33.89130750219791,31.48675737121286,132.6736546742068,-0.4336075690904335,-60.90485775221729,0
1676054220,-0.34625051459545053,-0.3426898564969871,-0.35545577522110866,-0.32687711049633816,-0.6027482286552841,-0.6097807742500212,-0.0012643524260275542,-101.61937462595596,9.387248495067794,-111.00662312102376,21693.101186121938,21739.798813878064,21652.702372243875,21780.19762775613,21606.00474448775,21826.89525551225,21565.605930609687,21585.158979892825,21653.78,21722.40102010717,0.6338017667785812,0.7681029802714591,36.31406712584985,21653.78,21717.805,21776.39625,21684.819125367747,21712.020097135974,21777.06735957213,41.0950771931863,33.97894059957806,127.32553648319198,-0.256594489886242,-53.195720984832974,1
1676056680,-0.34311425697580733,-0.32918595807459616,-0.3283650981539715,-0.3248719830721058,-0.30714556448059316,-0.3347849359528198,0.003136299247729384,-93.7015834590893,13.84403172954758,-107.54561518863687,21691.325,21719.849999999995,21662.05,21749.125,21633.525,21777.65,21604.25,21589.67622214524,21673.8,21757.92377785476,0.7762716076992348,0.8258591173512044,40.62896287337379,21673.8,21715.85,21774.858750000003,21699.42108357849,21715.039170383978,21772.453801517644,49.43525085369064,41.47387851635829,127.45942673439234,-0.0898926001836902,-3.3396946373978134,1
1676059140,-0.3347938443767211,-0.3163563673263843,-0.33061679079331724,-0.3117019857605657,-0.6740643802909965,-0.6750524717159896,-0.0049727136504009155,-83.54660082454939,19.19921149127001,-102.7458123158194,21731.541666666668,21794.68333333333,21665.483333333337,21860.741666666665,21602.34166666667,21923.88333333333,21536.28333333334,21617.32407066869,21703.61,21789.89592933132,0.7951297441422162,0.854432063686453,44.477818641523086,21703.61,21714.485000000004,21770.445,21721.20572238567,21724.08204849598,21771.72248708739,55.15935557306722,48.56322787331472,124.49934662509816,-0.0626767087151685,31.199727526100208,1
1676061600,-0.32421852483192287,-0.3406314435968594,-0.34004575372058027,-0.3464629087294575,-0.22181348052380503,-0.2579185377217832,-0.018547912558986225,-80.09473009008434,18.120865780588048,-98.2155958706724,21753.71889826524,21802.256101734754,21716.23779653048,21839.737203469514,21667.700593060967,21888.27440693903,21630.219491326206,21660.48462340728,21715.95,21771.41537659273,0.5108261585859709,0.323538564033042,39.28802930143076,21715.95,21703.422500000004,21761.76625,21712.92881492378,21719.04440331489,21764.54653593621,55.66719201470974,53.42059948048921,126.7976075804485,-0.5072912367588389,-42.03022504127519,0
1676064060,-0.33106900464390726,-0.383059592253807,-0.3571879342200487,-0.4062228671409298,1.0056426037449393,0.8650562946301881,-0.007065776690643964,-86.01426464182805,9.761064983075483,-95.77532962490352,21689.625,21771.15,21614.85,21845.925000000003,21533.325,21927.450000000004,21458.55,21565.18937591519,21691.435,21817.680624084813,1.1640135757252703,0.0460832768231002,32.21316907573923,21691.435,21676.0775,21745.88875,21667.56087661585,21693.18632998491,21746.66829441848,47.10688966686334,52.644479084880096,137.34611230319717,-1.2514716634001206,-151.55340010682244,0
1676066520,-0.35570937009541,-0.38414203352025333,-0.3816138163785506,-0.378616559210885,-0.23073915212458312,-0.2696675713228405,-0.004616873052523326,-89.91516191579285,4.688134167288553,-94.6032960830814,21577.900557899644,21714.601115799287,21440.12444210036,21852.377231598573,21303.423884200714,21989.077789498217,21165.647768401428,21510.50054775424,21668.075000000004,21825.649452245776,1.4544388668192412,0.2007763674376557,32.054576590053955,21668.075000000004,21660.9275,21730.065,21636.298917743905,21671.475179078563,21730.202266378623,35.15914313724645,45.97774160627319,136.6750211993591,-0.6973444524867924,-125.31706373077046,1
1676068980,-0.36857080027338884,-0.3782329689017833,-0.39067365540838633,-0.367158688215276,-0.5321140455129078,-0.5464856011752636,-0.003763308740746518,-90.61854112569928,3.187803965905715,-93.80634509160498,21579.441945616487,21640.58389123297,21512.63305438351,21707.39278246595,21451.491108767023,21768.53472808244,21384.68221753405,21486.60260549044,21640.435,21794.26739450956,1.421712590431367,0.3374529624938942,33.96582438015876,21640.435,21657.1175,21715.6475,21621.00761182927,21656.73878288246,21716.890145771136,30.413479052823234,37.55983728564434,131.9268053994049,-0.1761562566102042,-100.460090758846,0
1676071440,-0.3720468366477573,-0.370451813240524,-0.377515326547205,-0.36282618074506057,-0.3915888705874408,-0.41632450446678443,-0.001934826702375406,-88.38792892690253,4.334732931761977,-92.72266185866452,21587.075,21623.85,21553.65,21657.275,21516.875,21694.050000000003,21483.45,21519.34243960611,21609.95,21700.55756039389,0.8385726056181677,0.5132439279325284,36.49889959593976,21609.95,21656.78,21704.2725,21618.121741219515,21648.668095085646,21706.93394141198,33.00182149362453,32.858147894564745,129.32489072801886,-0.0156136331305103,-64.73332310270196,0
1676073900,-0.36989408421524134,-0.3644806413362732,-0.37325822015094107,-0.3488619004691621,-0.48473777961354614,-0.5020262655180742,0.0034406890048942155,-84.29086319933413,6.745438927464306,-91.03630212679845,21610.88333333333,21659.36666666667,21563.86666666667,21706.38333333333,21515.38333333333,21754.86666666667,21468.36666666667,21553.99586587348,21596.51,21639.024134126525,0.3937130038744458,0.8841663563320591,38.45012157327957,21596.51,21656.230000000003,21694.5325,21621.80616081301,21645.123895979166,21699.52832794417,37.03825136611982,33.484517304189204,124.98739853316026,-0.0254221521700863,-29.281207229317165,0
1676076360,-0.365831974102678,-0.35682370024657284,-0.3634070648538003,-0.34301489884242187,-0.2656710428575981,-0.29867203983376894,0.016173513653722573,-78.39924915979282,10.1096423736045,-88.50889153339732,21633.525,21665.65,21597.05,21702.125,21564.925,21734.25,21528.45,21556.73632149205,21611.295,21665.85367850795,0.5049089238562219,0.8615831713578921,40.95556617892024,21611.295,21651.365,21687.375,21631.45410720868,21646.146823982952,21694.88277290187,45.7645213519528,38.60153140389906,121.79331722342786,-0.2241997474584617,6.943335956912542,0
1676078820,-0.3599722587900656,-0.3594765685963062,-0.3723082873187165,-0.3450664807018672,-0.6341757393744258,-0.6397016333715804,0.004854951273788894,-73.48616979365761,12.018177391791768,-85.50434718544938,21655.493246601032,21693.25675339897,21612.986493202065,21735.76350679794,21575.22298640413,21773.52701359588,21532.71623300516,21581.654382175508,21625.195,21668.73561782449,0.4026841637681609,0.7076222261346915,40.34283622909926,21625.195,21646.635,21682.22,21635.394404805786,21645.62467416787,21689.967746911218,52.19422059085093,44.99899776964119,117.42950885032592,-0.2180670636901016,-11.218758451464156,1
1676081280,-0.35836890103717073,-0.3601331313316926,-0.3720268257387985,-0.34173653694376854,-0.6604000750723518,-0.6638286534020682,0.005278898599198108,-68.94702020715704,13.24586158263388,-82.19288178979092,21642.658333333333,21673.316666666666,21612.616666666665,21703.358333333334,21581.95833333333,21734.016666666663,21551.916666666664,21608.502744599195,21635.395,21662.2872554008,0.2485950027794939,0.6121140623969864,40.1826078245443,21635.395,21637.915,21676.8825,21637.40460320386,21644.86109704644,21685.344628157767,57.22502805836158,51.727923333721776,112.77025821815984,-0.4013139349590723,-8.934213461876105,1
1676083740,-0.3578955197956794,-0.349104651871093,-0.3554205925236181,-0.33500818239116165,-0.5461941445083526,-0.5577246691472157,0.006930073646820142,-62.126068021640094,16.05345101452066,-78.17951903616076,21645.408333333336,21669.51666666668,21617.31666666668,21697.608333333337,21593.208333333336,21721.716666666674,21565.116666666672,21618.77404887188,21647.425,21676.07595112812,0.2647053968601066,0.9375945476970344,44.19213000731936,21647.425,21628.6875,21671.58625,21649.10306880257,21649.886352128902,21684.12133023798,59.259259259259466,56.226169302824,110.47300995433514,-0.4239648698412984,34.56698944717868,0
1676086200,-0.35214431619855063,-0.34654050821533067,-0.3653069305182494,-0.3292060628709784,-0.42503976254173087,-0.44576655790547626,0.013545422053191954,-55.49767450852596,18.14547562210784,-73.6431501306338,21677.76373915846,21715.436260841536,21634.82747831692,21758.372521683075,21597.154956633847,21796.04504336615,21554.218695792308,21626.2266848018,21657.535,21688.84331519819,0.2891216862694253,0.854378698750313,45.11330809490256,21657.535,21627.0225,21665.2225,21659.31037920172,21655.31156083273,21683.70263212008,62.66835016835012,59.71754582865706,105.17525147633312,-0.0767409302245257,34.99652004925509,1
1676088660,-0.3479865790418395,-0.34718819848131816,-0.3653069305182494,-0.32551648831560986,-0.7892912996128529,-0.7825508268249824,0.002312205546556739,-49.81762062208509,19.060423606838967,-68.87804422892405,21676.20686957923,21696.118130420768,21659.81373915846,21712.511260841537,21639.90247831692,21732.422521683075,21623.50934789616,21628.94693714287,21662.965,21696.98306285713,0.3140665449732188,0.7195157329023444,44.91164944389842,21662.965,21637.13,21656.60375,21665.50691946781,21659.41854977224,21683.1500004896,66.0797792742239,62.66912956727783,99.51987637088077,0.4684424144886966,41.6251772860375,1
1676091120,-0.346231571643916,-0.3428229435379436,-0.3589740449700875,-0.3232409722566539,-0.8292504688852886,-0.8194134615102731,-0.0029509673898171947,-43.818517199695634,20.04762162338274,-63.86613882307837,21679.033333333333,21691.466666666667,21665.466666666667,21705.033333333333,21653.033333333333,21717.466666666667,21639.466666666667,21639.36280550645,21672.35,21705.337194493542,0.3044173289333546,0.7705595349052142,46.64278957902554,21672.35,21648.7725,21654.85,21673.73794631188,21665.01517708637,21683.821429014395,68.16106835551291,65.63639926602899,95.10023147407328,0.5396598416364279,70.49169017498201,0
1676093580,-0.34317133231793756,-0.3472236883589074,-0.36446254577849396,-0.32992060747954677,-0.7315249357663104,-0.7291993566207026,-0.007571869945355358,-39.60818241349261,19.40636512766861,-59.01454754116123,21691.251717394804,21709.548282605185,21671.90343478961,21728.89656521038,21653.606869579227,21747.19313042076,21634.258586974032,21668.000456974263,21679.625,21691.249543025737,0.1072393367111911,0.4215022906293963,45.10396732866252,21679.625,21657.51,21657.31375,21675.09196420792,21667.3396903434,21683.24795958445,70.25414803385098,68.16499855452928,91.21450065449666,0.4046932841757399,62.08480578727679,1
1676096040,-0.34384169410006993,-0.35064846154618845,-0.3698494431622524,-0.32766483912728656,-0.6345664674836409,-0.6396827345932437,-0.010171915039460591,-36.627912339819886,17.909308161073078,-54.53722050089296,21675.7,21697.1,21656.4,21716.4,21635.0,21737.800000000003,21615.7,21664.72537418329,21678.755,21692.784625816705,0.1294320251943183,0.1220497916855738,43.89040023053016,21678.755,21663.090000000004,21659.935,21672.77797613861,21667.487019371867,21681.810058671646,75.18229052013288,71.19916896983227,86.0626640396118,0.2581857132611813,54.59794844725429,0
1676098500,-0.3458893464383495,-0.3538514229985433,-0.3714287198814718,-0.33407408571545455,-0.5487384337498374,-0.5604592171103812,-0.020960869154932546,-34.59547382238452,15.95339734280676,-50.54887116519128,21669.479596015368,21678.359192030737,21659.27040398463,21688.56838406148,21650.39080796926,21697.44798007685,21640.18161593852,21653.74362377545,21674.635,21695.52637622455,0.1927725770196378,0.1287942011744526,42.73239410884029,21674.635,21666.085,21661.1575,21668.22698409241,21665.966652213345,21679.6495768934,74.66052786250062,73.36565547216149,82.23675946535381,0.1384703762395039,24.641874800126768,0
1676100960,-0.3485147326915381,-0.34691315193000877,-0.3591851411550257,-0.33095897703852306,-0.6959529109685934,-0.696169420718178,-0.024102443633383538,-31.049312889095745,15.599646620876436,-46.64895950997218,21659.00833333333,21675.31666666667,21642.81666666667,21691.50833333333,21626.50833333333,21707.81666666667,21610.31666666667,21653.79279541092,21674.79,21695.78720458908,0.1937477095656202,0.5925123147587714,46.05282363424525,21674.79,21668.8775,21660.12125,21671.70965606161,21668.27726090183,21679.55676004641,75.37119311916712,75.07133716726688,80.54841950354273,0.1289793656108877,69.84827773468133,1
1676103420,-0.34635811837844493,-0.342122018455573,-0.3615423818868418,-0.32336863932081283,-0.6201236247326058,-0.6259459727309318,-0.029417944542737665,-26.84022027310857,15.846991389490888,-42.68721166259946,21680.025,21708.65,21650.05,21738.625,21621.425,21767.25,21591.45,21653.002245424526,21675.185,21697.36775457548,0.2046834163166309,0.8829551452275889,48.28275901211895,21675.185,21673.7675,21660.20125,21678.531437374408,21672.62230437422,21680.758497184845,75.63180913813086,75.22117670659954,76.98791821716368,0.225936231924225,91.77439216762282,1
1676105880,-0.3428841257776116,-0.3453959596631036,-0.36516619972828973,-0.32301007903532036,-0.732128053073088,-0.7296567434655608,-0.049604464584622386,-23.97252411787485,14.971750035779683,-38.94427415365454,21689.35786616859,21706.117133831416,21675.41573233718,21720.059267662826,21658.65646467436,21736.81853532565,21644.714330842944,21653.18031744182,21676.215,21699.24968255818,0.2125341768217381,0.6461925942106993,46.857416657919394,21676.215,21677.92,21657.9175,21680.00429158294,21674.50006721527,21680.96721173867,75.22498040950194,75.40932755559999,72.87449548736639,0.1918773833054036,64.87722608086602,0
1676108340,-0.3427841811974581,-0.34462405482555586,-0.36354779564376,-0.3210407574579501,-0.6938412644427662,-0.694167047195021,-0.06334840079038552,-21.279058194337267,14.132172767453824,-35.41123096179109,21683.18333333333,21692.76666666667,21673.36666666667,21702.583333333336,21663.783333333333,21712.16666666667,21653.966666666667,21657.33966994952,21679.61,21701.88033005048,0.2054495449916301,0.6238194491842342,47.25278709999481,21679.61,21679.182500000003,21653.935,21681.711194388627,21676.43187317613,21681.36319157308,72.5366030071959,74.46446418494291,68.9906029525545,0.0582535471219287,78.36726380419007,1
1676110800,-0.3423482373635792,-0.3484392166663103,-0.3681215463174325,-0.328953849614292,-0.6310015999946785,-0.636370195214386,-0.08024307029198682,-19.78384633750101,12.50190769943206,-32.28575403693308,21687.275,21695.45,21676.95,21705.775,21668.775,21713.95,21658.45,21670.619501648256,21682.66,21694.700498351736,0.1110610815438705,0.1559527787818323,45.45285313602969,21682.66,21678.6475,21652.835,21679.26579625909,21676.057896235016,21680.6976495185,64.33736559450689,70.69964967040158,66.07163131308631,-0.0246774347921781,-8.663623129206435,1
1676113260,-0.34403794089301637,-0.3475519697265999,-0.36805118092245265,-0.3245855362972158,-0.8243694501163078,-0.8149885347055298,-0.13745231182067466,-18.187496918752004,11.27860569454486,-29.466102613296865,21671.991666666665,21686.98333333333,21659.38333333333,21699.591666666664,21644.391666666663,21714.58333333333,21631.783333333333,21669.709368540138,21682.3,21694.89063145986,0.1161374158632753,0.2845620365708424,45.968311874827045,21682.3,21678.545,21657.8375,21678.46886417273,21676.20646055592,21680.3335876596,60.18849219203566,65.68748693124616,62.4665147907229,-0.0047283177798654,8.501173795722627,1
1676115720,-0.34443914720508934,-0.3318033365467416,-0.33177781981048,-0.32143267932295194,-0.26039222098266956,-0.2918996731426596,-0.16378649626872813,-13.18964484515891,13.021166214510366,-26.210811059669275,21676.95833333333,21684.716666666664,21669.116666666665,21692.55833333333,21661.358333333334,21700.316666666666,21653.516666666663,21654.0718420889,21688.115,21722.158157911097,0.3139337642860997,0.9866616676180768,54.23510997952369,21688.115,21681.65,21665.21125,21692.729242781817,21684.3961950003,21684.230388834872,56.06704143847295,60.19763307500517,65.93497801995709,0.143152206987484,311.2414660388959,0
1676118180,-0.33676504357666587,-0.33379964216108987,-0.34732857210096674,-0.325731323396777,-0.38337041450978676,-0.40662153750919894,-0.23777300215265465,-9.572357381857728,13.31076294224924,-22.88312032410697,21729.05180831777,21780.09819168224,21670.20361663554,21838.94638336447,21619.15723327107,21889.992766728938,21560.30904158884,21654.99889660348,21694.65,21734.30110339653,0.3655380787109165,0.7644945310883166,53.12552423759384,21694.65,21685.432500000003,21671.47125,21700.361161854547,21690.0741595457,21687.220351802986,53.68074960823602,56.64542774624821,66.77533673281735,0.1744872634676984,133.7584463924834,1
1676120640,-0.3339261940309079,-0.32891091152328544,-0.3451824275540902,-0.3138795880856945,-0.6680234342966795,-0.6697577224420588,-0.26317540936182937,-5.530353159818333,13.882213731430912,-19.412566891249245,21708.441666666666,21750.88333333333,21673.18333333333,21786.141666666663,21630.741666666665,21828.58333333333,21595.48333333333,21657.11496442592,21703.505,21749.89503557409,0.4274888832387944,0.7791008853468586,55.52517664527522,21703.505,21691.5575,21677.323750000003,21710.0407745697,21697.22431235557,21691.23746115508,54.94750994990042,54.89843366553647,65.62709839475902,0.2826729554668949,169.28967799563554,1
1676123100,-0.3300622828139523,-0.3238713489057318,-0.34018648451053995,-0.30692853525744057,-0.6903744367745784,-0.6902905114964928,-0.27734857661380713,-1.16775323474576,14.595850925202788,-15.763604159948548,21726.1,21753.1,21702.4,21776.8,21675.4,21803.8,21651.7,21672.712112498804,21717.35,21761.9878875012,0.4110804264902873,0.7940327317158292,57.91684848743781,21717.35,21700.005,21683.045,21721.227183046467,21705.656255563645,21696.2243696165,59.80831037649136,56.14552331154261,64.18850721519341,0.3900203724757973,169.8687716370645,1
1676125560,-0.32561042103444693,-0.3260007415610366,-0.3431066484021921,-0.30818645843475073,-0.5256285579350729,-0.537740625499531,-0.28778730950729836,1.7849134100724768,14.03881405601682,-12.253900645944343,21742.03772603972,21765.56227396028,21720.07545207944,21787.52454792056,21696.55090415888,21811.04909584112,21674.5886301986,21709.00094231069,21729.495000000003,21749.98905768932,0.1886289367453484,0.6977402455595924,56.53347132664879,21729.495000000003,21705.8975,21687.3875,21726.684788697647,21711.464209097525,21700.1649058435,64.85307621671139,59.8696321810344,62.5107566998225,0.2718108925014987,115.25665637903428,1
1676128020,-0.3244492392310429,-0.32758004111371997,-0.34532315834404853,-0.3075061473443859,-0.6445635797283248,-0.6479305470983961,-0.2967043191407156,3.722929574418231,12.78146417629006,-9.058534601871829,21736.1,21757.2,21716.5,21776.8,21695.4,21797.9,21675.8,21713.06936253211,21731.875,21750.68063746789,0.1730696266924876,0.5338994092111619,55.47512594206952,21731.875,21709.995,21691.88125,21728.839859131767,21715.407080170706,21703.306343382214,65.71395775941112,63.45844811753796,60.36713122126375,0.1888929994341378,88.25868948750707,1
1676130480,-0.32465833723505017,-0.3329390126295711,-0.35067092836249664,-0.31219671328321413,-0.5565446282573226,-0.5666277922134838,-0.30360652386475057,3.994333354756236,10.442294365302452,-6.447961010546216,21733.15,21749.4,21716.9,21765.65,21700.65,21781.9,21684.4,21715.20291398361,21732.36,21749.5170860164,0.1578943659721446,0.0829711413019248,51.92303974444536,21732.36,21713.505,21695.7125,21725.24323942118,21715.887611048754,21704.710501155336,59.84848484848386,63.47183960820213,58.22662184831644,0.1618783421997401,42.45708279794626,1
1676132940,-0.3274425047710327,-0.3390343991053808,-0.3535930013966293,-0.32190009778261996,-0.5028319667514759,-0.5174231731624996,-0.3126938245314014,2.7913667056745908,7.391462172976645,-4.600095467302054,21718.68333333333,21733.56666666667,21703.166666666668,21749.083333333336,21688.283333333333,21763.96666666667,21672.766666666663,21695.82948458545,21726.655,21757.480515414543,0.2837575817772639,0.0818399197335889,48.14681975353472,21726.655,21715.08,21697.13125,21717.12049294745,21713.158045403525,21704.345215331017,50.14424968970351,58.56889743253284,57.58147554718303,0.0726304321510713,-14.781991092954724,1
1676135400,-0.3318824327987001,-0.34569762362260587,-0.3579942818487997,-0.32666227541516973,-0.6531247562229139,-0.6566346970054974,-0.3202383136831828,0.3193402232864173,3.9355485524707774,-3.61620832918436,21701.15652454415,21725.613049088297,21676.41847545585,21750.3510981766,21651.9619509117,21774.807622720746,21627.2239018234,21673.08195309808,21714.355,21755.62804690193,0.3801452716594726,0.1092486208172852,44.349688297422254,21714.355,21715.8525,21697.25,21705.446995298305,21707.511128057427,21702.22662339473,35.77143444790379,48.58805632869706,57.03885492354292,0.0356411661235839,-63.1480603618479,0
1676137860,-0.3374341741619023,-0.34721481588950975,-0.35267634211941484,-0.341020420006543,-0.39680569000086136,-0.419585217073048,-0.32153818445390653,-1.962097507628641,1.3232886572445757,-3.2853861648732168,21686.29492893874,21709.18985787748,21659.205071061257,21736.27971575496,21636.31014212252,21759.1746446937,21609.220284245035,21660.36352773406,21702.4,21744.43647226594,0.3873900791243334,0.207694310734148,43.50829138900719,21702.4,21715.9475,21697.24625,21696.239663532204,21702.113650228806,21699.902659261897,29.515374455513875,38.477019531040405,60.47893671471848,0.004382550529081,-87.1332275403671,0
1676140320,-0.3409686785675269,-0.35457009301970915,-0.36700143593705264,-0.3425600714215777,-0.4998257184200487,-0.5155298482328389,-0.3163817206519222,-5.380464989026223,-1.6760630593224048,-3.7044019297038178,21676.541666666668,21729.783333333336,21624.583333333336,21781.74166666667,21571.341666666667,21834.983333333337,21519.38333333333,21645.63388612297,21687.19,21728.746113877023,0.383231888290041,0.1379594096665967,39.587189613653095,21687.19,21709.5325,21695.59125,21683.19310902147,21693.9293501872,21695.82621552267,24.95280952882817,30.079872810748626,61.07213385681381,-0.295332911319567,-134.55026084037414,0
1676142780,-0.34641375157276993,-0.35431279140719235,-0.3723991120320878,-0.3323195992192527,-0.8046783653065361,-0.7969462881152899,-0.33290293763390344,-7.939522531556577,-3.388096481482207,-4.55142605007437,21654.627898901348,21690.255797802696,21621.472101098643,21723.4115956054,21585.84420219729,21759.03949450675,21552.68840439459,21642.36461866365,21675.145,21707.925381336347,0.3024697766621278,0.2358175943365908,39.79160861452253,21675.145,21703.7525,21694.5925,21674.737072680982,21687.36492288044,21692.20705213956,26.223486807760068,26.897223597367383,58.48425632075776,-0.2661677939271804,-107.33058080357488,1
1676145240,-0.3490076308941265,-0.34715270860373026,-0.35802411213786295,-0.33296410446275543,-0.6755124900791905,-0.6774529263431249,-0.33934985243961713,-8.244601546000922,-2.9545403967412422,-5.29006114925968,21659.28894945068,21670.97789890136,21646.13605054933,21684.130797802707,21634.44710109865,21695.819747253387,21621.2942021973,21648.943039960395,21670.57,21692.196960039604,0.1995975190279208,0.6717763381074843,45.33484067576923,21670.57,21698.6125,21695.085,21675.824715120656,21685.66220962945,21690.85399955484,26.82553779356581,26.000611376718027,59.12823801213221,-0.2365458779349703,-59.50006771759978,0
1676147700,-0.3467243517519513,-0.3461501195618574,-0.36579948828310566,-0.32748580989298015,-0.6722362166255994,-0.6744151884837158,-0.34296663381602843,-8.164311867334618,-2.29940057445995,-5.864911292874668,21679.033333333333,21712.266666666663,21644.766666666663,21746.533333333333,21611.533333333333,21779.766666666663,21577.266666666663,21649.21418009757,21670.315,21691.415819902428,0.1947440072045936,0.7490424554259182,46.08338623245235,21670.315,21692.335,21696.17,21677.491476747105,21684.78271696955,21689.89885674009,31.50779553976712,28.18560671369768,57.0547924398372,-0.2887056421199701,-63.20930112901301,1
1676150160,-0.3450813928193767,-0.31988761014643163,-0.31239215349360705,-0.32208061079546474,0.09300970271057911,0.03767935086849919,-0.3279477231059922,-2.1052323542207887,3.007743150923104,-5.1129755051438925,21677.70833333333,21694.316666666666,21664.216666666664,21707.80833333333,21647.60833333333,21724.416666666668,21634.11666666666,21613.8468109275,21685.715,21757.5831890725,0.6628159511687611,0.9808107793719736,61.1070649562148,21685.715,21694.057500000003,21699.9775,21703.269317831408,21697.51767752054,21696.08229895532,44.057524264146174,34.13028586582637,64.89403183384859,0.079240578536739,129.75650333127012,1
1676152620,-0.33112800795477954,-0.2983984892666478,-0.3174232792346466,-0.30800369535885497,-0.38187762836380756,-0.40264537753754825,-0.32064785854397126,7.496100396554539,10.087260721358746,-2.5911603248042065,21758.006952014668,21839.818047985333,21673.013904029336,21924.811095970665,21591.20280805867,22006.62219194133,21506.20976007334,21599.254808764617,21717.370000000003,21835.485191235388,1.08774857393308,0.9148704284984334,68.7742177377094,21717.370000000003,21702.28,21706.1375,21740.63787855428,21718.94628160772,21707.443508578624,61.63602371084621,45.73378117158651,68.34371327271631,0.3783390810811987,153.96921488516756,0
1676155080,-0.3134062226594075,-0.2902003275437249,-0.30113369029687476,-0.2901250175033002,-0.4779567050522312,-0.4912998517917746,-0.32289390860196837,16.77582149306909,15.493585454298636,1.2822360387704528,21786.528476007337,21857.54652399267,21744.35695201468,21899.71804798533,21673.33890402934,21970.736095970668,21631.16738003668,21620.735765356083,21753.5,21886.26423464392,1.2206241261766335,0.8200221815306941,71.11379007648469,21753.5,21714.3225,21713.91375,21773.250252369515,21740.67877586085,21719.9226982378,78.01199776785704,61.23518191428315,71.28753989530813,0.5544926915630053,180.49274515265284,0
1676157540,-0.3004460460292755,-0.2836169552510732,-0.2925491121093659,-0.2770501032630442,-0.5616716188593452,-0.5686746926301968,-0.43366174948279557,25.33485287646181,19.242093470153087,6.0927594063087245,21826.30590467033,21887.169095329664,21777.611809340666,21935.863190659333,21716.74861868133,21996.726381318666,21668.05452335166,21660.80562101085,21789.305,21917.80437898915,1.1794720298710646,0.7635032189755558,72.87156973054142,21789.305,21729.9375,21722.50875,21801.175168246344,21761.83263479525,21732.9800603104,86.09583102476886,75.24795083449072,73.15565440239348,0.7195562390917484,173.47603521538548,0
1676160000,-0.2906741084555789,-0.28802657254143454,-0.29824870910271184,-0.27227319403288913,-0.6947251519809022,-0.6929253701157416,-0.4684241420589538,30.7607623320946,19.73440234062869,11.0263599914659,21852.79461900184,21903.630380998176,21806.18923800368,21950.23576199634,21755.35347600733,22001.07152399268,21708.74809500917,21749.58771839793,21822.06,21894.532281602063,0.6642111844808949,0.6555077300019653,69.80740215027127,21822.06,21746.1875,21731.02,21815.65011216423,21776.881246650653,21743.610530757025,83.692191029184,82.60000660726998,72.78025051650833,0.7494661494965894,131.44500224286253,1
1676162460,-0.28799305756838084,-0.3002794527788334,-0.3122162400061581,-0.28229883115404697,-0.7262449332998763,-0.7227440647914358,-0.47484284696461476,31.907149941696844,16.704631960184752,15.202517981512091,21847.7,21880.1,21812.2,21915.6,21779.8,21948.000000000004,21744.3,21797.58117225952,21833.11,21868.638827740484,0.3254582397146663,0.1758266249557035,62.00540303870251,21833.11,21759.4125,21737.68,21813.791741442823,21782.91647453235,21749.940480208737,77.82929148834963,82.53910451410083,71.67451833675769,0.6100704291136219,77.22800627502036,0
1676164920,-0.29277927582581403,-0.30372197090490977,-0.31923150026079916,-0.2823346370009077,-0.7962292896288197,-0.7879517775794884,-0.48038463839503415,31.66791345415913,13.172316378117635,18.4955970760415,21813.625,21839.95,21783.75,21869.825,21757.425,21896.15,21727.55,21787.30885982112,21830.11,21872.91114017888,0.3921294045598395,0.1526377582965201,59.97719137756864,21830.11,21773.74,21741.63625,21809.319494295218,21786.090751890104,21754.743767807904,71.09486447931478,77.5387823322828,69.15208717882417,0.6615613355435468,57.90515750536085,1
1676167380,-0.2968937293107975,-0.3057981287438314,-0.3221377606982787,-0.2892451654451341,-0.6837171262821428,-0.6835278867104315,-0.486486872344459,30.652922890367336,9.725860651460671,20.927062238906665,21803.71182737523,21820.22365475046,21783.863172624773,21840.07230950092,21767.351345249543,21856.58413687615,21747.502690499085,21771.5210401654,21821.32,21871.118959834603,0.4564248160478193,0.2309682763556475,58.72949525874693,21821.32,21787.41,21745.58125,21804.38799619681,21787.62425154645,21758.532456588106,65.14205896338554,71.35540497701665,67.59836666605086,0.631180647179487,40.98128175734137,1
1676169840,-0.2999890864124776,-0.30346466929239424,-0.32055453931123823,-0.28058015050470586,-0.8309637219292374,-0.8202312718946668,-0.5028384660864241,30.03288272910504,7.284656392158698,22.74822633694634,21792.575,21817.25,21769.85,21839.975,21745.175000000003,21864.65,21722.450000000004,21774.26411207394,21810.135,21846.005887926065,0.3289377890238918,0.3740622197779657,59.74314318637902,21810.135,21799.72,21749.16625,21803.29199746454,21790.07438762892,21762.586508341617,64.07513076557264,66.770684736091,64.74848333276157,0.5678568133591593,46.335073035406765,1
1676172300,-0.3003699774228623,-0.3069338048266609,-0.32445981873260427,-0.2855929690652848,-0.7716219639387583,-0.7651935786444078,-0.5106271328353615,28.42506912436147,4.541474229932099,23.88359489442937,21804.33333333333,21816.566666666666,21788.866666666665,21832.033333333333,21776.63333333333,21844.266666666663,21761.166666666664,21786.619657835035,21799.480000000003,21812.34034216497,0.1179876048875269,0.1829400067512537,57.48271696807577,21799.480000000003,21810.77,21751.5525,21799.302998309693,21790.30177169638,21765.32350754717,62.999286733237966,64.07215882073206,62.30930595185018,0.5096669522492802,28.35452921302332,1
1676174760,-0.30229507664789845,-0.31273639981236717,-0.3286644703188724,-0.2902835350041117,-0.7550952739116868,-0.7499837408394814,-0.5209735152883691,25.537180184757744,1.3228682322626997,24.214311952495045,21792.70833333333,21807.316666666666,21776.716666666664,21823.30833333333,21762.10833333333,21837.916666666668,21746.11666666666,21773.51641003935,21792.46,21811.40358996065,0.1738545346477687,0.0384982456778191,53.81503579535146,21792.46,21812.785,21753.421250000003,21791.193665539795,21787.515085933403,21766.242697304588,59.11210007185112,62.06217252355392,60.12643357192186,0.0926231307307588,3.155384986680544,0
1676177220,-0.3061590675207195,-0.3109973958105344,-0.32892802131380766,-0.29049837008527885,-0.7653737660063336,-0.7594942376570571,-0.5298495286278174,23.374450329687534,-0.6718892982460112,24.046339627933545,21778.908030877617,21792.816061755235,21761.06696912238,21810.65712351047,21747.158938244764,21824.56515438809,21729.317876489527,21769.171263705088,21788.36,21807.548736294902,0.1761374999762183,0.2789067536915384,54.74692733315558,21788.36,21809.235,21755.7575,21787.42077702653,21786.12597940005,21767.541011847006,55.08735080274352,59.066245869277545,58.08883117392733,-0.162729267775594,-9.59635841408394,1
1676179680,-0.3072215178699425,-0.30413010449717703,-0.32491719379997125,-0.28388555896570994,-0.8187394073731784,-0.8089332690243354,-0.5422872698035869,22.957218103296327,-0.8712972197097777,23.828515323006105,21780.091666666667,21795.783333333333,21764.18333333333,21811.691666666666,21748.49166666667,21827.38333333333,21732.583333333336,21768.59478325165,21789.3,21810.005216748345,0.1900493980838784,0.739673897661382,58.32318537702819,21789.3,21805.31,21759.81625,21791.355518017688,21788.50761950913,21770.55853452824,53.92261905549815,56.040689976697614,55.90570037578977,-0.1797286669513324,6.953859050378753,0
1676182140,-0.3043189272410783,-0.30216928876041665,-0.32231367418572765,-0.28095727144077487,-0.8019964817518072,-0.7933168358769459,-0.5496996417117642,22.809446779443533,-0.8152548348500588,23.624701614293592,21796.497841052736,21810.12715894726,21785.59568210547,21821.029317894525,21771.966364210948,21834.65863578905,21761.064205263683,21767.532346775803,21790.03,21812.527653224195,0.2064949265714297,0.8271452327340921,59.31192939171431,21790.03,21800.0825,21765.01,21795.820345345128,21791.46077959838,21773.81486457317,56.14207209690319,55.05068065171496,53.60909595044004,-0.2391679562978102,3.032851819623004,1
1676184600,-0.3018871754762967,-0.3020983090052396,-0.3232636070179522,-0.2785039911587617,-0.7951595621708757,-0.7869253078325428,-0.5574389371591203,22.44968922623229,-0.9400099104490388,23.389699136681333,21803.5322538597,21816.017746140293,21792.2645077194,21827.2854922806,21779.77901543881,21839.770984561183,21768.511269298506,21767.197507936075,21792.755,21818.31249206392,0.2345503545919076,0.7385797473692246,59.34952502202634,21792.755,21796.1175,21771.1525,21798.86356356342,21793.913365125947,21776.7801155662,54.73172615650368,54.93213910296834,50.79427618329731,-0.1815093890480842,-4.164752047884591,1
1676187060,-0.30063580795769795,-0.30189424220910593,-0.32445981873260427,-0.2783243821524443,-0.8469781962400079,-0.8351459883956209,-0.5644021451271058,21.957859926980746,-1.1454713677604715,23.103331294741217,21804.98279359652,21812.06720640348,21797.86558719304,21819.18441280696,21790.78117438608,21826.268825613923,21783.6639679826,21779.3352124794,21798.865,21818.394787520603,0.1791816915294,0.670508767516717,59.46548757280036,21798.865,21795.6625,21777.5375,21801.084042375616,21796.024571466685,21779.51772360752,45.5651631044324,52.14632045261309,47.90182788449031,-0.0208619181731345,-12.89673742164463,0
1676189520,-0.2999080857442887,-0.29531086991645555,-0.3086276048621995,-0.27650738036723793,-0.5230286166352306,-0.5334422093321742,-0.5696470996188607,22.8020636392248,-0.2410141244131338,23.04307776363793,21804.208333333336,21810.01666666667,21799.71666666667,21814.50833333333,21793.908333333336,21820.31666666667,21789.41666666667,21790.71178368867,21807.705,21824.69821631133,0.1558459848143903,0.9816627912010132,63.12056933132402,21807.705,21798.0325,21785.88625,21808.74769491708,21801.12464938184,21783.761273740136,41.10143989906746,47.13277638666785,48.067797664356114,0.1087137262547122,82.37961908941897,0
1676191980,-0.29625237537895477,-0.290475374095033,-0.3025761808939556,-0.27656989565624246,-0.6291806917260836,-0.6321532130256431,-0.5956451740425304,24.290518813897503,0.9979528402076596,23.292565973689847,21827.083198399127,21850.691801600864,21800.46639679825,21877.30860320173,21776.857793596515,21900.91720640348,21750.24099199564,21788.67643360988,21815.4,21842.12356639012,0.2449972623937148,0.917234729722454,65.5759107076162,21815.4,21802.35,21794.88,21818.398463278056,21807.774713130588,21788.89829528869,45.45566778900186,44.04075693083392,49.46295497404512,0.1981002109474875,143.86233522102978,0
1676194440,-0.2920066524793682,-0.27686500603987707,-0.2710876666405949,-0.26853599500249314,-0.06862921073279259,-0.10772086270476763,-0.5925340832394759,28.23913162808458,3.957252523515784,24.281879104568795,21837.3,21871.3,21803.7,21904.9,21769.7,21938.9,21736.099999999995,21777.19326195948,21829.660000000003,21882.12673804053,0.4806922145422568,0.9420896146065928,71.35644667503814,21829.660000000003,21809.845,21804.7825,21837.61564218537,21820.1884016523,21797.19845764216,54.289442039443024,46.9488499091708,55.548643990231376,0.3437899922481176,283.0672553397599,0
1676196900,-0.283078269785991,-0.2796065990835815,-0.2934990449415904,-0.2622117510648692,-0.589320915782735,-0.5944888332797248,-0.609385258546934,30.39472136423501,4.890273807732971,25.50444755650204,21887.39579959978,21949.054200400213,21814.39159919956,22022.05840080044,21752.733198399128,22083.716801600865,21679.728997998907,21789.253415616924,21842.335000000003,21895.41658438308,0.4860431303070732,0.7448118335394549,68.84850202815048,21842.335000000003,21817.545,21814.1575,21847.85209479025,21828.9405104428,21803.972414057185,57.229193866100296,52.32476789818173,55.38802656235766,0.3533516204269526,155.76574469993616,0
1676199360,-0.27998494288797887,-0.27707794530540836,-0.29691176659810015,-0.25676926234195596,-0.5554778338105203,-0.562901410855816,-0.6349992001173022,32.30557119894729,5.440898913956197,26.86467228499109,21869.47500000001,21895.55000000001,21842.25000000001,21922.775000000005,21816.175000000007,21948.85000000001,21788.95000000001,21813.557453295864,21856.32,21899.082546704136,0.3913060085516334,0.7236770430484053,69.89933077914827,21856.32,21827.5925,21820.18875,21857.05139652684,21837.39678127137,21810.7798031946,55.548469387755695,55.68903509776635,53.46031037933222,0.4614241807395975,126.84282236781472,0
1676201820,-0.27717388989893293,-0.2751969817932227,-0.2951526317236107,-0.25357191663998285,-0.7543147900897192,-0.748227475916578,-0.6817917054765893,33.8573131355588,5.59411268045416,28.26320045510464,21873.68333333333,21888.76666666667,21860.36666666667,21902.083333333336,21845.283333333333,21917.16666666667,21831.966666666667,21836.66509195516,21867.655,21898.644908044844,0.2834314703139525,0.711278458475087,70.69133009303084,21867.655,21837.68,21823.4575,21864.95093101789,21845.279184676576,21817.44363146177,56.34778911564636,56.37515078983412,51.389597148671314,0.4631569281274571,113.58986465122206,0
1676204280,-0.2748278350448021,-0.28428239045585596,-0.2940971507989171,-0.27248802911405623,-0.2752070480886374,-0.30210832428703316,-0.7110836941784712,32.645061796596565,3.505489073193541,29.139572723403024,21880.09322494997,21892.65677505003,21868.18644989995,21904.56355010005,21855.62289979989,21917.12710020011,21843.71612474987,21853.28688138047,21871.145000000004,21889.003118619537,0.1633030060340539,0.0521644709396439,62.18084952677108,21871.145000000004,21843.2725,21824.29125,21861.68395401193,21847.073878371742,21821.034714179703,54.10714285714246,55.33446712018152,53.454625923766166,0.2565458175692159,53.58922836839965,1
1676206740,-0.27819773705282574,-0.30161919565779655,-0.30477688722108404,-0.28813518419243506,-0.3725743088615061,-0.3940546498386504,-0.7241885758547488,27.426402635912385,-1.370536069992518,28.7969387059049,21854.95,21895.2,21814.9,21935.25,21774.65,21975.5,21734.6,21803.48136671548,21857.195,21910.90863328452,0.4914961255048366,0.0262375966040859,49.8484206307885,21857.195,21843.4275,21821.755,21843.222636007955,21839.66044594052,21819.631408067355,42.34693877550957,50.93395691609948,56.32536112296013,0.0071085428633635,-31.888412437326043,0
1676209200,-0.2885515202015335,-0.30334932719023167,-0.3150405453467225,-0.2918231864191464,-0.6650750602317522,-0.6660324278143501,-0.7420340465799414,22.636269075421296,-4.928535704386881,27.564804779808178,21813.98163957083,21856.96327914166,21763.318360429177,21907.62655828331,21720.336720858348,21950.60819785414,21669.67344171669,21776.300634116746,21843.815,21911.32936588325,0.6181554447632253,0.1860668137407903,48.80807327344523,21843.815,21843.075,21819.59625,21829.290090671973,21832.708546678605,21817.89746444189,29.35722035434037,41.93710066233081,57.64301099676569,-0.0161660540381952,-67.98184816467912,1
1676211660,-0.29459352040854425,-0.2711333908093492,-0.26011066502378194,-0.2732041460512818,0.12977659932281976,0.07840650489859638,-0.742803296964204,25.86666279212659,-1.3585135901452716,27.22517638227186,21799.19915311875,21837.698306237497,21762.92584688126,21873.971612474987,21724.42669376251,21912.47076559373,21688.15338752502,21772.4283449998,21847.165,21921.901655000205,0.6841771460984007,0.8012912472459245,63.91141724640588,21847.165,21851.7425,21823.702500000003,21850.26006044798,21843.525174555223,21824.97389639981,32.90723390675155,34.87046434553384,67.1095816398538,0.3974910028536312,121.59916658110173,0
1676214120,-0.28150575412649104,-0.25828605512234337,-0.26570471392465755,-0.25794213125141585,-0.3772939811759701,-0.39545063494002913,-0.7672265818924004,30.990570544054208,3.012315329425874,27.978255214628334,21898.83333333333,21984.966666666664,21806.066666666666,22077.73333333333,21719.93333333333,22163.86666666666,21627.166666666668,21758.71937853924,21856.695,21954.67062146077,0.8965273245636266,0.8659328664157327,67.96984379937528,21856.695,21862.175000000003,21830.10375,21876.306706965323,21858.956960999727,21834.82400150459,49.99099811837021,37.418484126487385,70.91429974850287,0.4780271328796328,135.3422536087878,1
1676216580,-0.26853788483115654,-0.25440878599580946,-0.257858972384435,-0.24485945624209998,-0.151107562670256,-0.1830549826721435,-0.9045807229932572,35.52336926087446,6.036091236996903,29.48727802387756,21919.808121613023,21984.291878386983,21863.916243226045,22040.183756773964,21799.43248645208,22104.667513547927,21743.540608065105,21755.52229940114,21873.53,21991.53770059886,1.0790000571362788,0.778774180270051,69.09926072501413,21873.53,21872.3375,21837.34375,21897.312804643552,21873.56933172705,21844.77647755177,68.28460653211494,50.39427951907891,73.43026530792918,0.465364942278703,149.35468513117897,1
1676219040,-0.2601152195554283,-0.2364242905278814,-0.22725002556831905,-0.23636222435264487,0.6413178985972345,0.5623360242714182,-0.9233141853634733,42.712332708400936,10.580043747618705,32.13228896078223,21943.06239413984,21994.26260586016,21888.12478827968,22049.200211720312,21836.92457655937,22100.400423440624,21781.98697069921,21784.71994065854,21910.27,22035.820059341462,1.14603844992747,0.8175227491655572,73.72693670044015,21910.27,21883.7325,21846.78875,21928.20853642904,21894.73854414032,21858.60728921351,72.86963160816775,63.7150787528843,80.28570412809404,0.520889283028687,196.5781918855684,0
1676221500,-0.2469111935924382,-0.22608786368025607,-0.23917696001735783,-0.22304130195944047,-0.4241267256664115,-0.43669777625856643,-0.9560259724268003,50.181323070894,14.439227288089404,35.74209578280459,21996.86453040325,22078.135469596746,21908.72906080651,22166.27093919349,21827.458121613017,22247.541878386983,21739.32265201627,21863.35762247094,21953.81,22044.262377529063,0.8240244178943134,0.8610463416454333,75.95569588191606,21953.81,21898.8125,21858.17875,21958.514024286025,21917.35426338753,21873.89469024079,75.22235645409044,72.12553153145772,81.5726684328814,0.6895818495472131,168.79597191025675,0
1676223960,-0.23514071108762236,-0.23686791399773527,-0.24962622117182398,-0.2229327370580482,-0.5190376389977424,-0.526687445515654,-1.013240622454535,53.03815229426618,13.836845209169269,39.201307085096914,22007.67393186829,22062.551068131703,21964.247863736586,22105.97713626341,21909.37072747317,22160.85427252682,21865.94465934147,21905.074887018487,21973.120000000003,22041.16511298152,0.6193486676586261,0.614850275906272,69.34839778923426,21973.120000000003,21910.1425,21868.8675,21968.59268285735,21930.33530640798,21884.83329117024,73.5712817350193,73.8877565990925,80.6246206876758,0.5179322025375611,114.35509601764836,1
1676226420,-0.2346457620848567,-0.24456034496502485,-0.2616040125966633,-0.22357724230155093,-0.6145815439407795,-0.6163925236655626,-1.028403779651954,52.9429255912728,10.993294804940705,41.949630786332094,21987.75,22022.4,21954.1,22056.050000000003,21919.45,22090.700000000004,21885.8,21927.74993997113,21980.855000000003,22033.96006002888,0.4831937613789152,0.3702571846024614,65.00304766076349,21980.855000000003,21918.775,21878.2275,21968.08678857157,21937.01525069744,21892.665834868312,71.21492445266763,73.33618754725912,77.54071920998499,0.3945248677490521,75.26736219875855,1
1676228880,-0.2382446936579127,-0.2380656973663455,-0.24635423030527392,-0.2329941800260668,-0.5232432824014902,-0.5308911745019557,-1.0448322781873078,53.72480865198668,9.420142292523664,44.30466635946301,21968.576816300407,21985.85363260081,21949.79818369959,22004.63226520163,21932.521367399186,22021.90908150204,21913.742734798365,21956.63742753843,21990.065,22023.49257246157,0.3040243169956315,0.4298483309639997,66.88943799841914,21990.065,21931.7975,21887.535,21973.84952571438,21945.80793238881,21901.495279166567,67.74591427690446,70.8440401548638,79.55209640927183,0.5958549815489645,76.23635218950264,0
1676231340,-0.23679667473107402,-0.23023130688870305,-0.24709306695256025,-0.2128372383522887,-0.6119974539005971,-0.6134948633861896,-1.0630902847316077,55.48611522488864,8.94515909234049,46.54095613254815,21980.358333333334,22035.716666666667,21930.016666666663,22086.05833333333,21874.658333333333,22141.416666666668,21824.316666666666,21957.35459391561,21993.555,22029.75540608439,0.3291910387783159,0.6919177366078231,69.05619103703317,21993.555,21951.9125,21897.67,21985.04968380959,21957.015581045387,21911.58620496023,69.66800287799369,69.54294720252193,77.24872436394465,0.9224398453657956,90.27284622103224,1
1676233800,-0.23215527592079427,-0.2416413025333771,-0.25824598205682214,-0.2240427183107473,-0.6458269149459793,-0.6457139044338653,-1.079040792646257,53.66906350593854,5.702485898712311,47.96657760722623,22005.7817040751,22030.26829592489,21982.9634081502,22053.08659184979,21958.47681630041,22077.573183699584,21935.65852037551,21957.46410384504,21984.79,22012.115896154963,0.2485891032387556,0.3263551916800581,62.62816674194931,21984.79,21969.3,21906.1875,21981.7997892064,21960.34002085532,21917.65418544021,70.51341350601324,69.3091102203038,75.83452976652009,0.7975396103695224,48.337545266371656,0
1676236260,-0.23553985703667654,-0.29076816558513896,-0.26249032485427354,-0.3097619156966475,0.6217467535352285,0.5322828364364022,-1.0533127818744876,40.59138408504441,-5.90015481774546,46.49153890278987,21974.06666666667,21998.13333333334,21951.233333333337,22020.96666666667,21927.166666666668,22045.03333333334,21904.333333333336,21833.80540419328,21954.415,22075.024595806724,1.0987274842597583,0.0127253382543527,43.74661807437111,21954.415,21963.7675,21907.755,21933.4915261376,21937.891835245253,21909.960929684,58.66251662028181,66.28131100142959,90.00608321579229,-0.252715579064693,-89.53160938014939,0
1676238720,-0.2617967963076023,-0.32884880423750595,-0.28851870928456447,-0.3400178562944275,0.7541735612615308,0.6462203805287842,-1.0236993768812623,21.32321491955736,-20.134659186586013,41.45787410614337,21844.103759352107,21977.60751870421,21703.371240647884,22118.34003740844,21569.867481295776,22251.843796760542,21429.13496259156,21692.82185531609,21906.915,22121.008144683907,1.9545713733212169,0.0858344734441853,34.95049791327452,21906.915,21943.885,21903.03,21865.5193507584,21900.01604701884,21892.78131733314,40.81635961597734,56.66409658075747,103.91676577381912,-0.9067008992904212,-156.04839137550002,1
1676241180,-0.29396652877061374,-0.3109973958105344,-0.31661407719238166,-0.30009433704410243,-0.1174161168716129,-0.1573854374250988,-1.0127507268922666,9.99660699879314,-25.169013685880188,35.16562068467333,21755.510213009387,21884.920426018776,21600.16478699061,22040.265852037555,21470.75457398122,22169.676065046944,21315.40914796244,21648.868954632424,21865.815,22082.761045367573,1.9843398964783587,0.3019323194981744,40.94503976675559,21865.815,21927.94,21900.13875,21836.971233838936,21878.172220288143,21882.028334729985,29.92842056891305,43.13576560172408,103.73878250426056,-0.7267771456049843,-123.54114353917824,1
1676243640,-0.30112524849488964,-0.31793566687906893,-0.32750482499350864,-0.30460587374862297,-0.19441497828899854,-0.2298412703191074,-1.0093377354635518,-0.5509816228732234,-28.573281846037244,28.02230022316402,21782.825,21828.050000000003,21734.65,21876.225,21689.425,21921.450000000004,21641.25,21642.757060726915,21816.390000000003,21990.02293927309,1.5917660004527574,0.3385530987532728,39.42435202814051,21816.390000000003,21904.9725,21894.3525,21811.42248922596,21856.745452963027,21870.43754094618,28.43575216096493,33.06017744861845,101.68923802231642,-1.044452023647109,-133.94675931965136,0
1676246100,-0.30817391579671577,-0.3193730069213994,-0.3246357322200532,-0.30281558140555903,-0.3054215194501577,-0.3328454719917253,-1.0147624260391355,-9.13155981223099,-29.72308802831601,20.59152821608502,21761.79005325235,21798.58010650469,21723.53494674765,21836.83521300939,21686.744893495303,21873.62526626174,21648.489786990613,21700.73776205313,21772.585,21844.43223794687,0.6599789409192287,0.3864952887120114,39.100376185879725,21772.585,21878.6875,21888.75,21793.039992817303,21838.47809787884,21859.564917998923,30.37517251398308,29.57978174795369,100.01143530643672,-1.1937349917401283,-106.0331563273138,0
1676248560,-0.31241695508091516,-0.31888502110455874,-0.3028928251713642,-0.31624277397853834,0.21977663582961043,0.15569508937786128,-0.993994226878188,-15.64048506245308,-28.98561062283048,13.3451255603774,21764.825,21799.65,21721.45,21843.025,21686.625,21877.85,21643.25,21724.651846413548,21756.74,21788.82815358645,0.2949720738166995,0.5141796878020433,39.28280445001413,21756.74,21855.5775,21882.86,21781.24332854487,21823.78208008268,21849.85873533236,28.76080482312824,29.190576499358755,105.54633278454838,-1.0509919845375573,-82.49566484589265,1
1676251020,-0.3142944697240598,-0.33399483648782585,-0.3373718687113569,-0.32952674316407193,-0.2255047967553888,-0.2598306698169563,-0.9908044909132735,-23.95812752273924,-29.842602466493307,5.884474943754075,21773.38333333333,21854.26666666667,21676.76666666667,21950.88333333333,21595.88333333333,22031.76666666667,21499.26666666667,21711.479197356683,21753.840000000004,21796.200802643325,0.3894558629034801,0.0424425697689783,35.715270600040114,21753.840000000004,21830.3775,21874.57625,21759.18721902992,21804.017156431284,21837.02218911023,25.473959468294225,28.20331226846852,106.33588044279482,-1.1471713917305786,-101.4315986378604,1
1676253480,-0.32278850910418805,-0.3400192432084598,-0.34711747591602854,-0.3432045766650804,-0.2374593587938333,-0.2718683424000763,-1.017675502751602,-31.555902925836563,-29.95230229567251,-1.6036006301640526,21714.158333333336,21772.91666666667,21656.31666666668,21830.75833333333,21597.55833333333,21889.51666666667,21539.716666666674,21685.834302032014,21737.485,21789.135697967988,0.4752223908882473,0.1187370011494062,34.37483471531833,21737.485,21801.65,21866.72375,21738.824812686613,21784.75949162559,21823.791504433066,22.23332696018681,25.48936375053643,107.81903183973796,-1.3066640891956651,-102.62361933246784,1
1676255940,-0.3300478814177127,-0.32334787321130193,-0.3387791766109484,-0.30691400636434396,-0.7173263747001123,-0.7151834808590561,-1.0208395842088238,-33.401671085801354,-25.43845636450984,-7.963214721291513,21686.533333333333,21755.866666666665,21628.766666666663,21813.63333333333,21559.43333333333,21882.966666666664,21501.666666666668,21686.902499533702,21734.435000000005,21781.967500466304,0.4373934769070287,0.61192341971931,40.97657174730982,21734.435000000005,21775.4125,21863.6625,21740.908208457746,21777.544129511847,21816.29469448706,22.98621166450164,23.564499364327563,105.11052956547104,-1.192209910734774,-60.88982366535237,0
1676258400,-0.32534146951926585,-0.31085543630018025,-0.32122301056354347,-0.30216592817778254,-0.4901703965831722,-0.5034591244634418,-1.0225135979473408,-31.659162708729127,-18.95675838995009,-12.702404318779037,21743.876251664133,21769.198748335857,21719.752503328265,21793.322496671724,21694.43000665654,21818.64499334345,21670.30625832068,21680.35686653281,21739.235,21798.113133467195,0.5416762224355628,0.8485164829729795,45.408317604314135,21739.235,21755.910000000003,21862.605000000003,21754.030472305167,21778.04065141878,21812.86424739305,29.669201998799902,24.96291354116279,103.75160763249433,-0.887473663613245,-33.58881387140101,0
1676260860,-0.3167417355967934,-0.2957367484475168,-0.30535561399564937,-0.2934900600369174,-0.44960052897835023,-0.46500812701060623,-1.0263170513157256,-26.534870815485192,-11.065973197364924,-15.468897618120268,21776.663125832067,21821.51187416793,21735.42625166413,21862.748748335864,21690.57750332827,21907.59749667173,21649.34062916033,21662.21793028924,21752.28,21842.34206971076,0.8280701582616852,0.8919241486827891,50.27442662801422,21752.28,21754.51,21859.13875,21776.978648203447,21786.192351160826,21813.81765240324,40.03426037887946,30.896558014060343,103.98044360530892,-0.0641117375998168,1.068129843031491,0
1676263320,-0.3048821501224765,-0.29195707648435026,-0.30859242216471017,-0.28152548058503224,-0.552340979356741,-0.560641477470052,-1.0290261145841941,-21.36814786988907,-4.719400201415041,-16.64874766847403,21813.9732295827,21871.901770417306,21764.946459165403,21920.9285408346,21707.017918330803,21978.8570816692,21657.991147913504,21675.772483061723,21775.97,21876.16751693828,0.9202576687814924,0.787207716112636,51.439788010564776,21775.97,21764.905,21854.395,21795.82743213564,21794.7982873134,21815.694542650548,47.25346517833065,38.98564251867001,101.14899446392606,0.4783802720485823,24.545151817590003,0
1676265780,-0.29706242775704833,-0.28996077087000205,-0.30363166181864926,-0.27363652951372697,-0.6599520343689118,-0.6607286641108012,-1.0274739019277197,-16.62791595672752,0.0166653693972094,-16.64458132612473,21825.594948124683,21861.730051875315,21797.38989624937,21889.93510375063,21761.25479249873,21926.070207501263,21733.049740623417,21732.07794454658,21804.18,21876.28205545342,0.6613599360619741,0.7425034888401575,52.0785925448072,21804.18,21770.8325,21849.386250000003,21810.268288090425,21802.8622350746,21817.92839573145,53.59223715905279,46.95998757208764,97.95317898885828,0.2721549136530924,66.62856743436076,1
1676268240,-0.2921543643058785,-0.29245393477058856,-0.3094719896019549,-0.26948033797770965,-0.7436545012126664,-0.7387254274352044,-1.0392235846891456,-13.284965985374583,2.687692272600117,-15.9726582579747,21839.51414072901,21867.535859271,21811.12828145802,21895.921718541988,21783.10656291604,21923.943437083974,21754.72070364504,21778.97202725827,21821.590000000004,21864.207972741737,0.3906037345741804,0.6235980892831159,51.173196798951786,21821.590000000004,21778.0125,21841.4925,21817.55385872695,21808.18273778831,21819.28045328084,56.49933386487706,52.44834540075351,92.97080906108272,0.3299583071484422,98.99097432838822,0
1676270700,-0.29094697630223043,-0.28649163533573546,-0.29444897777381496,-0.2802937037298146,-0.5189682236167643,-0.529134243433215,-1.0353032856777675,-9.17427907351157,5.438703347570504,-14.612982421082076,21835.50833333333,21847.916666666664,21819.716666666664,21863.70833333333,21807.30833333333,21876.116666666665,21791.516666666663,21818.1602097734,21835.32,21852.4797902266,0.1571746164159747,0.8964209299863621,53.265683667706845,21835.32,21787.2775,21832.9825,21828.01090581797,21815.5904218268,21822.103743444564,65.27527055445285,58.4556138594609,93.55146555671958,0.4258541501244942,115.92476751026832,1
1676273160,-0.2873619848586284,-0.2854091940692891,-0.29803761291777364,-0.2720225531048599,-0.2107116614348208,-0.24177226668544916,-1.0405849229795574,-5.6058003924408695,7.205745622912964,-12.811546015353834,21845.275,21897.65,21796.55,21946.375,21744.175,21998.75,21695.45,21825.109479090705,21841.14,21857.17052090929,0.1467919798077835,0.8379490928993064,53.65400557877596,21841.14,21796.71,21826.143750000003,21835.99893721198,21822.20579967647,21824.948625021272,74.06310893385468,65.27923778439487,91.71207515981098,0.433525679473643,102.74927247577378,1
1676275620,-0.2850282416845999,-0.3104827925855022,-0.30771285472746546,-0.31244735421124337,-0.09953880642974008,-0.14101578256848604,-1.0522360757089022,-8.381997432712524,3.5436388661130493,-11.925636298825571,21850.591666666664,21885.183333333327,21817.383333333328,21918.391666666663,21782.791666666664,21952.983333333326,21749.58333333333,21779.34944011387,21830.7,21882.05055988613,0.4704435486368299,0.0192360111604529,44.44213325753577,21830.7,21803.335,21816.85625,21817.774291474656,21814.77292700802,21820.793994066866,74.34057545770902,71.22631831533886,96.1040697912531,0.3050875946778908,-10.14055030581279,0
1676278080,-0.2963987905893495,-0.3621649268236288,-0.32281950877711285,-0.39186472254955784,1.6271862845308689,1.4429093740513168,-0.9987405061102096,-22.07836836246861,-8.122185650914428,-13.95618271155418,21780.241666666665,21857.38333333333,21704.18333333333,21933.441666666666,21627.041666666664,22010.58333333333,21550.98333333333,21627.59985992063,21790.01,21952.42014007937,1.4906844015158631,0.0249372978664181,32.17848248862924,21790.01,21797.095,21799.3725,21757.082860983108,21782.21421300656,21803.165994631927,60.50781182522346,69.63716540559572,112.95822646283102,-0.2875827837460322,-182.7294845821557,0
1676280540,-0.3279264126583275,-0.38044221378166154,-0.35407269708352557,-0.37915364691380415,0.41381899336496875,0.32498827206282677,-0.9796751395899036,-36.66580007822631,-18.167693893337702,-18.49810618488861,21643.454087731112,21805.608175462225,21473.54591226888,21975.516350924456,21311.391824537768,22137.67043865557,21141.483649075537,21519.043810644216,21740.425,21961.806189355782,2.036585663396949,0.1471583686612859,29.118302920499243,21740.425,21781.0075,21778.21,21699.455240655407,21746.211628823552,21782.312090381267,40.546414437701486,58.464933906878,119.72771968667683,-0.7398226954839199,-168.72687185078948,1
1676283000,-0.3528293200173151,-0.38785072572824275,-0.3787588358403524,-0.4120592201793179,0.8193594628285596,0.6934084677999508,-0.9462601430019045,-49.34209786033898,-24.6751933403603,-24.666904519978683,21608.51037719889,21700.220754397786,21492.48962280111,21816.241508795563,21400.77924560221,21907.95188599445,21284.75849120444,21456.07696167604,21683.305,21910.533038323967,2.0958801098261244,0.2359920877613263,27.957692118393343,21683.305,21759.3125,21757.61125,21654.07849377027,21712.959514491995,21761.456177011623,30.618054331295056,43.89076019807334,127.566137266081,-0.9960847601786512,-169.1530505996415,1
1676285460,-0.3689852132263993,-0.3737612443256425,-0.38486851032257124,-0.36146555856433227,0.06293078909251305,0.0015228359019961184,-0.9724614500376261,-55.5444155202822,-24.70200880024281,-30.842406720039385,21547.530188599445,21670.16037719889,21440.69481140056,21776.99575439778,21318.06462280111,21899.625942997223,21211.22924560222,21478.232507102257,21633.515000000003,21788.79749289775,1.4355733952410978,0.4018240903046317,33.39490927719844,21633.515000000003,21737.3275,21745.91875,21637.060662513515,21692.971420948,21746.36749348671,30.804549010265745,33.98967259308744,123.71677031850372,-1.0074291311295993,-104.92314264500986,1
1676287920,-0.3700180700429304,-0.36510171419407045,-0.3792392787242051,-0.3562737107694469,-0.10560312409490251,-0.15313536387742624,-1.0222054196363617,-57.8243576695786,-21.585560759631377,-36.238796909947226,21602.075,21637.95,21567.15,21672.875,21531.275,21708.75,21496.35,21549.121078295582,21602.735,21656.348921704408,0.4963623513819991,0.7302573586775222,36.56382057951074,21602.735,21716.7175,21740.81125,21633.848775009013,21681.05388986654,21735.039636964164,36.88445960349594,32.769020981685586,120.044143867182,-0.9439611789667596,-82.1734038821322,0
1676290380,-0.36620451883337574,-0.35118080971001464,-0.3641107188035961,-0.34339074174514955,-0.1669460898268561,-0.20746105128930653,-1.0517825739998374,-55.82261026325068,-15.66705068264276,-40.15555958060792,21620.375,21660.05,21587.75,21692.675,21548.075,21732.35,21515.45,21537.371264943547,21608.925,21680.47873505645,0.662260941314312,0.9033681816501992,41.39132183274555,21608.925,21699.4675,21735.15,21644.78251667268,21678.4350007999,21728.52633820568,44.2265330775243,37.305180563762,117.13527139632689,-0.7898659059532994,-47.47190850164098,0
1676292840,-0.35733694607658845,-0.3603993054136057,-0.37273047968859424,-0.3505805811185045,-0.23159353962780105,-0.2683383243408238,-1.0567673372420783,-55.6902143151201,-12.427723787609745,-43.26249052751036,21659.7766902416,21702.873309758405,21623.5533804832,21739.096619516808,21580.456760966383,21782.19323903361,21544.233451207983,21550.027276726625,21620.22,21690.412723273377,0.6493247827577705,0.6457059866471704,39.26063331862236,21620.22,21680.3225,21729.1675,21643.41334444845,21671.569546109007,21720.15954409085,46.90186882683133,42.67095383595053,114.11846629658936,-0.8769187607711147,-54.36935556411761,1
1676295300,-0.3575126359511813,-0.37116161079229226,-0.38340138561652365,-0.36006913053674316,-0.2618400578990548,-0.2973297952954441,-1.0623520577609884,-57.37092729803408,-11.28674941641897,-46.08417788161511,21636.25833333333,21675.916666666664,21601.016666666663,21711.158333333333,21561.35833333333,21750.816666666666,21526.11666666666,21584.2212226182,21629.625,21675.0287773818,0.419829538254147,0.2877379249977663,36.87412821720634,21629.625,21656.465000000004,21721.87125,21632.392229632303,21660.43871954373,21709.701492272667,45.688552547431016,45.60565148392889,111.043577109776,-1.0919301521699614,-63.70735670039613,0
1676297760,-0.3629819002290698,-0.3646137283772285,-0.3707954313266559,-0.3639003561508989,0.6856674301471064,0.5771342646571895,-1.0394030928252949,-56.56213060604205,-8.382362179541552,-48.179768426500495,21607.2066725604,21644.3133451208,21573.243327439595,21678.2766902416,21536.1366548792,21715.383362802,21502.1733097584,21597.501274156188,21634.78,21672.05872584381,0.344618487859004,0.4197933960370495,39.2919891252926,21634.78,21634.1475,21715.42875,21631.19481975487,21654.68622508124,21701.9965882467,42.99900518723783,45.19647552050007,111.51189303050616,-1.0213035663824237,-48.18056052081543,1
1676300220,-0.3624424289274897,-0.35666399579742475,-0.36815672901492175,-0.35154733898375795,0.07306546502251823,0.012676871055946929,-1.0217436732904315,-53.496980712243385,-4.253769828594308,-49.24321088364908,21621.733333333334,21684.066666666666,21566.466666666667,21739.33333333333,21504.13333333333,21801.666666666664,21448.86666666667,21601.17252353485,21639.535000000003,21677.89747646516,0.3545591572569158,0.6520365872442028,42.18722576466227,21639.535000000003,21621.135,21712.235,21637.86321316992,21654.05236597556,21697.15881793749,43.74689121011863,44.144816314929166,110.01818638546992,-0.5974154464891369,-27.753984071282453,1
1676302680,-0.35819763002099514,-0.3684909975037637,-0.37315267205847197,-0.3672302999089988,0.6323032244441019,0.5264234550758885,-0.9971953096654562,-53.14426235428618,-3.1208411765096784,-50.023421177776505,21643.2,21692.5,21601.9,21733.8,21552.6,21783.1,21511.300000000003,21600.14580690256,21629.78,21659.41419309744,0.2740128942359809,0.2991340617769646,39.19255897388782,21629.78,21619.3525,21708.22375,21631.20047544661,21647.474663070905,21689.60797813392,44.28160306970801,43.67583315568817,110.74545878650784,-0.0823869807771448,-47.86357583822734,0
1676305140,-0.3619890244515133,-0.40024556547599577,-0.38783880916935143,-0.4184684667674872,1.1924383622287966,1.0333177842440027,-0.948422466940484,-59.39989028062337,-7.501175282277487,-51.89871499834588,21612.75833333333,21675.416666666664,21555.216666666664,21732.95833333333,21492.55833333333,21795.616666666665,21435.016666666663,21523.72691389435,21607.325,21690.923086105653,0.77379394354139,0.0279497194454137,32.51819096502279,21607.325,21613.7725,21697.390000000003,21596.933650297746,21625.82472433074,21674.25483735926,38.28000223665959,42.10283217216209,118.6606046664055,-0.2585224377090616,-145.6809192241515,0
1676307600,-0.3797627924169568,-0.41280010967289693,-0.4054578644829162,-0.40128166027407375,0.1366651143926096,0.06486889802153359,-0.9390552049848313,-66.44603876671681,-11.637859014696744,-54.80817975202007,21521.319167035024,21635.63833407005,21414.080832964974,21742.8766681401,21299.76166592995,21857.195835175124,21192.5233318599,21460.448142382844,21583.860000000004,21707.271857617165,1.1435568764545396,0.131984309474602,30.319765285944143,21583.860000000004,21606.7425,21683.0275,21562.29743353183,21601.67931990697,21656.994852848857,28.58171453017285,37.047773278846826,119.00475794398642,-0.3260165118320077,-166.39603564486856,0
1676310060,-0.3949272595546132,-0.41517793147132087,-0.4086168311281784,-0.43805426500060657,1.4275105986726897,1.24569938682014,-0.9280315397639954,-71.74377859181914,-13.548479071839251,-58.19529951997988,21508.83458351752,21562.669167035023,21439.19041648249,21632.31333407005,21385.35583296497,21686.147917587565,21315.71166592995,21421.28515587529,21555.365,21689.444844124715,1.244050788513332,0.2425414668002455,29.90735784195316,21555.365,21595.0725,21666.2,21536.97328902122,21580.70580719661,21640.74058114897,24.558867161408426,30.47352797608029,126.0187038051303,-0.5402021244709976,-177.5232524258632,1
1676312520,-0.4036984629365323,-0.37325551357000786,-0.3716749987639006,-0.38121662310991083,0.2655292604818194,0.18935179795173335,-0.9150637467433714,-65.65375961043901,-5.966768072367295,-59.68699153807172,21469.375,21586.45,21369.25,21686.575,21252.175,21803.65,21152.05,21435.526509194377,21546.015,21656.503490805622,1.0256048815117125,0.7644393075420101,44.29386563519859,21546.015,21592.775,21654.746250000004,21559.46552601415,21585.02293316086,21637.284335325254,38.65178724306614,30.59745631154914,130.45843924762093,-0.1062308619726969,10.44460872171918,0
1676314980,-0.38712181698998777,-0.3767069041654818,-0.3781134324045316,-0.3722789243164385,-0.008941825184943079,-0.06406895994307193,-0.9013929409958896,-60.90996970068954,-0.978382530094258,-59.931587170595286,21596.662812546045,21682.28718745396,21518.82562509209,21760.12437490791,21433.20125018418,21845.748749815823,21355.364062730223,21441.941535657177,21541.385,21640.828464342827,0.9232782789298356,0.7681925873786453,43.502227116530726,21541.385,21585.5825,21642.525,21571.21868400944,21586.78694531343,21633.23106529428,55.78093584506909,39.66386341651455,129.72569358707662,-0.3319617938167779,10.414820049766048,1
1676317440,-0.3805592748275078,-0.38210136555891955,-0.388281231979081,-0.3706318553608202,-0.0476327048391245,-0.10030392381424955,-0.8924051588757949,-57.71173008819824,1.7758856659176416,-59.48761575411588,21595.641666666663,21655.283333333333,21535.08333333333,21715.841666666667,21475.441666666666,21775.483333333334,21414.88333333333,21449.14225092496,21551.61,21654.077749075048,0.9509057474132774,0.6362135903832333,42.23176639796299,21551.61,21579.4675,21629.895,21573.987456006293,21585.46659162008,21628.11620193292,68.12849995693277,54.187074348356,126.65242975942832,-0.2825697442431801,-14.489920760518384,1
1676319900,-0.3799753680983523,-0.3646226008466261,-0.37361004712583895,-0.35728350557804706,0.055152895106477806,-0.003628458518237181,-0.8782974898287886,-50.61952833951364,7.094469931681793,-57.71399827119543,21582.475,21624.35,21537.65,21669.175,21495.775,21711.05,21450.95,21480.93905336525,21578.76,21676.580946634745,0.9066410362295466,0.7556456552539589,47.57423364266755,21578.76,21581.31,21618.8875,21592.249970670862,21593.34084768916,21628.17894460597,72.36204053923012,65.42382544707733,124.11441301198576,0.0852600721413716,52.039823762193954,0
1676322360,-0.370943599316657,-0.36874829911627915,-0.38353156781795955,-0.35233506761470634,-0.6243040306744508,-0.6310151391327982,-0.8876687861640755,-45.41344972342995,9.840438838212386,-55.253888561642334,21625.218268234923,21672.55673176508,21581.43653646985,21716.338463530155,21534.09807293969,21763.67692706031,21490.316341174614,21570.65899643192,21604.925,21639.19100356808,0.3172054850278656,0.678383802122037,46.48152455696668,21604.925,21580.145,21607.14625,21600.54998044724,21597.669784472942,21627.128568929213,74.53690233731012,71.67581427782436,118.75624065398668,-0.0538633673620425,38.66070215579639,1
1676324820,-0.3684906662806086,-0.37431133742826395,-0.39021628034101935,-0.3550205061293022,-0.6574520704133143,-0.6616759538708892,-0.8882770107367548,-42.06750836070569,10.549104160749325,-52.61661252145501,21616.55,21641.4,21592.3,21665.65,21567.45,21690.5,21543.2,21569.94854568917,21604.33,21638.711454310826,0.3182829952220111,0.4584805230431923,44.981274068652766,21604.33,21575.1725,21598.15375,21600.85832029816,21598.361641841497,21624.685371888336,77.5022660694895,74.80040298200991,112.95936632155896,-0.2296639447236281,23.89861588387833,1
1676327280,-0.37004585675067586,-0.3640813802134036,-0.37223792192373667,-0.3478235309101858,-0.3904885501106922,-0.4147924609879767,-0.8812240597516197,-36.66721232597047,12.759520156387635,-49.426732482358105,21602.491666666665,21620.78333333333,21583.18333333333,21640.091666666664,21564.891666666663,21658.383333333328,21545.58333333333,21573.42738039369,21611.445,21649.46261960631,0.3518285760744938,0.747977124754932,48.286733516321405,21611.445,21576.415,21597.88375,21610.672213532107,21604.16861605213,21625.22009837516,78.58351140458875,76.87422660379612,109.99262587001922,0.057475584441113,81.14796653778933,0
1676329740,-0.3657082199167047,-0.3293190451155527,-0.3134476344183007,-0.3428900490495023,1.4513790735627623,1.2983059100066106,-0.8290262664255453,-24.20467597595416,20.17764520512316,-44.38232118107732,21635.83333333333,21667.366666666665,21598.766666666663,21704.43333333333,21567.23333333333,21735.966666666667,21530.16666666666,21551.714323972705,21641.19,21730.665676027293,0.8269016262718821,0.9865009344743272,57.60712197713032,21641.19,21596.4,21605.08625,21649.864809021405,21626.728867679016,21635.03246995848,78.59279217989905,78.2261898846591,117.9875507868714,0.9283086527563522,198.75565360122368,0
1676332200,-0.34615737266506663,-0.3117870455868761,-0.322172943395768,-0.32316611638756687,-0.20668344083108436,-0.2406951736535705,-0.8233204840046638,-10.224003041028482,27.32665451203907,-37.55065755306755,21728.776141764683,21839.47385823532,21617.552283529367,21950.69771647064,21506.854567058734,22061.395432941263,21395.630708823417,21532.280272648524,21670.965,21809.64972735148,1.279912799005267,0.8846313939444247,61.38696031697303,21670.965,21624.8625,21615.8025,21692.45987268093,21654.16907355556,21648.615091867192,82.66211742849622,79.94614033766133,119.70528197016456,1.3242668260982342,187.1895664918176,1
1676334660,-0.32761551489496843,-0.3220879825569135,-0.33694967634147915,-0.30446010588186057,-0.6279469346365327,-0.6323253688131549,-0.8191044584086193,-1.4693561200365366,28.86504114642481,-30.33439726646135,21755.338070882342,21837.51192911766,21695.476141764684,21897.37385823532,21613.302283529367,21979.547716470635,21553.44035441171,21559.507458823573,21697.26,21835.01254117643,1.2697690047169925,0.686439391830207,58.10864276426992,21697.26,21651.0925,21623.0825,21711.18158178729,21671.34287836364,21658.13984502269,81.85530722438669,81.03673894426066,114.88653994918742,1.220776470615609,148.00393277774356,0
1676337120,-0.3234953097151378,-0.3335334680791768,-0.3462730911762731,-0.3200023878989725,-0.48946186534220926,-0.5047075956735021,-0.8102255772032418,2.833792961882864,26.534552182675373,-23.70075922079251,21749.077368774502,21772.74763122549,21724.95473754901,21796.87026245099,21701.284475098026,21820.54052490198,21677.161843872527,21621.16460143622,21720.24,21819.315398563784,0.9122864071831808,0.4804946532841176,54.61839696213435,21720.24,21662.285,21627.53,21712.91272119153,21679.530536842976,21663.686050258628,81.04367438999395,81.85369968095897,111.43928709567405,0.5180645654020318,90.89524982611744,0
1676339580,-0.3271582334643496,-0.3349796805909048,-0.348700697303069,-0.3146315108697808,-0.67120316907188,-0.6728521270309427,-0.8086493330473353,5.847840898291906,23.63888009526753,-17.79103919697563,21715.025,21748.05,21683.349999999995,21779.725,21650.325,21812.75,21618.65,21688.482273718764,21736.640000000003,21784.79772628124,0.4431018435345928,0.2472887335060284,54.17560307813361,21736.640000000003,21674.042500000003,21629.8125,21712.70848079436,21685.488621053344,21668.315950233995,76.57713074977784,79.82537078805284,106.5364808745544,0.5444616683009427,77.42386751691042,1
1676342040,-0.3297128374267672,-0.33043697625958823,-0.34651937005870187,-0.3102990033995667,-0.6119803983168005,-0.6178846411080552,-0.8080591454338084,9.16371502626862,21.5638033785954,-12.40008835232678,21716.36666666667,21735.733333333337,21692.93333333333,21759.166666666668,21673.56666666667,21778.533333333336,21650.13333333334,21687.34992806645,21736.01,21784.67007193356,0.4477369299475945,0.3878957678597156,55.39874481305582,21736.01,21688.6,21634.03375,21716.838987196235,21692.69068995273,21673.72395497361,74.96924338732815,77.53001617569998,101.56244652637206,0.6745977958272811,72.81617233467448,0
1676344500,-0.32871867469043153,-0.3332495490584697,-0.3500024571101914,-0.3164934149065675,-0.7792874398176065,-0.7730376260121331,-0.8140835300528001,11.0249985735245,18.740069540681024,-7.7150709671565245,21726.733333333334,21744.36666666667,21707.466666666667,21763.63333333333,21689.83333333333,21781.26666666667,21670.566666666666,21697.85083685261,21723.915,21749.9791631474,0.2399582501348565,0.3707036945347685,54.430037353786446,21723.915,21697.44,21639.375,21716.95099146416,21697.1423826886,21677.86214973804,70.97303872987331,74.17313762232644,97.47227177448828,0.4087147792697359,50.82477441569551,1
1676346960,-0.3296279494071506,-0.33441184254948947,-0.3503894667825786,-0.31781823124043507,-0.5613017407754438,-0.5711879701933923,-0.8105650137404705,12.096374588349136,15.849156444404528,-3.752781856055393,21715.025,21738.25,21693.95,21759.325,21670.725,21782.55,21649.65,21708.12797531268,21716.97,21725.81202468732,0.0814296348645423,0.3263972275265044,54.00973532642155,21716.97,21707.115,21643.63,21715.93399430944,21700.18922219977,21681.29432595346,65.87432753986239,70.60553655235462,93.85996664773924,0.4475613112736877,40.97585662228285,1
1676349420,-0.3306637623084761,-0.33143069283206356,-0.3503542840850893,-0.31205348989576853,-0.8014879889584179,-0.7935028370002257,-0.8153041739949891,13.46800679838634,13.776630923553387,-0.308624125167046,21712.33333333333,21736.566666666666,21689.666666666664,21759.233333333334,21665.43333333333,21783.466666666667,21642.766666666663,21708.407774724485,21718.155,21727.90222527552,0.0897610803082878,0.7126246127917552,54.97018731052175,21718.155,21719.1975,21647.185,21718.05599620629,21704.20936361799,21685.199628243605,60.62353022609977,65.82363216527848,89.36282617290055,0.5593368045469151,44.157146821415424,1
1676351880,-0.3296910200382495,-0.3319630409958884,-0.3511634861273542,-0.3134499179233589,-0.7155677213462185,-0.7139362985066247,-0.8148714425361018,14.269507740169502,11.662505492269238,2.6070022479002635,21720.533333333336,21736.866666666672,21705.966666666674,21751.43333333333,21689.63333333334,21767.76666666667,21675.06666666668,21712.005133722658,21719.855000000003,21727.70486627735,0.0722828607957597,0.5601921081590244,54.75030366042146,21719.855000000003,21728.2475,21652.33125,21718.97066413753,21707.22584296017,21688.590139839453,57.91081955893668,61.46955910829962,85.30119573197908,0.418394566880735,34.689014548248764,1
1676354340,-0.3294708361747223,-0.3252110917846936,-0.3386736285184793,-0.3068616421008832,-0.6671053517249625,-0.6686858205110479,-0.8141728170069833,16.25251266332998,10.916408332343774,5.336104330986207,21717.966666666667,21735.63333333333,21703.13333333333,21750.466666666667,21685.466666666667,21768.13333333333,21670.63333333333,21704.80108335001,21722.8,21740.79891664999,0.1657145179257817,0.9729451313951748,57.09451430287152,21722.8,21729.405,21662.9025,21725.922109425024,21713.152962421955,21693.46965033093,58.68375585785432,59.07270188096359,82.7511103225519,0.0532716624670681,69.78143185546121,0
1676356800,-0.3259846023483263,-0.32297522949662383,-0.34219189826745816,-0.3032452515678946,-0.5742123957603852,-0.5825872810069209,-0.8126888808393588,18.123499282181,10.229915960955834,7.893583321225167,21742.275,21765.849999999995,21716.25,21791.875,21692.675,21815.45,21666.65,21704.099254797467,21728.59,21753.080745202533,0.2254241550191034,0.8579923733432675,57.87280893293864,21728.59,21726.2525,21675.557500000003,21732.65640628335,21719.14787834524,21698.48444553752,59.55487739029456,58.71648426902852,78.94745958522675,-0.1447585024095871,77.77386826066882,0
1676359260,-0.3231234988944616,-0.31721699685790433,-0.3324462910627865,-0.29992832165941935,-0.6399041162977909,-0.643189470529552,-0.8078686903785647,20.677138379203825,10.226844046382926,10.4502943328209,21744.408333333333,21760.016666666663,21730.516666666663,21773.908333333333,21714.908333333333,21789.516666666663,21701.016666666663,21707.24187182547,21738.28,21769.31812817453,0.2855619503891952,0.8877488981398419,59.8907328054104,21738.28,21727.625,21689.35875,21742.55427085557,21727.00280955519,21704.56687929584,63.73184407145246,60.656825773200445,76.73238001480293,0.0631074378265225,127.71664556210578,0
1676361720,-0.3188136881798573,-0.3309249620764289,-0.34018648451053995,-0.3233323316570711,-0.36664622713715483,-0.39102739527628966,-0.8106451716625271,19.3610192856504,7.128579962263601,12.2324393233868,21762.137884800235,21786.212115199764,21738.27576960047,21810.07423039953,21714.20153920094,21834.148460799057,21690.339424001177,21708.09812289422,21738.565,21769.03187710578,0.2803025600427667,0.2564568244313991,53.34035099251365,21738.565,21728.36,21695.3225,21736.277847237045,21726.40684418152,21706.39146222005,59.32078368298888,60.86916838157864,77.7729242994598,0.0338454277014397,-47.55473835377133,1
1676364180,-0.3235131050659329,-0.33809391734928734,-0.3496978053477182,-0.3192146592680241,-0.5689732157182855,-0.5784034550352206,-0.8154950848324567,16.497837439870636,3.412318493187069,13.085518946683568,21720.141666666663,21767.58333333333,21676.283333333333,21811.441666666666,21628.841666666667,21858.88333333333,21584.983333333334,21694.98210944272,21735.11,21775.237890557288,0.3692448812753851,0.1064457966597084,50.24528534180358,21735.11,21727.4825,21700.7625,21725.36023149137,21722.246508875785,21706.11846581814,45.430840882281295,56.16115621224088,75.98670924951087,-0.0404148800449414,-89.30347166385575,1
1676366640,-0.3294474687663444,-0.3152206912435561,-0.3024354501039972,-0.31484634595094796,-0.2001452215913917,-0.23398160458539194,-0.8032691448630842,19.20790479785137,4.897908680934242,14.309996116917128,21708.2303045334,21732.260609066787,21679.49469546661,21760.99621813357,21655.46439093322,21785.02652266696,21626.72878186644,21692.47239595153,21740.74,21789.007604048464,0.4440290813327028,0.7821250457413816,58.51612416490139,21740.74,21731.77,21710.185,21739.56515432757,21730.56077998928,21712.00956431165,39.07008557106081,47.94057004544366,83.0519443031171,0.1973523712203856,181.38731384783304,0
1676369100,-0.32097747084734873,-0.3001286207990829,-0.31404574027562737,-0.29776329463286255,-0.5357125767772913,-0.5454554643086038,-0.7992277371537038,24.50459113475881,8.155676014273347,16.348915120485465,21778.55833333333,21860.71666666666,21685.816666666666,21953.45833333333,21603.658333333333,22035.616666666658,21510.916666666664,21679.20621960021,21753.615,21828.023780399784,0.6841049673793193,0.8822465554089728,62.898529329483225,21753.615,21741.1025,21719.27125,21763.21010288505,21745.0951836276,21721.38960580578,46.330197346336575,43.6103745998929,83.84750339574836,0.4297290048084096,191.8857843980176,0
1676371560,-0.30919606273834965,-0.3018498798621204,-0.31731773114217743,-0.2863448918493711,-0.3351361673240192,-0.3593570230587586,-0.7942500560627914,27.98826742566962,9.311481844147323,18.676785581522296,21797.63674280001,21851.16325719998,21756.973485600025,21891.826514399967,21703.446971200057,21945.35302879993,21662.78371400007,21676.59094663774,21762.275,21847.95905336226,0.7874549270447126,0.7531101079953392,62.09285975542032,21762.275,21750.2775,21728.69625,21777.356735256704,21756.10515024076,21729.41440525285,61.43420610943275,48.944829675610045,81.64411029605205,0.422540400388691,158.35434930901005,1
1676374020,-0.30416603086198163,-0.3018410073927228,-0.3220673953032989,-0.28083079143273376,-0.6714588645488351,-0.671968780423671,-0.794952846081103,30.40068312452422,9.37911803440154,21.02156509012268,21803.55,21831.1,21778.1,21856.55,21750.55,21884.1,21725.1,21697.515788047003,21778.665,21859.814211953,0.7452175048654045,0.6664218256096344,62.095554946546,21778.665,21758.615,21738.90625,21786.796156837805,21765.11785019698,21736.67731903829,67.76183282980949,58.50874542852628,77.53381670347679,0.3838221551125048,126.20755475396236,1
1676376480,-0.3016465784692715,-0.29443249544614286,-0.3079943163073835,-0.27889727570222556,-0.3148387355384365,-0.33962361129073926,-0.788636925282957,33.60954803816276,10.07038635843206,23.539161679730697,21804.19166666667,21816.983333333337,21792.88333333334,21828.291666666668,21780.09166666667,21841.083333333336,21768.78333333334,21764.784504022933,21803.27,21841.755495977068,0.3530249909950877,0.8024516042858182,64.37335022952743,21803.27,21769.19,21748.71875,21800.04743789188,21776.287331979343,21745.236621987027,70.45568982880235,66.55057625601488,76.18854408179993,0.4868605207911142,135.54898489338242,0
1676378940,-0.2966824127433267,-0.2888339672565702,-0.2933934968491213,-0.2812604615950694,0.32549184294119726,0.25744431786439365,-0.7669923244071233,36.999005756388215,10.767875261326015,26.2311304950622,21826.283333333336,21855.76666666668,21797.06666666668,21884.983333333337,21767.583333333336,21914.466666666674,21738.366666666672,21789.498935065087,21818.140000000003,21846.78106493492,0.2625435984452969,0.9222084628304744,66.03443193888404,21818.140000000003,21779.44,21754.4225,21814.139958594584,21788.29418071037,21754.48313417874,73.34920943857763,70.5222440323965,78.37507664738561,0.471484936056293,135.80713151259917,1
1676381400,-0.29140092707416054,-0.3367275570621339,-0.3120755092161985,-0.37786463642679735,3.264118599314739,2.967840637225489,-0.6646323922501769,28.467680541249138,1.7892400369495505,26.678440504299587,21843.175,21896.15,21789.35,21949.975,21736.375,22002.95,21682.55,21703.24326192013,21797.515000000003,21891.78673807987,0.8649769304424622,0.021913980605535,46.19276437143315,21797.515000000003,21775.565,21750.90875,21778.55163906306,21773.5816023994,21749.996645209336,67.57986759318986,70.46158895352329,95.88399974400096,-0.1781926665095505,-115.7153648929701,0
1676383860,-0.31270816577338495,-0.2914957080757012,-0.21458425447199522,-0.3593530135995176,2.726572242256919,2.4882158507145267,-0.5830166425433203,31.626127389317844,3.9581495080146034,27.66797788130324,21690.55833333333,21860.716666666667,21537.216666666667,22014.05833333333,21367.05833333333,22184.216666666667,21213.716666666667,21704.296186339943,21803.35,21902.40381366005,0.9086109580413588,0.6588782846262833,58.787483596658674,21803.35,21782.8125,21755.21875,21797.30942604204,21784.716765599504,21758.07553614178,59.20804891170357,66.71237531449036,128.24228547657242,0.3330292914138509,110.89601164654624,1
1676386320,-0.30074473994712636,-0.19254105688980808,-0.14632982134180564,-0.2773514415450323,3.0336815778060204,2.8398261443293373,-0.4906839651245256,55.98273244248776,22.651803648947613,33.330928793540146,21842.641666666663,22113.18333333333,21564.283333333333,22391.541666666668,21293.741666666665,22662.083333333336,21015.38333333333,21597.25034297334,21864.945,22132.63965702666,2.448619532559164,0.9645311243086068,73.43652599743628,21864.945,21821.805,21775.0825,21902.75628402803,21844.52280821777,21791.939770794943,58.8867296874271,61.89154873077352,155.78803169900468,1.794926975000848,309.1976366606431,0
1676388780,-0.2452832497004375,-0.2211015358790843,-0.20920130175605783,-0.2640020434079331,1.8512589627474625,1.7003075203127391,-0.4212827204128877,68.00790469277854,27.74158071939071,40.26632397338783,22076.58908913645,22352.06091086354,21838.17817827292,22590.47182172708,21562.70635654584,22865.943643454164,21324.29544568229,21612.516476786008,21906.27,22200.023523214,2.681912742004847,0.7160059198805787,66.13027800261013,21906.27,21854.77,21791.12625,21946.229189352023,21878.82320672363,21814.91455452876,63.848163470614985,60.64764735658189,165.93888657764705,1.5188776938308306,169.09751261647105,1
1676391240,-0.23183345169775343,-0.23270672585049565,-0.22475205404654458,-0.23331643264781882,0.32885561876689234,0.26886045607130976,-0.3950379757924769,74.0457700775587,27.02355688333669,47.022213194222005,22002.625,22166.85,21868.95,22300.525,21704.725,22464.75,21571.050000000003,21644.441655425097,21937.9,22231.358344574903,2.6753549298237744,0.606616494566957,63.37131147770133,21937.9,21878.02,21804.895,21964.311126234683,21900.941714592063,21832.586977906973,66.53662219984886,63.090505119296985,166.086108964958,1.0680828143178225,132.97050340289996,0
1676393700,-0.23091143521701676,-0.22574183737376957,-0.2286573334679106,-0.22017568684972952,0.11588736712852159,0.07077397754335596,-0.37444383107325296,79.4979920163205,25.98062305767879,53.5173689586417,22005.55833333333,22087.016666666663,21919.016666666663,22173.55833333333,21837.55833333333,22255.016666666663,21751.016666666663,21817.791384101864,22000.445,22183.098615898136,1.660453830803297,0.553804026554175,64.33305353595762,22000.445,21898.980000000003,21820.04125,21982.90741748979,21922.606857393504,21850.44536096345,62.61221578991501,64.3323338201263,162.80852975317532,0.961005020517634,112.85233465534009,1
1676396160,-0.2269678101733801,-0.19921315387643077,-0.1966410787522031,-0.20563851302404984,0.38121290456556295,0.32408786655362626,-0.3669129075355086,88.82667881145971,28.24744788225441,60.57923092920531,22020.63333333333,22080.466666666664,21960.266666666663,22140.83333333333,21900.43333333333,22200.666666666664,21840.066666666666,21964.528904689043,22052.45,22140.37109531096,0.797381654291997,0.7411252945043408,67.80095281200326,22052.45,21927.9,21839.08875,22020.22161165986,21953.923792412865,21873.72199325265,65.19947143216685,64.78276980731026,163.36506334223412,1.3262617716050522,122.5569249633818,0
1676398620,-0.2117309986174589,-0.18853070072231765,-0.19794283855932554,-0.18754965355212588,-0.015455712597806618,-0.049016442125230514,-0.3573380818138431,97.52434876421466,29.556094268007485,67.96825449620718,22089.416666666668,22177.43333333333,22006.833333333336,22260.016666666663,21918.81666666667,22348.033333333333,21836.233333333337,21960.273054895453,22054.71,22149.146945104545,0.8563880015157387,0.8718883532405819,69.10366216823192,22054.71,21959.8275,21859.22125,22055.13107443991,21985.01946651961,21897.648470085725,70.42117627317712,66.07762116508634,160.0090381316071,1.4641830624367178,111.84823460175464,1
1676401080,-0.19877110158964661,-0.17827412609926704,-0.17732577783030876,-0.18172020732071634,0.5103710465363674,0.4490687710858065,-0.33151248140573397,105.53278706036872,30.051626051329222,75.4811610090395,22115.056429868844,22178.193570131145,22061.81285973769,22231.4371402623,21998.675719475388,22294.5742805246,21945.43214934424,21960.18443198903,22078.845,22197.505568010973,1.0748802123568644,0.8160485461061603,70.34425531130245,22078.845,21992.557500000003,21880.87375,22088.03738295994,22015.71592715241,21922.04861579185,76.0319657689402,70.55087115809472,159.91553540792094,1.499549860147386,109.01241541939528,1
1676403540,-0.18716261164315562,-0.16264083502157003,-0.17345568110643203,-0.16276376043678134,-0.06170043229180171,-0.08937206855877432,-0.3184479326676181,114.11851179883524,30.909880631836582,83.20863116699866,22149.650000000005,22231.10000000001,22072.40000000001,22308.35000000001,21990.950000000004,22389.80000000001,21913.700000000008,21998.873487407764,22118.33,22237.78651259224,1.0801585164181429,0.8330500709978702,72.17801822953888,22118.33,22028.115,21903.7775,22124.65825530663,22048.84030403379,21948.320176192625,80.35489554492824,75.60267919568186,156.83283127866696,1.6279173576988746,109.57399131292726,1
1676406000,-0.17354133379429804,-0.1573262258527057,-0.16853010345786162,-0.1490218921892112,0.3378645168572432,0.28952158632855474,-0.29146574165852024,120.73931024864214,30.024543265314776,90.71476698332737,22185.64744080055,22250.15255919946,22133.394881601096,22302.40511839892,22068.889763202184,22366.910236797827,22016.63720400273,22068.819083774088,22156.885,22244.95091622592,0.7949304807594967,0.817886887455798,72.79391233417746,22156.885,22078.665,21927.115,22154.06383687109,22078.664794209464,21973.51587369809,84.04333417232984,80.14339849539944,152.22897467298964,2.3287016509366056,107.90480627137995,1
1676408460,-0.16407325860852195,-0.15682049509707105,-0.16012143875780296,-0.16345922542146454,0.35795702939788093,0.30746702676214327,-0.26313489027312414,124.66427415947328,27.15960574091673,97.50466841855656,22208.09872040028,22256.67627959973,22164.297440800547,22300.47755919946,22115.71988160109,22349.05511839892,22071.91860200136,22109.84411814508,22180.775,22251.705881854923,0.6395708162128835,0.7363216071990204,72.85549134195992,22180.775,22116.6125,21949.7125,22174.14255791406,22103.325740716835,21996.44769525065,86.57920127527477,83.65914366417763,152.541190767776,1.7379346983545714,95.6989278790535,1
1676410920,-0.15908634310762607,-0.1544338008292495,-0.16736907444069887,-0.1344389301690392,-0.45673752560694586,-0.4626484818182604,-0.25426376566351916,126.85518008210056,23.48040933083521,103.37477075126534,22203.1,22287.000000000004,22130.400000000005,22359.7,22046.500000000004,22443.6,21973.800000000007,22151.43868075198,22199.99,22248.54131924801,0.4373994695314506,0.7166264514106113,73.16419609142703,22199.99,22127.35,21974.5775,22189.77003860937,22124.725606041044,22017.836009988685,87.54929104790669,86.05727549850378,145.57045997720624,0.4855598239096666,94.97867288504528,0
1676413380,-0.15539947908956053,-0.16599462845367532,-0.18158288422657393,-0.15200135442585555,-0.6030000881586173,-0.6020023817822675,-0.2521545807606829,124.52748323991908,16.92216999092298,107.60531324899613,22225.491346766736,22250.73365323327,22195.78269353347,22280.44230646653,22170.540387066936,22305.68461293307,22140.83173383367,22183.05412859012,22206.910000000003,22230.765871409887,0.2148508856917378,0.1130931525654782,69.06680417413386,22206.910000000003,22142.8775,21998.823750000003,22189.330025739582,22136.311859488127,22034.08496141833,86.52466649886738,86.88438627401628,140.1600699788344,0.7047327495923826,66.55688702640522,0
1676415840,-0.15933674732849956,-0.15853288169071225,-0.1677912668105766,-0.14032864834907943,-0.5408483905195333,-0.542448536566904,-0.2445736921240846,122.9618804918864,12.285253794312226,110.67662669757418,22184.816666666666,22218.43333333333,22154.83333333333,22248.416666666664,22121.216666666667,22282.03333333333,22091.233333333334,22187.13461746085,22209.225,22231.315382539146,0.1989297919143358,0.5056585710898626,70.22580871882542,22209.225,22163.7775,22020.89875,22196.04501715972,22149.614248672104,22050.78877461659,86.01419118806056,86.69604957827822,135.16292212320343,0.9499794890792131,80.90837289351401,1
1676418300,-0.15757432319121964,-0.16580830659633694,-0.1769035854604323,-0.1520371602727176,-0.39994040873162756,-0.41010340130356365,-0.23486142885067685,118.69866602557158,6.417631462397921,112.28103456317366,22215.75833333333,22247.716666666664,22177.516666666663,22285.95833333333,22145.55833333333,22317.916666666664,22107.316666666666,22177.724532176173,22204.445,22231.165467823823,0.2406767457941575,0.2105215353638664,67.56752754659486,22204.445,22180.665,22039.8225,22193.68834477315,22156.77074891353,22063.94936751025,81.78173374892711,84.77353047861835,131.00842768583175,0.7669129567985614,52.78586247145613,1
1676420760,-0.16033100383427393,-0.17793697226217556,-0.18793613087473918,-0.16635949901722885,-0.48419624458310756,-0.4905720763101049,-0.2277826737806715,111.2796385545189,-0.8011168069238153,112.08075536144273,22189.391666666663,22227.683333333327,22150.683333333327,22266.391666666663,22112.391666666663,22304.683333333327,22073.683333333327,22147.361514070733,22192.545,22237.72848592927,0.4071951723361921,0.082314210339082,63.26793620463626,22192.545,22186.66,22057.28,22180.725563182103,22156.412430929257,22072.60180869975,77.86932917135903,81.88841803611558,127.76797767389834,0.2713301968558482,15.087358162982753,0
1676423220,-0.16777397749346448,-0.183216091553452,-0.19531431679759179,-0.16410373066496728,-0.7064941841738505,-0.7005366202589458,-0.22624411478527934,103.01225647828689,-7.254799106524672,110.26705558481154,22154.214042506253,22197.32808501251,22111.685957493744,22239.856170025017,22068.57191498749,22282.970212531272,22026.04382997498,22125.77406528347,22176.325,22226.87593471653,0.455900016946285,0.1399670925561149,61.43544747318872,22176.325,22188.1575,22073.9925,22167.125375454736,22153.414716214847,22079.01354120453,69.72622589942728,76.45909627323782,122.81105525143298,0.0676837687768884,-6.282803389670827,0
1676425680,-0.17413515476630148,-0.19470593942270203,-0.20162012288482176,-0.17627771859780184,-0.5618969564522823,-0.5645627311114776,-0.2195326665894146,92.77841289744174,-13.990914149895843,106.76932704733758,22144.36535458646,22171.33070917292,22112.95964541354,22202.736418345845,22085.99429082708,22229.701772932305,22054.58858165416,22088.21020034983,22160.145,22232.079799650164,0.6492267956745538,0.1344258950064711,57.529842494062656,22160.145,22183.5275,22088.0425,22147.266916969827,22145.075676903056,22081.731299185056,60.09668562116402,69.23074689731679,119.35655358202293,-0.208993019272042,-61.47205272792151,0
1676428140,-0.18306095201447997,-0.2041462468612194,-0.21046822508459626,-0.18820106560260846,-0.5997311255314202,-0.6007526818941836,-0.21424735080448865,81.58120310734739,-20.15049915199215,101.73170225933954,22116.266010626565,22149.13202125313,22074.68398937344,22190.714042506257,22041.81797874688,22223.58005313282,22000.235957493744,22059.59117502124,22134.44,22209.288824978765,0.6763109884755378,0.1426797614045455,54.466100991083614,22134.44,22171.8325,22099.97375,22125.161277979885,22133.41646292068,22081.65688973886,45.64801585996776,58.49030912685303,116.73101517901056,-0.526851639119019,-124.63379374325376,0
1676430600,-0.19224423825471776,-0.20069485626574676,-0.21018641728577167,-0.18103989623035285,-0.5792768625847885,-0.5810644312294149,-0.20860620562206036,72.65454354978647,-23.26172696764246,95.91627051742891,22087.916338646613,22125.73267729323,22043.13366135338,22170.515354586463,22005.317322706764,22208.33169323308,21960.53464541353,22058.129038836967,22114.78,22171.43096116303,0.5123357425489357,0.2872498585625978,55.4012362074097,22114.78,22159.6125,22119.13875,22113.66585198659,22125.64528784419,22082.515757382786,31.1850766672614,45.64325938279774,112.92165695193847,-0.550131399019716,-110.29904737319222,1
1676433060,-0.19511010056404696,-0.19714586850690544,-0.21666003362389324,-0.17430839702043152,-0.7139151672864177,-0.7079644097735333,-0.2051291883984477,65.63047075055874,-24.22863981349616,89.8591105640549,22098.091666666664,22126.08333333333,22062.683333333327,22161.491666666665,22034.691666666666,22189.48333333333,21999.28333333333,22063.724546352405,22103.955,22144.1854536476,0.3640113603886429,0.4592348618693936,56.392961164315686,22103.955,22148.25,22132.43125,22109.33556799106,22121.10523550888,22084.245209060613,23.12533073866309,33.319474421964095,106.72725288394268,-0.5114948479132811,-100.26007930623165,0
1676435520,-0.19476844990812867,-0.1978467935892761,-0.21532309111928025,-0.1792854097341497,-0.7790748600641186,-0.7693987569326501,-0.211819831212193,59.221804360840906,-24.5098449625712,83.7316493234121,22101.55833333333,22114.216666666667,22088.01666666667,22127.75833333333,22075.358333333337,22140.416666666664,22061.81666666668,22077.445591969936,22095.71,22113.974408030062,0.1653208521478907,0.5818531866754192,56.12750309747568,22095.71,22136.0175,22131.68375,22105.79037866071,22117.031556325444,22085.621855816746,20.63949195096781,24.983299785630777,102.23959196366114,-0.5504921577650028,-92.18802003277013,1
1676437980,-0.1949481044877599,-0.19428893336103845,-0.2055774839146099,-0.1760270776697739,-0.7157763131624113,-0.7095736809252114,-0.21408262704354766,54.32559218244933,-23.52484571277021,77.85043789521954,22097.533333333336,22120.06666666668,22076.16666666667,22141.43333333333,22053.63333333333,22163.966666666674,22032.26666666667,22077.057665601293,22095.945,22114.832334398707,0.1709574711442034,0.8383219603734479,57.22810802687526,22095.945,22128.045,22135.46125,22106.768585773807,22115.52127335718,22087.82215526277,23.30527248560068,22.35669839174388,99.40104968054249,-0.3593085591828279,-59.5671885445108,1
1676440440,-0.19325891351246655,-0.1871465954963703,-0.20191848337567136,-0.1689140334152092,-0.7082388563352917,-0.7022352403811807,-0.2307960129602659,51.475846547728,-21.09967307799323,72.57551962572123,22113.141666666663,22142.183333333327,22079.683333333327,22175.641666666663,22050.641666666663,22204.683333333327,22017.183333333327,22079.526211553384,22105.525,22131.52378844661,0.2352243472762001,0.94857859526602,59.42848224389036,22105.525,22119.9825,22141.88,22114.129057182538,22117.94467820133,22091.729569047267,27.466400827056777,23.803721754541765,96.08914654278098,-0.3630207377707037,-27.940683948861327,0
1676442900,-0.18884297213102313,-0.18733291735370872,-0.20772362846148648,-0.16707561595445442,-0.7108252374296282,-0.7048161721076524,-0.23397099418857495,48.61464017810067,-19.16870355809644,67.78334373619711,22129.938531416043,22155.911468583967,22102.877062832085,22182.972937167924,22076.90412566416,22208.94587433585,22049.842657080204,22086.814051071004,22113.055,22139.295948929,0.2373344517887434,0.7909574657783592,59.34271654969816,22113.055,22113.9175,22147.29125,22118.861038121693,22119.832009437447,22095.214848185624,33.00204193451003,27.92457174905584,91.46849321829671,-0.2733339417435813,-27.92687824017417,0
1676445360,-0.18672816698535658,-0.18668522708771992,-0.1972040019120392,-0.16840043228832066,-0.5009309697251211,-0.5064230188373621,-0.23254565172184716,45.96452532807234,-17.455054726499817,63.41958005457216,22125.975,22142.85000000001,22111.450000000004,22157.375000000004,22094.575,22174.250000000007,22080.050000000003,22093.24468925113,22118.95,22144.65531074888,0.2324279475189541,0.7178538145175364,59.561193460782846,22118.95,22111.452500000003,22149.05625,22122.624025414465,22121.708007721543,22098.54200550128,37.43027382296472,32.63290552817718,89.57788655984696,-0.1112625706393262,0.0235382428928068,1
1676447820,-0.18534690323209194,-0.19241684231824915,-0.21166409058034302,-0.17180198774014208,-0.6877227416079802,-0.6832085956977776,-0.23080556131997165,42.0760931768782,-17.07478950215517,59.15088267903337,22135.31666666667,22165.233333333337,22100.233333333337,22200.31666666667,22070.31666666667,22230.233333333337,22035.233333333337,22104.26568821574,22122.01,22139.754311784265,0.1604222381624736,0.274293866750418,56.65960971754391,22122.01,22108.86,22148.50875,22119.74935027631,22120.30655177217,22100.01419545354,36.24608808551858,35.55946794766445,85.62589466271503,-0.1170961509580674,-42.45043517160678,1
1676450280,-0.18752222097955018,-0.19408486656490354,-0.213036215782444,-0.173914532704958,-0.5582449959791065,-0.5612942041997203,-0.2382015136554199,38.17517233845501,-16.780568272462688,54.9557406109177,22113.066666666666,22130.23333333333,22096.83333333333,22146.466666666664,22079.666666666668,22163.633333333328,22063.43333333333,22104.722413965243,22122.125,22139.52758603476,0.1573319564441246,0.1315202816873799,55.80754100289888,22122.125,22109.035,22146.28125,22116.26623351754,22118.305360540864,22100.8985577913,34.61891982741178,36.098427245298375,82.03833075823549,0.0079158477533857,-46.173210491438745,1
1676452740,-0.18944393330425374,-0.18399686886039865,-0.1899915489266326,-0.17162295850583567,-0.5399370492445097,-0.5432772910930591,-0.2425748030317326,36.95137199680176,-14.40349489129276,51.35486688809451,22108.233333333337,22126.466666666674,22091.06666666668,22143.63333333334,22072.833333333336,22161.86666666668,22055.66666666667,22102.7161618044,22123.9,22145.083838195605,0.1915018436677442,0.826310083006251,59.74989284163067,22123.9,22114.7125,22143.2725,22123.419155678363,22121.83620407889,22104.40583800165,41.45054479932326,37.438517570751216,82.9284499897901,0.2571220894028464,90.12674518323765,1
1676455200,-0.1853605406700237,-0.16611884302523555,-0.17890899921734923,-0.16094573556713768,-0.5810139747272068,-0.581293504182095,-0.24037823615336454,39.589974327449454,-9.411914048516053,49.00188837596551,22141.675,22186.95,22092.45,22236.175,22047.175,22281.45,21997.95,22079.652558765647,22135.855,22192.057441234352,0.507795531135821,0.9647929774273336,65.60577133184924,22135.855,22124.455,22142.03375,22144.97943711891,22133.88416697364,22112.37671057292,57.70186802429409,44.59044421700972,83.87500535408171,0.4410231919124213,206.73127908536648,0
1676457660,-0.17437938848210124,-0.14914580906857672,-0.1621972179096997,-0.14986736625059055,-0.20523563577201498,-0.22399814873693458,-0.24913230796960126,45.02118727223569,-3.18456088298386,48.20574815521955,22178.90659163671,22231.593408363293,22135.41318327342,22275.086816726583,22082.72636654684,22327.77363345317,22039.232958183547,22060.29524103992,22157.01,22253.72475896009,0.872994677170668,0.907978062751338,70.05936530843786,22157.01,22137.980000000003,22143.115,22175.29462474594,22152.4370457057,22124.14321432788,74.79664775254444,57.98302019205394,85.93679872485701,0.6119722587658522,252.17608179256,0
1676460120,-0.16040187487903226,-0.10301784067303602,-0.08444345645726727,-0.1357661084616157,1.3818401532809694,1.2966948345371012,-0.20316507174889764,59.13172519453292,8.740781631450687,50.39094356308223,22220.994962485023,22284.83003751498,22172.089924970045,22333.73507502996,22108.254849940087,22397.57015005992,22059.34981242511,22026.75416579005,22207.39,22388.025834209944,1.6268083211034232,0.9387556895709108,78.28781623550155,22207.39,22164.7,22150.35875,22238.829749830627,22191.248491941027,22147.167670106177,78.75936522635305,70.41929366773054,100.82399569254386,1.2091208985143955,301.7422466028672,0
1676462580,-0.13034799099445338,0.0041615896439715664,0.05948895897345672,-0.10544615483815349,2.1357862397840646,2.0546121712877436,-0.1434071570054986,93.60429222546009,34.570678929902286,59.0336132955578,22351.11414790918,22505.685852090828,22211.328295818355,22645.47170418165,22056.756591636706,22800.0434083633,21916.970739545883,21938.7652608478,22319.11,22699.454739152203,3.4082428838085588,0.9585182389763854,87.13492303465355,22319.11,22220.6175,22174.33125,22381.853166553752,22277.9124024972,22196.76122533416,76.07266980791563,76.54289426227105,137.82076586709323,2.5292050988919668,314.6535767159742,0
1676465040,-0.061728678372580205,0.03588066773861578,0.030216954661952487,-0.0362193492658925,0.38144532715073287,0.3618256133846183,-0.1501977840787722,126.675627737146,54.11361155327055,72.56201618387544,22616.373740621257,22951.52625937875,22332.74748124252,23235.15251875749,21997.594962485025,23570.305037514983,21713.96870310628,21984.19780415417,22443.02,22901.842195845835,4.088774111913944,0.8424583671466405,88.61361412687941,22443.02,22283.46,22201.72125,22506.993777702504,22365.0692384068,22250.143489588045,75.45841442423382,76.76348315283418,152.42209609573774,2.839844817963893,218.61198044046864,1
1676467500,-0.011558697129564812,0.023556807746039844,0.01417364460660947,0.014394791336371627,0.6184436734865688,0.5900525386328631,-0.1229547905651632,148.37253587037776,60.648415749201845,87.72412012117591,22682.87853697729,22891.1964630227,22548.957073954585,23025.11792604541,22340.639147909176,23233.435852090817,22206.71768488647,22131.17599063269,22549.91,22968.644009367308,3.7138419565072174,0.7061451854135944,84.54752539517047,22549.91,22342.8825,22228.4,22578.84585180167,22430.065740514656,22295.13458581776,77.74122804134875,76.42410409116609,152.62638884133207,2.685359149415973,158.1670305844633,0
1676469960,0.007364058154696303,0.017337206698669932,0.00597607609148902,0.015963873200399343,0.04326083076113909,0.031757220602818825,-0.10826159231514779,162.28267716142727,59.64684563220109,102.63583152922618,22703.22260182198,22790.52739817802,22635.24520364396,22858.50479635604,22547.94040728792,22945.80959271208,22479.963009109902,22359.989506941914,22643.730000000003,22927.47049305809,2.506128566787263,0.6080124294903683,82.49030987238622,22643.730000000003,22400.37,22255.91125,22620.905567867783,22480.05833314836,22334.171768120825,79.0979951494355,77.4325458716727,150.83878963837995,2.597700422274589,118.80893906157957,1
1676472420,0.01371548117378122,0.02566845546254939,0.021526828381974485,0.021227332689007478,0.35396772763694756,0.333482153553547,-0.0829528155220984,173.20421034203537,56.45470305024733,116.74950729178803,22691.075,22761.85,22634.25,22818.675000000003,22563.475,22889.450000000004,22506.65,22657.349906614112,22716.250000000004,22775.15009338589,0.5185723293755925,0.6039896483672692,83.08406471468778,22716.250000000004,22461.82,22285.34,22656.770378578523,22525.2295453032,22371.726837823604,77.80704864737783,78.21542394605403,151.2860189499241,2.7787826716107444,103.51173988451689,0
1676474880,0.021057023483665883,0.04960637789593429,0.05174876552570327,0.04729926185961002,0.4842644847163378,0.4650824589397989,-0.056626029736888114,185.1677567331972,54.73459955312731,130.43315718006986,22718.533333333336,22802.06666666668,22644.966666666674,22875.63333333333,22561.43333333333,22959.16666666667,22487.86666666668,22678.163637459627,22741.86,22805.556362540374,0.5601684518361579,0.9245925343516735,84.69045819747465,22741.86,22530.485,22319.76,22703.16358571902,22574.45144615716,22412.129043745164,80.69485261295948,79.19996546992428,152.63596576184057,3.1057066483334963,101.68210074056545,0
1676477340,0.03669734895098428,0.06193023788851022,0.07250655704467844,0.06161632794852888,0.47701880872522123,0.45934334325543186,-0.028169377789899766,195.20081721934184,51.81412803141757,143.38668918792428,22793.92157522775,22880.02842477225,22709.843150455497,22964.106849544503,22623.736300911,23050.213699089007,22539.657876138743,22660.02263057419,22756.54,22853.057369425813,0.8482604950120881,0.8840500442616304,85.45619403653957,22756.54,22599.78,22357.24625,22745.667390479342,22621.037546855856,22451.99056338848,84.47611759732969,80.99267295255568,155.24768249313777,3.130177107177909,95.64880495931833,1
1676479800,0.05067974702189006,0.04552504197326678,0.028633733274912008,0.06097182270502614,-0.1444905351658585,-0.14696977638305248,-0.015069155729517206,197.1495020193761,43.01025026516143,154.13925175421463,22838.49166666667,22929.18333333333,22739.983333333337,23027.69166666667,22649.291666666668,23118.38333333334,22550.783333333336,22677.26050294224,22768.92,22860.579497057766,0.8051281927975887,0.5847157168569872,79.73870539815015,22768.92,22659.415,22391.935,22758.594926986232,22650.748901972973,22483.653366875293,85.53018885342118,83.56705302123679,150.2067766007707,2.68770196636937,71.56531698863755,0
1676482260,0.049467941637926796,0.049908041855436576,0.034861070730604814,0.07078262474501684,-0.431550344544258,-0.42538152356323317,-0.0425924443575026,197.4147165832837,34.62037186325526,162.79434472002848,22780.916666666668,22815.833333333336,22749.533333333336,22847.216666666667,22714.61666666667,22882.13333333333,22683.233333333337,22720.870045358894,22787.275,22853.67995464111,0.5828248848632221,0.5717190460522129,80.12137401552198,22787.275,22715.5025,22426.74125,22771.32995132416,22677.303647068795,22513.47685574431,84.29456906729642,84.76695850601578,143.52057827214412,2.5223821361153345,69.16157622974973,1
1676484720,0.05105364748201526,0.08372989519719272,0.11043350493867013,0.07579544330559577,0.8626297154450553,0.8423181310228487,-0.03975841961698348,202.975044613886,32.144559915086006,170.83048469879998,22800.06666666667,22826.733333333337,22770.13333333334,22856.666666666668,22743.46666666667,22883.333333333336,22713.53333333334,22741.54598215468,22819.995000000003,22898.44401784533,0.6875463193162578,0.9595659829812068,82.81810348635103,22819.995000000003,22768.1225,22466.41125,22811.586634216103,22716.35752941992,22549.53620281628,83.11201151391336,84.31225647821033,151.65482268127653,2.3526886912666027,94.33779216330664,0
1676487180,0.06875826505890814,0.1660664112023111,0.21598159740803544,0.09542280681963536,2.091164707317018,2.074232685697042,0.01795312975803587,223.5254435596471,42.1559670886777,181.3694764709694,22908.099999999995,23028.79999999999,22771.39999999999,23165.5,22650.7,23286.199999999983,22514.0,22635.73219898141,22885.625,23135.517801018585,2.1838407386172287,0.9771546019492235,87.32577453116123,22885.625,22813.7425,22517.18,22915.75775614407,22790.492524070844,22604.256564452822,83.07847312998699,83.49501790373226,176.72118640564227,2.012537553103716,153.7048455216427,0
1676489640,0.11878087185286133,0.28979299694491634,0.35298302143327215,0.145888268253576,2.915356715015762,2.936475757531052,0.099213340232393,264.8894262828508,66.81595984950508,198.0734664333457,23103.705361725868,23365.194638274133,22862.610723451737,23606.289276548265,22601.12144690347,23867.77855309653,22360.02680862934,22494.589694312337,23014.035,23533.48030568765,4.514161082032413,0.9415190540539904,91.103042878876,23014.035,22885.2875,22584.37375,23101.413504096046,22914.5347924216,22686.967844028743,83.06928227838468,83.08658897409502,217.7440986203252,3.143829830241086,226.1469922059037,0
1676492100,0.20565853362126268,0.4502604784609267,0.5547909742346981,0.23353506578061298,5.354046922436845,5.522677353090601,0.24709866498174618,330.3473680029347,105.81912125567118,224.5282467472635,23396.6943475296,23810.2306524704,23059.1886950592,24147.7363049408,22645.6523901184,24561.2726098816,22308.146737648,22415.51940515325,23242.120000000003,24068.72059484676,7.112953507225275,0.9129896616676012,93.71799346167856,23242.120000000003,23005.52,22674.20125,23375.900669397364,23098.233011981305,22804.86376364505,82.3904512382852,82.84606888221896,279.3236971978447,5.291329538278041,254.14401697722425,0
1676494560,0.32933508107093906,0.5206457781881473,0.539380952734171,0.35830653283576547,2.471689296193921,2.592034089605973,0.30594250137817564,393.6882355271846,135.32799102393687,258.3602445032477,23820.205507098133,24412.469492901862,23332.611014196267,24900.06398580373,22740.34702839253,25492.327971607465,22252.75253549067,22577.79348055154,23507.4,24437.006519448463,7.909054335642918,0.831215405183128,94.48383489123792,23507.4,23147.3375,22773.85375,23625.000446264912,23284.59064616652,22930.41959567886,85.39121565128801,83.61698305598597,308.48570020891293,6.246084291913351,198.10936304213783,1
1676497020,0.4263677485541491,0.5454886925000364,0.5643606679519209,0.4561982392571561,0.6635916762152443,0.7370070951123882,0.3291751286096703,444.4118413022843,148.84127743922926,295.57056386305504,23987.86942021573,24399.33057978427,23711.73884043147,24675.46115956853,23300.27768086293,25086.92231913707,23024.14710107867,22951.10758282488,23767.62,24584.13241717512,6.870796631510597,0.7606084065888287,94.72812766340364,23767.62,23293.807500000003,22877.81375,23814.400297509943,23449.79234686352,23050.6843960904,88.3773008271698,85.38632257224766,321.1078551708764,6.444332006071675,162.75568787262347,1
1676499480,0.48730615496983176,0.5606339977608914,0.5792781316875917,0.5176761388693006,0.49986572714510014,0.5733674670730479,0.34844187793419956,482.49230917391833,149.53739624869064,332.9549129252277,24126.00137677453,24402.19862322546,23917.00275354906,24611.19724645093,23640.805507098128,24887.39449290186,23431.806883872658,23430.47401966017,23989.975,24549.475980339823,4.664456551870724,0.719749391547669,94.87708126236868,23989.975,23437.8,22984.1425,23954.89186500663,23592.7164656156,23163.55969170084,91.74492333678928,88.50447993841571,323.5928608613994,6.316582550847845,133.59228835341946,1
1676501940,0.5253483860543314,0.5592321475961489,0.5660846201289209,0.5560551612493967,0.05765172043028959,0.11517620297320445,0.36869252310499967,506.5138460058333,138.84714646448452,367.6666995413488,24211.592355053934,24401.682644946064,24045.784710107862,24567.49028989213,23855.694420215736,24757.580579784262,23689.886775269668,23910.268899619823,24141.815,24373.36110038017,1.9182161770370256,0.6945832813682652,94.6106198943031,24141.815,23577.925,23088.8525,24047.23624333776,23708.93619914004,23265.30876868172,92.02148356234852,90.71456924210254,315.5656184726637,6.1375758710594415,110.3086726600764,1
1676504400,0.5436685417814011,0.6688248895891683,0.7407667131657205,0.5745375069639344,2.299103907631169,2.470955762032497,0.44157794344603585,544.1955190678127,141.2230556211711,402.9724634466416,24233.504510860304,24338.320489139707,24127.109021720607,24444.715978279404,24022.293043441205,24549.531956558807,23915.897554301508,23977.6121053121,24264.985,24552.357894687902,2.3686220674597727,0.9797599305589736,95.64124415148189,24264.985,23753.5525,23206.483750000003,24211.732495558503,23860.17052656912,23386.776981188217,90.08502683373575,91.2838112442912,339.8890195610128,7.708217665995877,118.5862192540482,0
1676506860,0.6076277059557168,0.7261055520168676,0.7631429087692255,0.6390629073750177,1.8115572835985974,1.9826561961804474,0.5006633612473912,580.3917527309823,141.9354314274725,438.45632130350975,24519.143922096817,24857.981077903183,24201.887844193632,25175.237155806368,23863.050688387262,25514.07431161273,23545.79461048408,23973.64688544945,24380.77,24787.893114550545,3.339706781619679,0.8946656287923737,96.06482517760035,24380.77,23944.085,23329.793750000004,24375.196663705672,24013.25315810201,23512.04822107505,89.75437540603885,90.6202952673744,354.1458122248527,8.3578616297024,111.85889716435985,1
1676509320,0.6682490384656697,0.6932596703087928,0.685389147316793,0.7002209259976084,0.19568278593028984,0.2764094133552026,0.5202096735178102,594.7535682479283,125.03779755553484,469.7157706923935,24654.213627715075,24947.91137228492,24408.42725543015,25193.697744569847,24114.729510860303,25487.395489139693,23868.943138575378,24074.4994873813,24464.045,24853.590512618703,3.1846369855737326,0.6867946045914946,90.62624521917658,24464.045,24115.8325,23441.9775,24453.322775803783,24121.675311174367,23616.574580972665,88.01977947010228,89.2863939032923,341.0500083821768,7.502479021147059,93.62886068611805,1
1676511780,0.6821359500637102,0.7003310284182825,0.682222704542712,0.7131395174363454,-0.05640963794578485,0.011118443072455814,0.5359806004540646,600.8173431600881,104.88125797415564,495.9360851859324,24606.63181385754,24681.94318614247,24534.26362771508,24754.31137228493,24458.95225543015,24829.62274456986,24386.58406928769,24215.34634416342,24542.77,24870.19365583658,2.668188275704666,0.6324430878068367,90.74768973269973,24542.77,24266.3725,23540.0575,24512.04851720252,24214.007072779023,23713.04366849908,88.31084414161758,88.69499967258623,324.01786492630686,6.510091203549551,86.11765598884165,0
1676514240,0.6926152601203142,0.7228848456257188,0.7075190640378705,0.7248028640055243,-0.06332905177908922,0.007059743083330754,0.5537579148887728,603.7907583401575,86.28373852338007,517.5070198167774,24622.3,24677.2,24574.6,24724.9,24519.7,24779.8,24472.0,24516.876333391287,24634.995000000003,24753.11366660872,0.9589501975439084,0.7457486257964275,91.14188163523308,24634.995000000003,24388.405,23636.84625,24572.382344801685,24301.1057868192,23806.3776048325,88.07580578795837,88.13547646655941,311.011313117774,5.198906390289158,85.02935669522572,0
1676516700,0.7091323825548642,0.7307192361033612,0.7110373337868493,0.7414662140115305,-0.4221877055971829,-0.37051418435788536,0.5562868482124056,601.0005194260775,66.7947996874401,534.2057197386374,24678.307953464388,24756.64204653562,24614.715906928774,24820.234093071234,24536.38181385754,24898.568186142467,24472.789767321927,24585.53788479304,24669.875,24754.21211520696,0.6837255171091011,0.7682686020796334,91.28084544988418,24669.875,24467.43,23736.475,24619.96322986779,24376.38200739753,23892.92497580084,89.65313570244496,88.67992854400698,296.32393859532084,3.303047560332081,82.61145211591429,0
1676519160,0.7213083331190023,0.7255288415060558,0.7103688625345428,0.7382752219329616,-0.15268504565991342,-0.08732050416980797,0.5578031186901179,590.7987593717262,45.27443170647098,545.5243276652552,24704.51231006552,24762.512689934472,24657.12462013104,24809.900379868952,24599.12424026209,24867.900759737902,24551.73655032761,24585.70139237034,24669.55,24753.398607629657,0.6797741152932067,0.684558819012837,90.27046306911464,24669.55,24525.16,23836.24875,24646.80881991186,24435.312551507064,23969.83688286742,90.60751439472632,89.44548529504323,283.18651440994086,2.393131922796309,75.97573221141569,1
1676521620,0.7248009825030941,0.7113151455318967,0.6977382741357083,0.730254712236036,-0.2852654593681887,-0.22758122840275122,0.552949969199765,572.8783062308903,21.88318285250807,550.9951233783822,24696.033333333336,24754.466666666674,24642.06666666668,24808.43333333333,24583.63333333333,24866.86666666668,24529.66666666667,24618.039393887742,24679.725,24741.41060611225,0.4998889259280853,0.3437642003150453,87.41686586238382,24679.725,24571.885,23932.84625,24651.35587994124,24476.246633051232,24035.60956068957,89.68564051222972,89.98209686980033,270.02319195208776,1.93132781112048,62.37440607245557,0
1676524080,0.7194401070437576,0.7090881557132233,0.6965772451185455,0.7271396035591046,-0.4551004436726741,-0.4062211344368484,0.4985385607461869,551.8089676592317,0.6510754246795614,551.1578922345522,24663.25,24711.3,24612.4,24762.15,24564.35,24810.2,24513.500000000004,24637.6291739235,24684.66,24731.69082607649,0.3810530594830779,0.1759040554549082,86.95306899710755,24684.66,24613.715,24025.7575,24652.295586627493,24508.597245223733,24094.52055490961,87.70201620888197,89.33172370527934,258.1858210983672,1.7259537772001188,55.05315351133978,1
1676526540,0.7156461192279494,0.7219887262166121,0.7032619576416053,0.7396358441136912,-0.387760218428964,-0.33494471164322215,0.4775928123484894,531.9129449303327,-15.395957843375529,547.3089027737083,24657.158333333336,24707.81666666668,24603.51666666668,24761.458333333336,24552.858333333337,24812.116666666672,24499.216666666674,24637.44222443017,24684.155,24730.86777556984,0.3784838943835115,0.5681826322916355,87.37106737081692,24684.155,24659.575,24118.75,24665.03872441833,24541.675018819416,24151.282883013457,85.65822980275247,87.68196217462139,246.05826244848365,1.892544649259199,58.97347050579842,0
1676529000,0.7201997302015128,0.6871909012411721,0.7025231209943202,0.6560291916926069,0.42907967189258744,0.5172664494084178,0.4673945659551529,502.4415545309894,-35.893878594175135,538.3354331251645,24687.24166666667,24733.083333333336,24644.68333333333,24775.641666666663,24598.84166666667,24821.483333333334,24556.28333333334,24583.91459779905,24659.625,24735.335402200948,0.6140434187539187,0.0565338576476309,79.93205828771313,24659.625,24664.75,24209.151250000003,24640.85081627889,24550.911379034063,24193.30117986932,80.06305818658696,84.47443473274048,251.32552941644903,0.21087396562245,13.084566756505644,1
1676531460,0.7050767610355345,0.6752929197796573,0.6699386488385329,0.6933030782751968,-0.11160243214966817,-0.04858060752190523,0.4628339075880315,470.9512451921182,-53.907350346437056,524.8585955385553,24576.025000000005,24744.15000000001,24424.35000000001,24895.825000000004,24256.22500000001,25063.950000000008,24104.55000000001,24534.88890082857,24631.315,24727.74109917143,0.7829553490865813,0.1247644537017791,77.50227375279295,24631.315,24650.432500000003,24297.25875,24613.550544185924,24552.372946482414,24228.124877024624,72.02305527027296,79.24811441987082,242.1654881748685,-0.5796060055561992,-5.028192215182787,1
1676533920,0.6915659909325687,0.6917602229806803,0.6713160683208776,0.711743089408755,-0.3587977364837618,-0.30661732601452363,0.4562177796137538,444.6138091552057,-64.19582910667975,508.8096382618854,24568.678317344773,24625.356634689542,24502.271682655224,24691.76326937909,24445.59336531045,24748.441586723868,24379.186730620902,24527.168755571183,24620.295,24713.421244428813,0.7564998260891267,0.4197594615155797,78.4774312161887,24620.295,24650.01,24382.92125,24610.817029457285,24562.005138031065,24264.05107921276,64.56475038553116,72.21695461413037,230.58581044809213,-0.017168114443284,-2.094649062324152,0
1676536380,0.6930446654821838,0.69173360557249,0.6769452999192438,0.7092366801284655,-0.5200863656426407,-0.4757093268589067,0.4469900111568137,418.9062588795023,-71.92270350590655,490.8289623854088,24602.61666666667,24641.733333333337,24566.233333333337,24678.11666666667,24527.11666666667,24717.233333333337,24490.733333333337,24523.61217725291,24610.515,24697.417822747087,0.7062251460165548,0.4698513820704774,78.47151047469767,24610.515,24647.5875,24456.98,24608.96968630486,24569.87238566178,24296.548595478205,60.675136066141,65.75431390731505,221.1511097017998,-0.0983576605290344,-37.87237010802679,1
1676538840,0.693770693393417,0.69066003677544,0.6696272988413681,0.7142853045359052,-0.664212991854828,-0.6268200382157857,0.43568540387038224,393.7498447446415,-77.66329411261393,471.4131388572554,24605.591666666664,24654.683333333327,24556.183333333327,24704.091666666664,24507.091666666664,24753.183333333327,24457.683333333327,24557.66521911696,24592.86,24628.05478088304,0.2862195034090459,0.6334004611536609,78.21519710300566,24592.86,24638.5075,24513.45625,24606.729790869907,24575.75922463237,24325.66301495647,55.21857976509788,60.15282207225669,209.89745900881425,-0.3677148023431665,-58.93856644158144,1
1676541300,0.6935968963513304,0.6949454394942411,0.6754324439271832,0.7091650684347427,0.4174000009140576,0.5084741848662906,0.45343435639336055,370.5164736162478,-80.71733219280605,451.2338058090539,24602.35,24634.10000000001,24570.500000000004,24665.950000000004,24538.75,24697.700000000008,24506.9,24558.10502841654,24597.230000000003,24636.354971583467,0.3181250212602294,0.7184666123466624,78.51684736660297,24597.230000000003,24628.4275,24547.92875,24609.261527246606,24582.771183790115,24353.154632579663,54.62139203403249,56.8383692884238,201.6476405081848,-0.407847421366468,-44.757855756148665,1
1676543760,0.6956528053665652,0.6860729700971391,0.6700494912112458,0.7055128720548921,-0.5491882816610827,-0.5063402986205845,0.42116683165415403,346.0969780186024,-84.10946223236124,430.2064402509636,24607.108333333334,24657.916666666668,24563.516666666663,24701.50833333333,24512.70833333333,24752.31666666667,24469.116666666665,24587.15429099361,24603.305,24619.45570900639,0.1312889386721797,0.0672016629590361,76.16534699422877,24603.305,24617.31,24571.235,24602.616018164408,24583.962786737367,24375.647048524457,52.51849247426682,54.11948809113241,193.62280904331465,-0.4500921033986989,-68.98925767165505,0
1676546220,0.6922443053477283,0.6738733246761208,0.6572178939028371,0.6920140677881913,-0.36392107365030685,-0.3133601011614703,0.4097481097642271,320.2786042253683,-87.94226882047627,408.2208730458446,24590.275000000005,24634.45000000001,24545.15000000001,24679.575000000008,24500.975,24723.75000000001,24455.85000000001,24551.732362081864,24593.225,24634.71763791814,0.337431450475795,0.0387736003250099,72.93103467466285,24593.225,24606.76,24589.3225,24586.72734544294,24578.6877346033,24392.72352009356,51.831395348837326,52.99042661904556,186.2589420491876,-0.4278105225168235,-108.59892401143648,1
1676548680,0.6844399303644327,0.6665978997704961,0.6494814524917739,0.6720702110864591,-0.30391739418432623,-0.2515234103027621,0.38528410017665154,294.76530733066465,-90.76445257214402,385.5297599028087,24554.092890375177,24599.78578075036,24509.257109624818,24644.62156150072,24463.56421924964,24690.31445187589,24418.72843849928,24519.339914589807,24579.06,24638.780085410195,0.4859427936641503,0.1265075669802548,70.99484811095817,24579.06,24594.7875,24604.25125,24569.30156362863,24570.64451012997,24406.221280084646,44.09156976744197,49.48048586351538,181.8289701573005,-0.4856175475350465,-137.65663849720596,1
1676551140,0.6768998501610907,0.6766060452504289,0.6612186341413081,0.7025409867654063,-0.35578139724060603,-0.30397617759441153,0.34482818381922153,273.66668090511666,-89.49046319815363,363.1571441032703,24521.36311185425,24590.026223708508,24465.78688814574,24645.602447417023,24397.12377629149,24714.26555927128,24341.54755258297,24515.455239055937,24571.140000000003,24626.82476094407,0.4532533772878792,0.4237672941747067,72.0924296308423,24571.140000000003,24582.0,24620.7875,24567.08437575242,24569.19096283361,24421.11925340992,41.59006501113722,45.83767670913885,174.2590437174932,-0.5179112230298869,-62.96009579367236,1
1676553600,0.6781341307652611,0.6526060155312645,0.6814486851979364,0.6363717817657647,1.3740085225240686,1.5002515757367223,0.3771607135641843,248.62312252720585,-91.62721726085158,340.25033978805743,24570.25,24602.7,24530.2,24642.75,24497.75,24675.2,24457.7,24484.30037312441,24547.28,24610.2596268756,0.5131291684911428,0.0851436203074022,65.6744149268035,24547.28,24572.255,24618.5025,24543.06458383495,24555.70624231841,24428.157895942302,39.90517059220361,41.86226845692761,184.2976834519579,-0.3962594248850394,-152.95066655548737,1
1676556060,0.6667506615732851,0.6167789841057613,0.6319461608252178,0.6144944093335243,0.6813305672607708,0.7697354926146878,0.3576625791722484,218.11579761542816,-97.70763373810344,315.8234313535316,24505.275000000005,24657.55000000001,24342.75000000001,24820.075000000004,24190.47500000001,24972.35000000001,24027.95000000001,24384.820051448944,24508.230000000003,24631.639948551063,1.0070898514585478,0.0374967685333246,57.45199110349101,24508.230000000003,24555.7675,24603.1,24493.4013892233,24526.318743715063,24424.91190585256,35.420224602623385,38.97182006865475,187.9334679871997,-0.6713438481694046,-243.76563407585704,0
1676558520,0.643144523599468,0.6449402019721678,0.6628722209233284,0.6233026476613982,1.0653294460079579,1.1774131039634974,0.3785618405402801,198.0583117430652,-94.21209568837315,292.2704074314383,24404.357888981784,24516.81577796357,24281.617111018222,24639.556555927127,24169.15922203644,24752.01444490891,24046.41844407288,24376.21196269923,24491.925,24607.638037300767,0.94490765671353,0.4200608659510416,61.52917616207053,24491.925,24542.575,24596.292500000003,24486.74259281553,24516.701699403235,24429.532200533267,34.15963023272493,36.495008475850646,195.83107741668547,-0.5361638830579352,-122.7407269198562,1
1676560980,0.6454227612795312,0.7848767893032791,0.8670022317590812,0.6771925657251734,3.1574284602511367,3.43488360017184,0.4613010063730147,211.5408135610924,-64.58367509627675,276.1244886573691,24468.30833333333,24620.11666666667,24321.61666666667,24766.80833333333,24169.80833333333,24918.61666666667,24023.11666666667,24231.23956192156,24558.58,24885.92043807845,2.6657928762855883,0.9722071642213492,74.56974283704635,24558.58,24568.82,24608.20375,24613.73672854369,24580.524117693552,24471.264848101528,42.8444327191492,37.474762518165846,233.8570064057554,1.0666411978732084,302.35225876974954,0
1676563440,0.7165336409108212,0.8226912538737343,0.8873378309081786,0.7225206493139992,4.5851235066903335,4.9498272142912905,0.5823577211266323,228.19302081383285,-38.34517427482899,266.53819508866184,24843.31030557878,25219.614694421223,24491.42061115756,25571.504388842444,24115.116222315115,25947.808777684888,23763.22652789389,24173.71044266717,24640.905,25108.09955733283,3.792024337846604,0.8567785569925949,76.85307762228457,24640.905,24606.0225,24622.265,24733.916152362464,24652.115187203817,24519.170576853765,58.73324038128013,45.24576777771809,264.2529345196302,1.5121584407930229,261.99478412640985,1
1676565900,0.7709972499182192,0.7875562750612054,0.8018438760079928,0.7856463573304334,0.3817194760848512,0.48654258518771304,0.5908911029055349,230.7416957746609,-28.637199451200782,259.3788952258617,24940.291666666668,25286.983333333337,24627.583333333336,25599.69166666667,24280.891666666663,25946.38333333334,23968.18333333333,24245.72787599137,24716.955,25188.182124008632,3.812986866777321,0.6679869344671893,70.51755413266223,24716.955,24632.1175,24630.2725,24781.035768241643,24692.689698621303,24553.08528382008,65.14829051283145,55.57532120442028,262.52772491108504,1.0601550113602576,152.9475001890461,0
1676568360,0.780660694497154,0.7883193074293567,0.7835488733133028,0.8036566983016561,-0.39574580672080295,-0.33775067997565483,0.5968634671868439,230.2804958633424,-23.27871949001548,253.55921535335784,24885.05833333333,25000.216666666667,24760.11666666667,25125.158333333333,24644.958333333336,25240.316666666666,24520.01666666667,24464.52050561261,24813.625000000004,25162.7294943874,2.813812930495992,0.5913766522999871,70.5742871892363,24813.625000000004,24660.9275,24639.11875,24813.165512161097,24726.27793523561,24583.97478059912,64.20681163944104,62.69611417785088,253.61860170315035,1.1716466393445062,115.12638517690382,1
1676570820,0.7858739518758961,0.8094269121250649,0.8070509152364812,0.818887183352512,0.46474027007757557,0.5768140794652877,0.6261870300636072,232.0393221907907,-17.215914530053738,249.25523672084444,24885.20833333333,24950.216666666664,24812.416666666664,25023.00833333333,24747.408333333333,25088.016666666663,24674.616666666665,24822.2186064235,24906.32,24990.4213935765,0.6753417893651122,0.6818043595923623,72.16969360597285,24906.32,24699.1225,24652.941250000003,24854.410341440733,24764.572856101862,24617.58670625634,62.91055387923572,64.08855201050274,247.07896534606647,1.555490848077478,110.28885720551364,0
1676573280,0.7990349058837056,0.8073152644085541,0.7983256062590139,0.808955963637125,-0.43384077309775937,-0.37728801275104207,0.6250542103225164,230.2983533910337,-15.16550666384856,245.4638600548823,24941.47876909867,25020.22123090132,24858.15753819734,25103.542461802648,24779.415076394693,25182.284923605297,24696.093845493364,24843.28732428574,24918.965000000004,24994.64267571427,0.6073902003094045,0.5791845143688641,71.75057501373857,24918.965000000004,24738.772500000003,24666.78,24879.92356096049,24794.823245901523,24647.430829470024,64.84150105781579,63.98628885883087,241.21618210706183,1.6160949195926544,84.70371542680375,1
1676575740,0.8045595067103131,0.7763148563350745,0.768631409577632,0.7791296932016806,-0.2501170208819393,-0.18501219952714826,0.5805930908604192,219.3417726688167,-20.89766990885249,240.2394425776692,24921.983333333334,25008.966666666667,24843.966666666667,25086.983333333334,24756.983333333334,25173.966666666667,24678.966666666667,24821.47520057133,24892.83,24964.184799428665,0.5732960007252182,0.1550337160626423,65.71680015614591,24892.83,24766.8675,24674.433750000004,24867.815707307,24803.6917466467,24666.11360761573,63.668366108278654,63.80680701511006,236.7900262422717,1.1438098087950488,46.693205126255926,0
1676578200,0.7918208350081811,0.7059206841384575,0.755927654682398,0.657747872341948,1.1629166387324572,1.2871572157462698,0.6163815672204817,192.43514363951545,-38.24343915052302,230.6785827900385,24836.966666666664,24922.233333333326,24758.33333333333,25000.86666666666,24673.066666666666,25086.133333333324,24594.43333333333,24633.71514569596,24846.825,25059.934854304043,1.7153890229761148,0.0270631650087496,54.50759721627163,24846.825,24781.890000000003,24677.0725,24793.627138204665,24774.884156347296,24664.12659736662,53.55322026844229,60.68769581151225,253.2187413972524,0.6132878002778055,-22.75740531432472,0
1676580660,0.7502526689442173,0.6488352160374956,0.7147213207981943,0.6405252600016724,0.5863234439800648,0.6795941607886871,0.6481111847842401,156.3301192588442,-59.47877082495541,215.8088900837996,24645.814012804,24878.928025608,24412.135987196,25112.606051216,24179.021974392,25345.72006402,23945.343948784,24414.619600676888,24768.22,25121.820399323115,2.855275020353609,0.0986712677031646,47.44078241535826,24768.22,24790.9225,24673.345,24690.55142546978,24722.06885519324,24647.0097785698,38.06575798564133,51.76244812078744,263.5439040978775,0.3702743391581797,-61.16414435734146,0
1676583120,0.7009244374890183,0.6395457405787275,0.6658224693999285,0.6509447614383052,-0.18648697765471992,-0.12930948533512898,0.65602810138456,124.1731329861359,-73.30860567813099,197.48173866426689,24537.12367306867,24709.64734613734,24311.87632693133,24934.89469227468,24139.352653862665,25107.418365343343,23914.10530772533,24295.009639742624,24672.485,25049.960360257377,3.0598892673954525,0.2161933962339796,46.38685213536436,24672.485,24789.402500000004,24665.98875,24613.10928364652,24674.097245158104,24629.030275848865,24.69999653175167,38.772991595278434,261.1254473482432,-0.062108184694232,-75.81302746537914,1
1676585580,0.6716153538722213,0.5735345682642791,0.636768508166821,0.5099771423454531,1.1314005884076277,1.2178964729575945,0.7031312250801092,82.72622769571171,-91.80440877484416,174.53063647055586,24491.77016986767,24589.840339735336,24360.15483013234,24721.455679470662,24262.08466026467,24819.525849338334,24130.46932052934,24156.313418451075,24540.74,24925.16658154893,3.1329665001864413,0.1507590618238395,39.6465896143412,24540.74,24729.8525,24649.33625,24499.48118909768,24601.029564220265,24595.04882100612,19.68689420699847,27.48421624146384,281.1025764520473,-2.39467020002835,-131.57123462216927,1
1676588040,0.6239535903869929,0.4668431237641122,0.589521618884764,0.4416953923809956,1.3047528756782694,1.3762871944208375,0.753216621896659,25.32935058559815,-119.36102870796616,144.69037929356432,24271.01008493384,24542.02016986767,24001.214915066168,24811.81533973533,23730.20483013233,25082.82542466917,23460.409660264668,23906.036529883448,24366.34,24826.64347011656,3.7781913091301567,0.0712176578855137,31.643417979446653,24366.34,24629.585,24617.803750000003,24323.52079273179,24486.587825271126,24535.67274281506,16.75783236976684,20.38157436950567,303.6820443769548,-4.014831261367959,-163.2467272049377,0
1676590500,0.5467743429637483,0.35552025023865763,0.5130141820793952,0.27494756354802335,3.5480631330275014,3.5984435722580046,0.8662929030599342,-44.95087336774668,-151.7130021290488,106.76212876130212,24062.47170913358,24315.64341826716,23718.42829086641,24659.686836534333,23465.25658173283,24912.85854566792,23121.21316346565,23540.25874265274,24168.875,24797.49125734726,5.201866097178798,0.0935914844485632,25.7928819065049,24168.875,24507.85,24569.983750000003,24101.65552848786,24335.92185704001,24452.077719689813,16.476594432868705,17.640440336544682,342.3802957571989,-4.89381524425359,-197.5258897026341,0
1676592960,0.4525205243086894,0.3555823575244371,0.41958080050116603,0.3550094371298419,0.283025206834193,0.3173561935913126,0.8883556755842474,-99.48750611332798,-164.9997078997041,65.51220178637611,23730.194187900124,24116.78837580025,23271.33081209988,24575.651751600497,22884.73662419975,24962.245939500623,22425.873248399505,23359.42326720515,24003.615,24647.806732794845,5.3674559669020425,0.2318228545863423,25.80112428253273,24003.615,24385.9175,24523.4225,23953.80368565857,24212.68151939637,24376.46079400507,14.725022708341989,15.986483170325856,343.3739376209837,-4.901331227006027,-156.06215645913343,1
1676595420,0.4054246701628437,0.3752792395860064,0.37289489457235353,0.38401217308747715,-0.30024144659544644,-0.2708546047473132,0.9014535501387209,-136.6545260010207,-161.73338222991745,25.078856228896747,23716.26376061673,23865.32752123346,23509.03623938328,24072.55504246692,23359.972478766544,24221.61880308365,23152.744957533087,23376.967146662228,23854.69,24332.41285333777,4.005274043282651,0.3523306986318244,28.51302265359536,23854.69,24263.5875,24481.355,23873.73579043905,24121.939424960667,24313.33119457601,17.436978457456068,16.212865199555594,329.03263071413414,-4.90558168818098,-123.09014675472714,0
1676597880,0.39172567213865433,0.3958190062403005,0.39344312354652883,0.4053882636636604,0.08958970684693068,0.1265326941158108,0.9224927994896719,-159.5998603745575,-147.74297328276336,-11.856887091794096,23717.53188030836,23786.86376061672,23644.26811969163,23860.12752123345,23574.93623938327,23929.45940154181,23501.67247876654,23521.79455407001,23754.54,23987.285445929992,1.9595870593999425,0.536380948147728,31.331511233204733,23754.54,24147.64,24443.20625,23839.648860292706,24058.21862042236,24261.72584271164,20.433176269495377,17.531725811764485,315.623157091696,-4.650745358680685,-93.50564804933464,0
1676600340,0.3951465653553056,0.4061643055573234,0.39372458512644687,0.42470065211354296,-0.5000955877300044,-0.47074938545653344,0.9268568653800138,-173.43281624699011,-129.2607433241568,-44.17207292283331,23776.19166666667,23844.483333333337,23703.18333333333,23917.49166666667,23634.89166666667,23985.783333333336,23561.88333333334,23604.15430587546,23720.345,23836.535694124534,0.979671198918364,0.8454665651362594,32.769280974878455,23720.345,24043.3425,24405.105000000003,23826.6409068618,24011.383416709203,24217.81147673909,24.004279207775976,20.62481131157581,299.376045140055,-4.198163712183414,-76.34427166105546,1
1676602800,0.4020299179414755,0.4138656089940093,0.4150804825027487,0.4243653625001378,-0.4996054620155525,-0.4697385073255984,0.9288063895692025,-180.5631057054852,-109.11282622612153,-71.4502794793637,23804.153803410427,23846.471196589577,23758.30760682085,23892.31739317915,23715.990213641704,23934.6347863583,23670.14401705213,23633.31323660228,23753.225,23873.13676339772,1.0096461713954388,0.7881285290201764,33.87916107103767,23753.225,23961.05,24371.47,23825.2022712412,23977.009159125708,24180.14609800204,27.036739630422748,23.82473170256471,288.6920419157653,-3.339081567441999,-62.6488671388271,1
1676605260,0.40932243676352154,0.415409418669106,0.40438494246585255,0.43582323349574675,-0.488170940352652,-0.4584829115861077,0.9327712689974225,-183.74480706805844,-89.8356220709558,-93.90918499710264,23831.30833333333,23901.716666666667,23751.916666666668,23981.108333333334,23681.50833333333,24051.516666666663,23602.11666666667,23703.81999277454,23786.94,23870.060007225464,0.6988709537709469,0.7390218752761903,34.11397067110464,23786.94,23895.2775,24343.1,23825.693180827468,23949.67567564831,24146.48218390661,28.27459968059456,26.43853950626444,274.3140389217819,-2.6863022986064533,-54.23144365681449,1
1676607720,0.4137406392621527,0.39921716201939256,0.3827475835096326,0.4112604225489092,-0.5214330253806018,-0.4934138758626255,0.9287265965762944,-187.78323626018027,-75.0992410104621,-112.68399524971818,23833.291666666668,23873.68333333333,23786.283333333336,23920.691666666666,23745.89166666667,23961.08333333333,23698.88333333334,23756.77493842446,23800.43,23844.08506157554,0.3668426291083014,0.2780326117916207,32.798358431528506,23800.43,23827.56,24308.48125,23810.812120551647,23919.01646189407,24111.67911877265,28.488985200691445,27.933441503902927,262.03267899879773,-2.7687005087245526,-57.72721413394844,0
1676610180,0.4078532110006855,0.39132066425596934,0.3753022960550541,0.40166445559008696,-0.6145052088407579,-0.5883409157245405,0.927536818126508,-190.5821966100229,-62.3185610882438,-128.26363552177915,23774.716666666664,23825.133333333328,23730.633333333328,23869.216666666664,23680.216666666664,23919.633333333328,23636.133333333328,23746.94609028484,23797.895,23848.84390971516,0.4281799689859962,0.1163313384077348,32.14725299325046,23797.895,23776.2175,24253.035,23793.47474703444,23889.886196095147,24078.071583651443,28.00830313534489,28.25729600554364,250.46878858027333,-2.1152778535960315,-56.27787519106744,0
1676612640,0.4009610523414064,0.37959125971299906,0.3684701305354075,0.39668744287636876,-0.6180259982052906,-0.5922612377194499,0.9166173413257062,-193.2397046150545,-51.98085527462027,-141.25884934043424,23751.31273771315,23805.1254754263,23704.98726228684,23851.450950852606,23651.174524573693,23905.26368856576,23604.849049147386,23706.39061086642,23782.92,23859.449389133584,0.643565963587165,0.1264833637949764,31.157806700511284,23782.92,23751.6325,24190.60875,23770.89983135629,23860.043251350573,24044.51714711321,27.265347333303364,27.92087855644657,239.3366684366632,-1.0255886131922716,-57.256063976214,0
1676615100,0.3916499801277914,0.3657235900453264,0.3592401070153955,0.3720530202358097,-0.5752872507495435,-0.5498463215433022,0.9155832312193718,-196.2367299225297,-43.98230446567641,-152.25442545685337,23729.18970218991,23774.77940437982,23680.16029781009,23823.80880875964,23634.57059562018,23869.39851094955,23585.54119124036,23660.49636641857,23755.79,23851.08363358143,0.8022771171274892,0.1373577257868882,29.98281976466924,23755.79,23754.5075,24131.17875,23742.82488757086,23828.52175110501,24010.436942626235,26.92522011201632,27.399623526888195,232.04008878296327,0.1215237600085383,-70.99472541809281,0
1676617560,0.38006026559613365,0.3788193548754514,0.36944852385849286,0.4017002614369477,-0.5981185160558535,-0.571704434147129,0.9087113437895005,-193.4049209192999,-32.92039636995722,-160.4845245493427,23684.48651776162,23754.17303552324,23616.988482238376,23821.671071046483,23547.30196447676,23891.357588808103,23479.80392895351,23670.434867335072,23735.17,23799.905132664924,0.5454785675849461,0.4104427571036724,32.56887976404882,23735.17,23761.055,24073.48625,23736.408258380576,23809.440523631376,23983.11675761421,28.493670365370168,27.56141260356329,222.20329672703733,0.2767551071303367,-51.579517716615456,1
1676620020,0.3808136152113535,0.35960158616132515,0.3494647516842933,0.3620989948083747,-0.4292360180327759,-0.40303823282063367,0.9150407729022452,-193.301880578656,-26.25388482345062,-167.04799575520536,23734.05833333333,23770.51666666667,23687.11666666667,23817.458333333336,23650.658333333333,23853.91666666667,23603.716666666667,23649.829451116097,23712.845,23775.8605488839,0.5314887259112175,0.1554818551212278,30.77267435725908,23712.845,23756.6375,24010.1125,23714.08050558705,23783.9831556984,23953.241352127145,29.73321098448472,28.384033820623745,216.1316326751061,-0.1862855070508032,-115.41557770673889,1
1676622480,0.371580929514661,0.37359347040055674,0.3971724894804459,0.3447689649275156,0.4488138638735268,0.48543696446463785,0.9349954760372396,-187.87326628808296,-16.66021642630207,-171.2130498617809,23660.20833333333,23733.416666666664,23596.216666666664,23797.408333333333,23523.00833333333,23870.616666666665,23459.016666666663,23659.32297269669,23702.855,23746.38702730332,0.3673146319573229,0.5688573490757528,33.64215548873738,23702.855,23750.375,23949.0075,23712.3370037247,23770.32258193505,23929.96598525789,35.19795505007142,31.14161213330878,223.6365160554558,-0.2634459998801084,-69.23411303659249,1
1676624940,0.37396087545453505,0.39485190707601675,0.379158948365674,0.40332740339336626,-0.49029373266290904,-0.4622351228827274,0.9136785067824691,-176.70072499161324,-4.390140103865889,-172.31058488774735,23702.416666666668,23866.233333333337,23545.033333333336,24023.61666666667,23381.216666666667,24187.43333333333,23223.833333333336,23643.23789509852,23711.455,23779.67210490148,0.5753936643826875,0.9199459950898784,37.85678442472674,23711.455,23747.1875,23895.265,23731.14133581647,23770.036657946857,23914.6120819,44.550490196281686,36.49388541027928,215.2664544029016,-0.1339250544891153,18.486713319434312,1
1676627400,0.38578059346986326,0.3816230552049352,0.365648792529596,0.3946107037584149,-0.42607368055919215,-0.39807658448831706,0.8172515562127519,-168.907130243766,2.722763715185067,-171.62989395895107,23759.83144902677,23817.51855097323,23711.062898053533,23866.287101946466,23653.37579610707,23923.974203892925,23604.60724513384,23655.90260893332,23720.415,23784.92739106669,0.5439398178040983,0.5857199664833744,36.31123257808806,23720.415,23738.1025,23849.57625,23731.25255721098,23763.025447411062,23897.17045505238,51.61058310848468,43.78634278494594,206.49027908840864,-0.381364959129733,-36.351310142387696,0
1676629860,0.3850756987785785,0.38842823923251446,0.3705040047831865,0.41151106347693844,-0.655422758639473,-0.6295541187126602,0.7288779864784378,-159.34654028184377,9.826682941685846,-169.17322322352962,23726.49166666667,23775.18333333333,23682.783333333336,23818.89166666667,23634.091666666667,23867.58333333334,23590.38333333333,23656.780051403763,23725.83,23794.87994859624,0.5820656103178307,0.6797249708695402,37.719846367227134,23725.83,23730.5,23812.88875,23737.718371473988,23760.7753660636,23883.216125999774,56.20588654563104,50.78898661679914,195.9552591535223,-0.3190751542126689,2.9577066833191954,1
1676632320,0.3881260120547275,0.40003342920392454,0.38950266142767226,0.4163090469563502,-0.44013461935681697,-0.41049168377685086,0.638105073489864,-147.43158757342462,17.39330852008402,-164.82489609350864,23753.216666666664,23781.433333333327,23722.433333333327,23812.216666666664,23694.216666666664,23840.433333333327,23663.433333333327,23695.767184518667,23748.615,23801.46281548133,0.4450601896685853,0.8286323160535465,40.15084211319345,23748.615,23730.73,23779.145,23752.92891431599,23764.87984496112,23873.705066380742,58.19896085281724,55.33847683564432,189.07274064255628,0.0096715662260313,57.7723185069697,0
1676634780,0.39545405121340604,0.40728223670135894,0.3882360843180404,0.42501086017161893,-0.5918578437392586,-0.5644155341016914,0.5742649574016073,-134.78703388365466,24.030289767883176,-158.81732365153783,23786.58333333333,23834.766666666663,23735.166666666664,23886.18333333333,23686.983333333334,23934.36666666666,23635.566666666666,23717.397739083244,23767.6,23817.80226091676,0.4224428290340994,0.8602925380192389,41.68205553604801,23767.6,23735.2275,23755.7225,23769.877609544,23771.951691331826,23867.04506005877,64.6757144136882,59.693520604045496,180.6887754757653,0.189298281057975,81.86295958520503,0
1676637240,0.4027426541408594,0.4253643293326544,0.41465829013287103,0.43236398975676416,-0.3614319777966623,-0.3288533749457535,0.5562273260522196,-119.27991023629876,31.62993073219127,-150.90984096849002,23800.29259056417,23837.88240943583,23766.18518112835,23871.98981887165,23728.59536225669,23909.579637743314,23694.487952820866,23698.718583943344,23784.795,23870.87141605666,0.7237936341823232,0.9062088270146312,45.43246612964296,23784.795,23748.125,23749.87875,23798.16007302933,23787.001383816947,23865.871721005555,74.09054756079335,65.65507427576627,176.80108538133507,0.5436076836348631,157.35466919010904,0
1676639700,0.4154284499295028,0.41113288841970125,0.40301281726375154,0.40961335359329093,0.9632817905858478,1.0132873384404675,0.5783702535710441,-108.9699995697265,33.55187311901082,-142.52187268873732,23849.15462861542,23915.07037138458,23788.80925723084,23975.41574276916,23722.89351446168,24041.33148553832,23662.548143077096,23732.574676826007,23801.425,23870.27532317399,0.5785395048741188,0.5958601164924301,43.08403490824124,23801.425,23760.92,23757.71375,23803.64838201956,23792.023859486595,23860.991080909786,76.97221413314463,71.91282536920873,175.3652935683826,0.5401771249025062,90.74604199628295,1
1676642160,0.4146552747633899,0.47865238053165715,0.5351238463379071,0.4209280012014543,1.9907842011488193,2.0727892104846766,0.6204293226067017,-84.47397269911016,46.43831999170175,-130.9122926908119,23803.575,23887.45,23730.75,23960.275,23646.875,24044.15,23574.05,23692.73770734056,23852.27,24011.80229265944,1.3376696864444189,0.9782887447301136,54.975284341179496,23852.27,23789.05,23775.0525,23870.723921346373,23830.72406685267,23874.69431129933,75.00696872531569,75.35657680641789,198.59634402778403,1.185740344783614,270.9049558113948,1
1676644620,0.44803010612666194,0.4928305866282285,0.5306908264541931,0.4029534660770924,2.7814379888277254,2.8883878404001906,0.6935138423936562,-61.13236791216696,55.823939822915975,-116.95630773508292,24002.691666666666,24254.08333333333,23753.48333333333,24503.291666666668,23502.091666666664,24754.68333333333,23252.883333333328,23703.63353506434,23904.565,24105.49646493566,1.681113753257256,0.8490244796774721,57.00657570913773,23904.565,23826.59,23791.61375,23928.757614230915,23869.651509243093,23890.89723403273,70.25282519066569,74.07733601637534,222.85374802579952,1.5860123344779244,185.6541792179169,1
1676647080,0.47180697614157546,0.5143019625692183,0.5450101843325372,0.5020397444159498,1.3623656970971152,1.4526663311574621,0.7157769766220142,-37.32190982653265,63.70751832684023,-101.02942815337288,23995.075,24289.05,23750.849999999995,24533.275,23456.875,24827.25,23212.65,23741.40009760332,23964.875,24188.34990239668,1.8650203883532013,0.8142411037967355,59.95312146222237,23964.875,23866.2375,23808.30625,23987.61340948728,23912.50123483525,23911.318926029613,70.92599672720551,72.06193021439564,228.5190433192855,1.672265841658293,200.6903080103993,1
1676649540,0.49443163110305155,0.515020632590383,0.5597869172782484,0.4813682707032914,1.0900578997878116,1.171289098613143,0.7458731166961828,-18.08013315173229,66.35943600131246,-84.43956915304476,24121.0523726218,24264.2726273782,23962.1047452436,24423.2202547564,23818.884490487195,24566.4405095128,23659.936863109,23800.31208308876,24015.4,24230.487916911246,1.7912499222269458,0.7137498036162111,60.05180906635273,24015.4,23900.0975,23823.6425,24027.525606324853,23947.928283047026,23929.98855212203,73.33649520046153,71.50510570611091,240.90339736790804,1.4245595582434858,146.98890319121497,1
1676652000,0.5061033114004327,0.5616365868027644,0.6177328200439302,0.5185705455921599,1.324512230341942,1.4255428759979847,0.7716548166950682,7.679436985523353,73.69520491085449,-66.01576792533113,24116.483333333334,24312.86666666667,23910.966666666667,24518.38333333333,23714.58333333333,24714.76666666667,23509.066666666666,23941.68958689143,24100.215,24258.74041310857,1.3155518580109864,0.9367911657960944,65.91860555814208,24100.215,23950.82,23844.46125,24097.917070883235,24000.795867947563,23959.389642396123,74.29415648755449,72.85221613840719,256.74601184162896,2.1373513445750936,159.18772257643147,1
1676654460,0.5352482836311202,0.6076314681573486,0.6284635427783156,0.5660427035104247,0.9968841289061108,1.099312776946686,0.7883503672705627,38.11238296786905,83.30252071456015,-45.19013774669109,24249.8,24475.6,24012.9,24712.5,23787.1,24938.3,23550.2,23940.04435587416,24172.9,24405.75564412585,1.92658426689266,0.9195732526337146,70.51909763370575,24172.9,24012.585,23871.5425,24188.04471392216,24067.614801048003,23998.333485977444,77.07567059358693,74.90210742720099,264.16542958628617,2.600560405715218,155.349645477852,1
1676656920,0.5728193500116121,0.5901881933226429,0.5915920758090176,0.5926170369012826,0.058529721313719814,0.11904266137390929,0.8018146112938337,57.60073229343834,82.23269603210355,-24.63196373866521,24347.36071324439,24538.13928675561,24177.52142648878,24707.97857351122,23986.74285297756,24898.75714702244,23816.90356622195,24012.893495138887,24227.765000000003,24442.63650486112,1.7737624982008506,0.7126503466782764,66.834493809859,24227.765000000003,24066.165,23898.4475,24231.746475948108,24113.34847358473,24028.88743969388,78.34419118872461,76.57133942328869,258.2678989015516,2.252836543211965,121.12668293334949,1
1676659380,0.5828828136028442,0.5940033551633974,0.5812483627470193,0.5963408449748561,-0.35785997293263216,-0.313003651363791,0.8082202703979595,73.07051330584727,78.16198163560998,-5.091468329762712,24320.783333333336,24410.76666666668,24229.16666666667,24502.38333333334,24139.18333333333,24592.36666666668,24047.56666666667,24087.06658884312,24272.68,24458.29341115688,1.529401872037855,0.6541375691642218,67.23770079734686,24272.68,24118.7775,23927.0025,24264.46431729874,24152.721478387502,24057.55530258018,79.62553152595412,78.34846443608855,249.94876326572643,2.210258666955136,102.06880457713092,0
1676661840,0.5898222208448387,0.6470429772192797,0.6633295959906954,0.6210997887019573,0.683062950569491,0.7789632973934554,0.8402018121275245,96.2799370243374,81.0971242832801,15.182812741057312,24318.033333333336,24394.866666666672,24253.06666666668,24459.833333333336,24176.233333333337,24536.66666666667,24111.26666666668,24190.19251674747,24347.08,24503.96748325253,1.2887581036619795,0.9215441450708008,72.28273320440577,24347.08,24181.24,23964.682500000003,24336.09287819916,24212.10848231705,24097.72622614397,79.70942213760749,79.22638161742874,253.94901107055665,2.6184539960112727,127.13045707621995,0
1676664300,0.6198130496249857,0.7402571407052473,0.804130751344829,0.6513561289884731,4.117743022533469,4.448400647231019,0.958251605709314,134.31888794880433,95.3088601661976,39.01002778260672,24468.665922488883,24626.984077511115,24321.03184497777,24774.61815502223,24162.713689955533,24932.936310044464,24015.079612444417,24132.372903426272,24447.74,24763.10709657373,2.5799284234348794,0.9665356709640186,78.53777817586922,24447.74,24273.9775,24017.44875,24471.395252132774,24308.45239462304,24159.08563317788,80.6181078030287,79.98435382219678,280.2134471559937,3.894140680359233,168.8459408450053,0
1676666760,0.6814178552700029,0.7492538246739094,0.7380576454590065,0.7135063275223054,0.2365656403858984,0.32726632468844535,0.9770855485999038,164.61300747140558,100.4823837510391,64.13062372036649,24717.782961244444,25040.717038755563,24419.065922488888,25339.43407751112,24096.13184497777,25662.36815502224,23797.41480622221,24139.413771336185,24527.55,24915.686228663813,3.164900111619906,0.8089121580141171,79.029671036804,24527.55,24350.225,24069.6375,24570.046834755183,24391.8883228734,24217.01557287522,81.74229139132869,80.6899404439883,278.78931222580394,3.1763339738282266,140.22944005927732,1
1676669220,0.7167188229823365,0.6548418778193343,0.7078005256177885,0.6018191395446314,1.7961441938987097,1.942193610711709,1.0424809992631205,165.2504172686422,80.89583483862057,84.35458243002162,24721.49148062222,24874.558519377773,24614.28296124444,24981.767038755555,24461.21592248888,25134.83407751111,24354.0074031111,24230.60016590975,24563.985,24897.369834090245,2.714419782378533,0.4060245194251486,62.77102928269865,24563.985,24395.875,24111.2325,24547.13955650345,24411.785900532777,24244.09266117282,73.67530789113577,78.67856902849773,295.3650756382464,1.898537419174396,71.04492736835127,0
1676671680,0.6871609942224882,0.6158118849414762,0.6953106680089136,0.5309951744530236,2.2700317569827395,2.415756657327355,1.1164810050505405,155.09368229760366,56.59127989406562,98.50240240353804,24500.175,24743.85,24257.65,24986.375,24013.975,25230.05,23771.45,24275.36485394077,24576.275,24877.18514605924,2.448785636222185,0.192723887144035,57.50419317612159,24576.275,24424.4775,24145.3575,24495.20970433564,24408.070282254088,24258.11716963255,64.78954437180067,73.4023812180884,320.5889988069431,1.1865635497550762,30.50916680546236,1
1676674140,0.6528661163806861,0.6882467250994281,0.7070968716679927,0.6847018175189417,0.09601948212614807,0.17216175369084993,1.1346613881756542,161.65015851917997,50.51820489251352,111.13195362666644,24385.75,24712.8,24064.3,25034.25,23737.25,25361.3,23415.8,24314.593574237693,24599.495,24884.396425762305,2.316319304622357,0.4929010534272071,63.6071504999112,24599.495,24473.2875,24186.6925,24528.623136223763,24442.139321844254,24290.244105858023,60.43345496933761,66.29943574409135,322.6433560350188,2.0246937137429133,92.36618912254217,0
1676676600,0.6719378922137698,0.6880426583032945,0.6841577529046504,0.6946995063027872,-0.16441958717697452,-0.10259745179930817,1.1455018590658608,164.89896286919975,43.01360739402665,121.8853554751731,24608.042685077777,24728.107314922225,24475.38537015556,24860.76462984445,24355.320740311105,24980.829259688897,24222.66342538888,24322.12558001563,24570.07,24818.01441998437,2.0182638469029275,0.5500212910650779,63.57944790001618,24570.07,24508.905,24229.8625,24550.70709081584,24469.9094451453,24319.256571966784,62.80409001064314,62.67569645059382,310.9974020325173,1.469447618890449,75.38550418620882,0
1676679060,0.6813717416762023,0.7104900058779657,0.7212051333613975,0.7134598056807087,-0.4194276310399713,-0.3678767766915638,1.1531969960525983,170.61071598822673,38.98028841044288,131.63042757778385,24595.425,24674.95,24515.35,24755.025,24435.825,24834.55,24355.75,24362.1200645432,24548.225,24734.3299354568,1.5162394466956253,0.7952635289608241,65.36630877063854,24548.225,24537.8875,24275.23625,24586.513060543897,24504.13045511888,24351.529755588992,67.75040601729899,63.66265033242659,303.96226518674234,1.1893525604986686,88.84981803174799,0
1676681520,0.6973128963593519,0.7010053360924628,0.6784581559113044,0.7172929956722531,-0.5664348772737534,-0.5239981882091229,1.1587534070888206,171.00954574258503,31.503294531840936,139.5062512107441,24669.073171269443,24769.85182873056,24557.346342538887,24881.578657461112,24456.56768507777,24982.357314922225,24344.84085634722,24385.28841201676,24574.24,24763.19158798324,1.5378020885548127,0.6512556750914281,63.93889073927291,24574.24,24569.1125,24317.63875,24601.475373695936,24527.270372369992,24378.18406458052,66.71215015896688,65.75554872896969,287.98638910197496,1.2839675728798086,62.323219956304754,1
1676683980,0.7005409038121458,0.7007036721329619,0.6851428684343642,0.7196203757182362,-0.6216024653919832,-0.5818198865256637,1.1612142265462364,169.30538619694198,23.839307988958296,145.46607820798368,24623.233333333337,24667.466666666674,24587.166666666675,24703.533333333336,24542.93333333333,24747.76666666668,24506.86666666668,24573.85457722944,24622.08,24670.305422770565,0.3917250108078883,0.5878167521754855,63.89110222890908,24622.08,24599.1775,24358.9775,24611.166915797294,24546.04848648454,24402.21891557285,64.43426276240002,66.29893964622197,274.0445041661196,1.2357223005437812,56.79124212101427,0
1676686440,0.702004068084643,0.6821247212154269,0.6670237792271232,0.6893644351204562,-0.4662081578083081,-0.4201409668355363,1.1675386347161036,161.86474397517304,13.118932613751468,148.74581136142157,24631.45,24677.4,24584.6,24724.25,24538.65,24770.2,24491.800000000003,24561.61141179056,24618.63,24675.64858820945,0.4632149572047538,0.1454664937380826,60.87345286281938,24618.63,24609.0625,24395.151250000003,24600.177943864863,24551.894216214623,24418.979018851624,60.0760628580172,63.74082525979471,263.7234681542541,0.4038097416802415,18.74412690706456,0
1676688900,0.6934457144424931,0.6801905228868581,0.6641739807304509,0.7018248698281807,-0.6819238969431736,-0.6459111274002309,1.1682938441792217,153.75581067919848,4.007999454221505,149.74781122497697,24568.666666666668,24636.333333333336,24510.533333333336,24694.466666666667,24442.86666666667,24762.13333333333,24384.733333333337,24547.832291742787,24614.205,24680.577708257217,0.5393040990534935,0.1877104981210751,60.55280587311135,24614.205,24592.1375,24433.057500000003,24591.03529590991,24555.68617690288,24433.62387419909,56.34069978096678,60.28367513379468,250.80750614323605,-0.6840594939778514,15.6602057356881,1
1676691360,0.6881993905346514,0.693800890942014,0.6741306841200607,0.717078160591086,-0.5776506418571781,-0.5359230854973823,1.1662891128613575,148.70971410053608,-0.8304776995527163,149.5401918000888,24575.75,24615.7,24532.8,24658.65,24492.85,24698.6,24449.9,24554.63965708456,24604.8,24654.96034291544,0.4077281092749546,0.562798613743725,62.06696115442092,24604.8,24576.5125,24463.36875,24597.723530606607,24565.761417465983,24450.526362370605,55.19419503027763,57.20365255642054,238.19625570443347,-0.6308708844506983,31.179655007323905,0
1676693820,0.6923817498243138,0.7024692935429849,0.6743065976075097,0.7245672864218575,-0.7772285625303034,-0.7452257246098068,1.163950271761708,145.00995508192136,-3.6241893745339553,148.63414445645532,24612.166666666668,24645.93333333333,24577.333333333336,24680.766666666663,24543.56666666667,24714.533333333333,24508.733333333337,24553.639328883863,24605.625,24657.610671116134,0.4225511127324239,0.7875792440305921,63.04002176483232,24605.625,24589.932500000003,24492.90375,24610.32402040441,24578.44570519944,24468.14528024007,57.18921834760209,56.24137105294884,224.62395673245564,0.5477254801526069,34.191892504006695,0
1676696280,0.698807345541492,0.6986896215798184,0.6738844052376319,0.7238812714947288,-0.8020586554196625,-0.7713772765368128,1.1575792737475075,139.6091757359245,-7.219974976424652,146.82915071234916,24627.446976634423,24655.57802336559,24607.39395326885,24675.631046731167,24579.26290653768,24703.762093462334,24559.2098831721,24554.52198421596,24604.49,24654.458015784043,0.4061698965029947,0.7039804831164731,62.28971592639782,24604.49,24613.285,24518.88125,24615.17434693628,24586.887395163176,24483.071920217208,59.00327138581466,57.12889492123147,212.07224553728008,0.95740908149816,21.97720894077664,1
1676698740,0.7001302137718102,0.7002245587855176,0.6829263584925078,0.7264950983156019,-0.5657741102517917,-0.5230227246872886,1.1569041357558625,134.13182239377784,-10.15786265485707,144.2896850486349,24622.858333333334,24648.316666666666,24599.416666666668,24671.75833333333,24573.958333333336,24697.216666666664,24550.51666666667,24569.788122518123,24614.69,24659.591877481875,0.3648380498139607,0.6615745355621131,62.48499162787281,24614.69,24616.66,24544.97375,24619.849564624183,24594.5805960426,24496.98888019652,64.4756291248252,60.222706286080665,201.7313708560457,0.137220502166051,47.12476675059997,1
1676701200,0.7015591545200468,0.6998164251932503,0.6790914444661204,0.7272470210996882,-0.7874169938858779,-0.7559273167167629,1.1515107003421037,128.2201430243622,-12.855633619418173,141.07577664378036,24635.3,24665.9,24598.6,24702.6,24568.0,24733.2,24531.3,24609.54799390813,24625.75,24641.952006091866,0.1315858895007524,0.5709788648071793,62.39247558849995,24625.75,24619.9775,24564.44125,24622.583043082792,24600.665942216663,24509.470891606376,70.68311893916227,64.72067314993406,191.2005586520424,0.1348858247907308,55.35848444576911,1
1676703660,0.7020695479859486,0.6782385796194954,0.6669576122252868,0.6964181869521283,-0.7182306084262127,-0.6839189486938805,1.1381058322162807,117.27714473750166,-19.038905525022955,136.3160502625246,24631.983333333334,24657.166666666668,24602.86666666667,24686.283333333333,24577.68333333333,24711.466666666667,24548.56666666667,24566.77088328403,24616.98,24667.18911671597,0.407922634831491,0.0047712123545347,57.541666586406585,24616.98,24610.89,24574.38875,24604.13869538853,24594.59031635909,24514.97366383434,74.45462099180419,69.87112301859723,185.21123303403925,-0.368539781512179,-41.34510518977767,0
1676706120,0.6915352873105601,0.6565720093517694,0.6565150475486219,0.6663412755886546,-0.016773063391293433,0.04812997545863136,1.1015592250799127,102.49699343312386,-27.05524546352061,129.55223889664447,24571.520644372984,24622.341288745967,24516.429355627013,24677.43257749193,24465.60871125403,24728.25322186492,24410.51742250806,24494.225394771216,24591.115,24688.00460522878,0.7880049784548759,0.061795097629459,53.07921781132177,24591.115,24598.370000000003,24583.74125,24571.49246359236,24578.51934974834,24514.138076802497,56.490190285438025,67.20931007213484,183.4269282858565,-0.5082942910269036,-210.25993066252923,0
1676708580,0.6754343350192589,0.6714600130001089,0.6573485374174314,0.6904386105262945,-0.676008088303241,-0.6398753365764676,1.0280853429287236,93.09548465125772,-29.1654033963094,122.26088804756712,24513.27698885316,24589.853977706323,24429.623011146843,24673.50795541264,24353.04602229368,24750.084944265804,24269.392044587363,24480.845174999453,24575.77,24670.694825000548,0.7725074331387994,0.3545164555223585,55.62577020478884,24575.77,24590.13,24594.65375,24563.711642394905,24572.99764979409,24517.37730758321,41.00433038208626,57.316380553109504,177.13214769400952,-0.3345438896005223,-101.46461369837394,1
1676711040,0.6748282295690022,0.6773247152715934,0.6523877770713717,0.704080638180441,-0.8064265097550593,-0.7764291842445975,0.9970455351861347,85.9869466067612,-29.019153152644748,115.00609975940594,24550.483333333337,24596.966666666674,24501.666666666675,24645.783333333336,24455.18333333333,24692.26666666668,24406.36666666668,24484.38421508178,24562.865,24641.345784918223,0.6390197960882952,0.5115314850755107,56.62445065191001,24562.865,24588.7775,24598.92,24564.032761596605,24571.484440740624,24521.881849718146,29.92589363557109,42.47347143436513,167.55842285872328,-0.0550284398369345,-65.50317729212188,1
1676713500,0.6774576732858587,0.6672988248528667,0.6520007673989833,0.6850677334971028,-0.6776962323301363,-0.6417761727323333,0.9631766174846711,77.18410971598132,-30.2575920347397,107.44170175072102,24563.99166666667,24585.88333333334,24542.783333333336,24607.09166666667,24520.891666666663,24628.98333333334,24499.68333333333,24500.087749197883,24544.54,24588.99225080212,0.3622170209921898,0.4087222822965028,54.37161445708352,24544.54,24585.145,24588.64125,24554.83017439773,24565.1099969696,24523.26691164975,36.95232263613742,35.96084888459826,162.38282122595723,-0.1478263523618672,-99.6242662807399,0
1676715960,0.6737592015293941,0.6501572139776635,0.6388936945948773,0.657139172945306,0.15233308656647365,0.2237488460966684,0.9660267413322632,65.55471773926183,-33.509587209167364,99.0643049484292,24536.50833333333,24584.016666666663,24488.916666666664,24631.60833333333,24441.408333333333,24679.11666666666,24393.816666666666,24472.967295102226,24528.715,24584.46270489777,0.4545505534862142,0.1359491384046379,50.66046737051087,24528.715,24572.8475,24574.68,24532.59511626516,24551.112724793307,24519.920062921203,35.77382525094938,34.217347174219306,160.48731152481486,-0.4996729118162071,-163.89926674651122,0
1676718420,0.6633387355060509,0.6552855012891895,0.6395812751850882,0.6707812005994523,-0.6371279146692579,-0.6000454607946248,0.9401288142698321,56.849014991243166,-33.77223196574883,90.621246956992,24481.99022846999,24552.98045693998,24417.13477153001,24617.83591387996,24346.144543060025,24688.826142349943,24281.28908612005,24471.00926991193,24527.99,24584.97073008807,0.4646180146686907,0.2769860094744284,51.72213695799299,24527.99,24559.5525,24574.7425,24522.58841084344,24542.2876839218,24518.2681521668,35.072153055951446,35.932766981012755,156.14536070161384,-0.5396678171055852,-117.43442503593928,1
1676720880,0.6606927732106682,0.6782385796194954,0.6713864337158575,0.6846022574879065,-0.587063518134486,-0.5466415367103502,0.912134367222108,54.53971494659709,-28.86522560831594,83.40494055491303,24500.15833333333,24551.21666666666,24451.51666666666,24599.85833333333,24400.45833333333,24650.91666666666,24351.81666666666,24467.807096930133,24531.81,24595.812903069866,0.5217951962767058,0.7768624413904847,56.25881693164185,24531.81,24553.79,24583.5375,24537.47560722896,24546.826286845106,24522.93309005568,41.268485192495504,37.37148783313212,155.81354922292712,-0.2340113401590871,-9.674042891563388,0
1676723340,0.6708468999229187,0.6914940488987672,0.6688180967991032,0.7028417865561463,-0.7018993311216783,-0.6664394561947351,0.8813285249854418,55.08838625125645,-22.65324344292528,77.74162969418173,24564.716666666664,24641.733333333326,24490.233333333326,24716.216666666664,24413.216666666664,24793.233333333326,24338.733333333326,24454.8482437266,24539.795,24624.741756273404,0.6923183854910162,0.8814448181600995,58.67401194831781,24539.795,24551.33,24583.995000000003,24559.850404819303,24557.33059832781,24530.71089100276,56.37611749680703,44.238918581751335,151.34543244441494,-0.099881441540944,32.043945423324104,1
1676725800,0.682552026341569,0.690376117754733,0.6715975299007957,0.7146505395124437,-0.7784006910541935,-0.7467037394207899,0.8647640701734629,54.6391870027619,-18.48195415313586,73.12114115589776,24591.71336189208,24644.78663810792,24551.52672378416,24684.97327621584,24498.453447568325,24738.046552431675,24458.266809460405,24454.96638102688,24552.8,24650.63361897312,0.7969243342764971,0.7486364120567195,58.381233183639175,24552.8,24548.67,24584.323750000003,24573.716936546207,24565.352307722755,24537.447949002493,69.0038314176244,55.54947803564232,145.405041352805,-0.1080069270608048,53.87135875255155,0
1676728260,0.6878455962805619,0.6835354438495658,0.6615000957212261,0.7012161704315387,-0.5212260747506988,-0.4774948549165139,0.862420789241713,52.12697463424775,-16.795333217320007,68.92230785156775,24604.290014279377,24636.95998572063,24568.780028558755,24672.469971441253,24536.1100571175,24705.139942882503,24500.60007139688,24497.44679752476,24571.61,24645.773202475248,0.6036495164561629,0.5712280460348573,56.52263832791943,24571.61,24550.1625,24580.526250000003,24576.536291030803,24568.41097904589,24541.707668145114,70.90996168582355,65.42997020008501,140.51896697046178,0.0607516103755987,14.869275057292803,1
1676730720,0.6870718748101581,0.7012626377049784,0.7015028227671158,0.7148581980856865,-0.18793878722116467,-0.12564820695442178,0.8349688004580392,53.54929286821061,-12.29841198668572,65.84770485489634,24575.791666666668,24617.483333333337,24540.483333333337,24652.791666666668,24498.791666666668,24694.483333333337,24463.483333333337,24553.567122945213,24597.52,24641.472877054788,0.3573764920592618,0.8936602370405026,60.070233282416666,24597.52,24562.755,24580.5625,24595.0658606872,24579.99534649209,24550.318842607485,69.673499239333,69.862430780927,141.38189790114296,0.5138495564387757,127.53156861903992,0
1676733180,0.695549050218816,0.7150060928010908,0.7015380054646064,0.7277626272118096,-0.46667383538465684,-0.4179993089680031,0.7681309361907506,57.14257019831712,-6.964107725263375,64.10667792358049,24643.041666666668,24713.88333333333,24561.283333333336,24795.641666666663,24490.44166666667,24866.483333333334,24408.68333333333,24556.73069500149,24618.24,24679.74930499852,0.4997051373169783,0.9276588721110568,62.61698050395629,24618.24,24575.025,24582.5775,24620.327240458137,24596.51437440262,24561.79800045439,72.94409651653204,71.17585248056288,139.61604766857823,0.4998339997107606,156.98454496409127,0
1676735640,0.706659705984625,0.7183066514168143,0.6959439565637295,0.7389716466130737,-0.6146129458467688,-0.573820541078406,0.6758906993182641,60.0484989304714,-3.2465431944872805,63.29504212495868,24667.9966684516,24727.75333154842,24611.093336903185,24784.65666309683,24551.33667380636,24844.41332619366,24494.433342257948,24557.273821064635,24633.35,24709.42617893536,0.6176681526090745,0.8075864262305117,63.22362490528244,24633.35,24586.5725,24587.675,24640.268160305422,24611.72085178396,24573.069619458733,79.66395527852491,74.09385034479665,134.60454407243813,0.4700856005626054,151.9996687686686,1
1676738100,0.7138653949513696,0.7089373237334727,0.6834189162573654,0.7370220172928168,-0.7151835165035095,-0.6798433958450955,0.5172980463760933,59.53492743651441,-3.008091750755419,62.54301918726983,24676.23166755913,24712.91833244088,24643.463335118257,24745.686664881745,24606.77667023651,24782.37332976349,24574.00833779564,24574.033366365173,24643.81,24713.58663363483,0.5662812173509584,0.5712272825600833,60.23537380462814,24643.81,24598.305,24591.725,24644.762106870287,24619.362515095967,24580.753465224567,81.95285122650485,78.18696767385394,128.2792194958356,0.4781666440812006,96.48741805678937,0
1676740560,0.7127833434548051,0.7078903723446143,0.6955921295888317,0.7168275196630568,-0.4455170806706713,-0.39628595814932466,0.4410696837951616,58.21876826106018,-3.459400740967723,61.6781690020279,24653.75,24673.4,24634.1,24693.050000000003,24614.45,24712.700000000004,24594.8,24624.13940745528,24657.535,24690.93059254473,0.2708753534749215,0.3991633403273127,59.89470770506974,24657.535,24614.5725,24593.71,24646.774737913525,24625.07842144215,24587.42456377461,79.82372305405086,80.48017651969354,128.4235609604187,0.6643015747428571,73.43348404353544,1
1676743020,0.711718816072403,0.7299029689188293,0.7544527824892475,0.7396358441136912,0.019359339878886273,0.09684449119891089,0.4242355041806941,61.47199092119263,-0.164942464668222,61.63693338586085,24645.5,24713.3,24583.0,24775.8,24515.2,24843.6,24452.7,24628.927709563384,24673.675,24718.42229043661,0.3627128138521319,0.9374566551181628,64.44749122850276,24673.675,24635.5975,24597.575,24668.79149194236,24641.032344816304,24599.367462462746,72.91125434269564,78.22927620775046,135.95759232038864,0.8580730800742519,159.16326760581234,1
1676745480,0.7221933960613379,0.7183243963556082,0.7049859098186054,0.7396000382668291,-0.6507513547020706,-0.6114224489723277,0.39416918566361697,60.71771248202276,-0.7353767230704733,61.45308920509324,24743.175,24844.95,24611.05,24977.075,24509.275,25078.849999999995,24377.15,24630.64501780157,24675.545,24720.444982198434,0.3639229220544677,0.5518374370331192,60.55360086249195,24675.545,24646.8925,24600.34125,24672.59432796157,24648.15373666788,24607.065799371056,66.45999059399496,73.06498933024716,132.91776429750385,0.4597584182193804,79.49024436068109,1
1676747940,0.7216411128987794,0.7046607934840692,0.6919331290498932,0.7138914402204317,-0.41672973816839587,-0.3666266341301007,0.3817733119556355,56.36358877632301,-4.071600343016179,60.43518911933919,24685.4,24729.5,24636.099999999995,24778.8,24592.0,24822.9,24542.7,24616.097040212,24667.855000000003,24719.61295978801,0.4196389170279028,0.2473335492054781,56.23558887812854,24667.855000000003,24650.6025,24600.96625,24662.29621864105,24646.980330000995,24610.36429466905,57.5579725752033,65.64307250396465,132.57363827625346,0.1507848125960275,19.95578726040201,1
1676750400,0.7145328313467612,0.6855583668721069,0.6793124083129667,0.6959527109429319,-0.4819186163098421,-0.43611541076113497,0.3091035156114483,48.01618600090296,-9.935202494748983,57.95138849565195,24636.266666666663,24703.033333333333,24574.93333333333,24764.366666666665,24508.166666666668,24831.13333333333,24446.833333333336,24571.356273478606,24654.68,24738.0037265214,0.6759262462250075,0.0991237862912666,50.78336889939661,24654.68,24649.245000000003,24598.9575,24637.4891457607,24636.23390636445,24608.22245708152,46.7428202031094,56.92026112410256,133.2703817505807,-0.0551796743687753,-51.89267534732583,0
1676752860,0.7014270039752898,0.692931388941099,0.670542048976102,0.7191907055559006,-0.7855862560317586,-0.7542514424334688,0.2412385880616699,42.58627002585126,-12.292094775840546,54.87836480169181,24589.66768230561,24659.93536461123,24517.6073176944,24731.99572922245,24447.33963538878,24802.263411528063,24375.27927077756,24554.91791910063,24646.25,24737.58208089937,0.7411438324237589,0.2941577612721525,52.68995811619547,24646.25,24651.8925,24601.0275,24627.8760971738,24631.21865066182,24608.26317545471,37.817852167144046,47.37288164848559,127.50106876839637,0.1076999899317378,-42.59604077737031,1
1676755320,0.6985607840010389,0.6946437755347388,0.6683959044292255,0.7210168037458266,-0.8001542489121756,-0.7694476782538772,0.21521676555177932,38.23164901945711,-13.317372625787767,51.54902164524488,24609.916666666668,24635.533333333336,24583.033333333336,24662.416666666668,24557.416666666668,24688.033333333336,24530.533333333336,24562.53755799312,24626.38,24690.22244200689,0.5184882390906639,0.398930871107576,53.14395393825206,24626.38,24650.027500000004,24606.39125,24623.0757314492,24627.99253235967,24608.759539697123,30.0662804595368,38.20898427659676,121.34384957065372,-0.0757141334740768,-50.679276196228194,0
1676757780,0.6979839097375189,0.6997543179074708,0.6790562617686311,0.7275692737214402,-0.8105719272771817,-0.7802112334248463,0.1955100499447035,35.53293855554148,-12.812866471762725,48.3458050273042,24611.19166666667,24632.983333333337,24591.68333333333,24652.49166666667,24569.89166666667,24674.283333333336,24550.38333333334,24579.551466049088,24615.915,24652.27853395092,0.2954473473841035,0.664450463150033,54.54586912230583,24615.915,24645.73,24610.3775,24624.675487632805,24627.971162839727,24610.58005972597,29.37230143631153,32.4188113543308,116.48357460132128,-0.174193430708705,-18.097616996728632,1
1676760240,0.7002508704130002,0.70000274705059,0.6814486851979364,0.7254209229097635,-0.711708715419518,-0.6764380808542424,0.17856749816569392,33.06947094357383,-12.2210672669843,45.29053821055813,24632.191666666666,24656.68333333333,24603.38333333333,24685.491666666665,24578.891666666663,24709.98333333333,24550.08333333333,24583.439177542343,24613.29,24643.14082245765,0.2425585726869868,0.7560230965442031,54.61695281580058,24613.29,24640.5725,24613.5725,24625.97532508854,24628.08095141432,24612.29386356159,29.195935187786507,29.544839027878293,112.88474784408392,-0.208973608345171,-22.637018760098258,1
1676762700,0.7015085714774798,0.7018482206851877,0.6761712805744682,0.7332982092192447,-0.7918500167440881,-0.760569636884534,0.16890799895779135,31.177358473301865,-11.29054378980502,42.467902263106886,24632.691666666666,24663.68333333333,24597.58333333333,24698.791666666664,24566.591666666667,24729.78333333333,24531.483333333334,24603.158024404493,24622.47,24641.78197559551,0.1568646492046375,0.7926940318480292,55.17771740831733,24622.47,24638.575,24618.44,24628.57521672569,24629.11623297535,24614.339686079533,31.0972183197527,29.888484981283582,106.90012299807783,-0.0810221568726808,-26.23942341692653,0
1676765160,0.7030602045512244,0.7164434328434226,0.7047396309361766,0.7353402784695277,-0.6853372298705735,-0.6479396970642299,0.15498947603478302,32.62026342140234,-7.878111073363641,40.49837449476598,24636.75833333333,24649.816666666666,24620.716666666664,24665.85833333333,24607.658333333333,24678.91666666666,24591.616666666665,24594.28291031689,24635.72,24677.157089683107,0.3363984465086145,0.9727648623447372,59.44559732119059,24635.72,24640.985000000004,24627.77875,24644.016811150464,24637.44055425256,24620.10733502434,35.50154537791527,31.9315662951515,106.73560188335232,0.0977655897577449,66.67984954142243,0
1676767620,0.7111339887841149,0.7231421472382356,0.7175461328224602,0.7420348358533957,-0.576588860608035,-0.532787053619676,0.1473770198046931,34.88470161809892,-4.490938301333657,39.37563991943257,24679.43439086936,24729.46560913064,24624.86878173872,24784.03121826128,24574.83756347744,24834.06243652256,24520.2719543468,24597.137778216747,24651.78,24706.422221783258,0.4433125866225893,0.8842724419824763,61.268439020100615,24651.78,24639.08,24637.33875,24660.60287410031,24647.68318075209,24627.12330311726,41.60812962442657,36.06896444069819,107.84734460597022,-0.077085480919332,106.09123263675164,1
1676770080,0.7185204040680342,0.7185107182129467,0.7034730538265448,0.7384542511672679,-0.6738176725860276,-0.635758579487964,0.14166180666086947,35.220262010177976,-3.3243023274036787,38.54456433758165,24704.091666666664,24760.08333333333,24637.78333333333,24826.391666666663,24581.79166666666,24882.38333333333,24515.483333333323,24609.89083491501,24662.35,24714.809165084986,0.4254190301004033,0.6751362223382001,59.28435844632968,24662.35,24639.1325,24643.0125,24667.31024940021,24653.69078425171,24632.2282266299,46.00543223751989,41.03836907995392,106.73681999125829,0.0021272112867716,60.74192311723404,1
1676772540,0.719897782447184,0.7219266189308314,0.6980197357156276,0.7498405104691555,-0.8295393890839852,-0.7997736852749533,0.13011785040584775,35.84960121183394,-2.1559705005981726,38.00557171243212,24683.075,24728.050000000003,24635.75,24775.375000000004,24590.775,24820.35000000001,24543.45,24631.623920609887,24674.705,24717.78607939012,0.3491922549032671,0.681576230464489,60.30536656379625,24674.705,24643.9975,24647.3,24674.990166266805,24660.356096205946,24637.76363361753,47.45246792170057,45.02200992788235,102.3270471347398,0.1974295604605113,66.49024014723607,1
1676775000,0.7222945066294438,0.7199391857858808,0.6947477448490763,0.7492676169193742,-0.8326928105179956,-0.8031242435318738,0.09714697421188667,35.487407125248865,-2.014531669746603,37.50193879499547,24691.716666666664,24713.53333333333,24668.53333333333,24736.716666666664,24646.716666666664,24758.53333333333,24623.53333333333,24671.45615377132,24684.9,24698.34384622869,0.1089236434313197,0.4944212393741399,59.372487958852936,24684.9,24653.685,24651.465,24678.24344417787,24664.791351441225,24642.23852565396,46.60719303175008,46.68836439699019,97.68225805368692,0.393995007701952,48.97294658776127,1
1676777460,0.7224991029066485,0.7214297606445944,0.6948532929415466,0.7471192661076975,-0.7873252916398047,-0.755404620647523,0.07948992822914737,35.13426466851888,-1.8941393011812693,37.02840396970015,24686.216666666664,24704.133333333328,24666.83333333333,24723.516666666663,24648.916666666664,24741.433333333327,24629.53333333333,24678.63946520752,24687.71,24696.78053479248,0.0734821884450011,0.5683531913151332,59.873839921464544,24687.71,24661.715,24656.80375,24681.81229611858,24669.183832997365,24646.68723749644,54.014211954280505,49.3579576359104,93.81923962128089,0.3263080258364407,62.20256802532919,0
1676779920,0.7233467254056956,0.7247214467909189,0.6994974090101977,0.7511653268030216,-0.47162329532078956,-0.42277719613074527,0.07654172830896593,35.197081664886355,-1.4650578438510422,36.6621395087374,24685.716666666664,24709.133333333328,24665.53333333333,24729.316666666666,24642.11666666666,24752.73333333333,24621.933333333323,24676.847085407364,24688.6,24700.35291459264,0.0952092430727917,0.909472898153784,61.01786980922531,24688.6,24670.19,24660.10875,24687.283197412387,24674.464045179662,24651.59559583011,61.7515001341449,54.12430170672517,90.36786536261796,0.3443235869782711,81.04338424859431,1
1676782380,0.7254164612845331,0.745962138527585,0.7450590022594737,0.7578944571557621,-0.015332049713321918,0.060693819588550836,0.08973126310297144,39.61954989092919,2.365928305753436,37.25362158517576,24696.974999999995,24720.34999999999,24674.84999999999,24742.474999999995,24651.474999999995,24765.84999999999,24629.34999999999,24649.36483204096,24704.07,24758.77516795904,0.4428838483621558,0.9936005318586754,67.46412110670632,24704.07,24683.21,24664.47,24710.880464941594,24689.666036965176,24661.736491465337,70.43211318355542,62.06594175732695,95.07063325378788,0.5286692416621439,171.94045122242264,1
1676784840,0.7370722013602856,0.7476212903048443,0.7321117695832319,0.7625515861049091,-0.6591772356880913,-0.6195727311794293,0.0898628504496853,43.0058762801018,4.601803755940836,38.404072524160966,24766.356128053667,24840.31887194633,24684.11225610733,24922.562743892664,24610.14951221467,24996.52548778533,24527.90564026833,24649.571329373262,24718.55,24787.528670626736,0.5581125966267184,0.8203888941204963,67.91050314984314,24718.55,24696.6275,24668.6,24728.170309961064,24702.95403024424,24671.356825611496,70.421503585123,67.53503896760778,95.87987373566004,0.5447940045252432,148.2206846355711,1
1676787300,0.7437296883946103,0.7202940845617662,0.708750458450013,0.7322956455071291,-0.43558321353662466,-0.3853407222530687,0.06757388445048099,39.02643540232748,0.4978903025332073,38.52854509979427,24759.983333333334,24814.566666666666,24708.166666666668,24866.38333333333,24653.583333333336,24920.966666666664,24601.76666666667,24650.15978931777,24718.75,24787.340210682225,0.5549650421823515,0.2594408905311306,54.61881262710924,24718.75,24701.825000000004,24670.2,24714.03020664071,24699.826024745285,24672.727604124688,59.06385291209577,66.63915656025807,99.16345418311306,0.2109908042920834,3.936933446408932,0
1676789760,0.73339415197029,0.697713649946137,0.6980095496281308,0.7107405256966395,-0.5625296385776475,-0.5198558802547806,0.06722526674539765,30.388395564728853,-6.512119628052339,36.90051519278119,24684.016666666663,24747.13333333333,24622.63333333333,24808.516666666663,24559.516666666663,24871.63333333333,24498.13333333333,24601.708558117443,24705.385,24809.06144188256,0.8393023778626296,0.0984623001707743,46.51708691484111,24705.385,24696.5475,24668.76625,24683.395137760475,24685.698565700688,24667.908308493767,42.00852435799698,57.1646269517386,103.09256802861394,-0.213881312588912,-116.13099667100444,1
1676792220,0.7169356069882996,0.6941380447791055,0.6816942688738034,0.7118505069493386,-0.6992156828533826,-0.6637664696204348,0.05846381632335573,22.470690329402714,-11.543859890702784,34.0145502201055,24632.56534934004,24704.430698680084,24550.25965065996,24786.736397360168,24478.39430131992,24858.60174670021,24396.08860263984,24559.74147613409,24688.15,24816.558523865908,1.0402441970411418,0.2036801074067801,45.36945971855447,24688.15,24688.375,24663.7275,24659.61342517365,24672.30791739147,24662.5884695896,25.44788508598588,42.17342078535955,103.20724345586036,-0.3309538537546346,-146.17593003942554,1
1676794680,0.706918443323146,0.6878829538541463,0.6717643001105946,0.7110985841652523,-0.7877142160690379,-0.7565741590241187,0.04582191349241232,14.605300867773622,-15.527399481865505,30.132700349639126,24614.78267467002,24665.76534934004,24561.067325329976,24719.480698680083,24510.08465065996,24770.463373350103,24456.36930131991,24531.6474933541,24655.42,24779.192506645904,1.0040186429264029,0.2536003687212152,43.35438964781476,24655.42,24679.745000000003,24659.43875,24637.88395011577,24658.14738695665,24656.096710581063,16.961908069931795,28.139439171304897,101.44772692365862,-0.3496655791108214,-159.3959226800478,0
1676797140,0.6987821610494147,0.685913265647991,0.6676922504794297,0.7124950121928414,-0.7378904980818373,-0.7042881814275406,0.03583717216063688,7.833781479115714,-17.839135096418733,25.672916575534448,24598.799670668348,24635.89934133669,24557.32532933166,24677.373682673384,24520.225658663312,24714.47335334173,24478.751317326623,24551.29633453773,24620.645,24689.99366546227,0.5633375198924999,0.2709400765809805,42.71108645805276,24620.645,24669.597500000003,24656.7975,24621.54763341052,24645.55240750999,24649.69464290668,13.112191733241204,18.5073282963863,98.70860357196888,-0.4109905286883131,-144.1318690714064,1
1676799600,0.6937291270076729,0.688894415365417,0.6630833171082666,0.717078160591086,-0.8216811325062477,-0.7921829467588027,-0.021537523187021384,3.1092716278435546,-18.05091595815272,21.160187585996272,24594.391666666663,24623.18333333333,24560.08333333333,24657.49166666667,24531.291666666664,24686.283333333336,24496.98333333333,24578.39838088047,24602.950000000004,24627.50161911954,0.1995827258075534,0.3844271741840532,44.06392389248519,24602.950000000004,24660.85,24657.2675,24613.45675560701,24636.77469705363,24644.702295963183,11.401528308440746,13.825209370537925,94.3151318882566,-0.354368587893329,-108.64586849932496,0
1676802060,0.6926932587076957,0.7033476680132976,0.6876760226536293,0.7248815531214199,-0.6142646707112555,-0.5737872803898223,-0.055392208389104185,2.621017224391835,-14.831336289283552,17.452353513675387,24597.091666666664,24615.78333333333,24578.58333333333,24634.29166666666,24559.891666666663,24652.983333333323,24541.38333333333,24570.75386768293,24606.125000000004,24641.49613231708,0.287498598963241,0.9505792988794408,50.20352451528663,24606.125000000004,24655.755,24658.735,24621.637837071343,24636.99747940752,24644.06398206193,16.44668287599905,13.653467639227008,93.88012246766672,-0.2063676260027288,-36.939341391815965,0
1676804520,0.6994023089813018,0.7131694916358907,0.694536648664138,0.7316499992209136,-0.6936397107949662,-0.6568927159808708,-0.10135513364417781,4.416304888643936,-10.42883890002516,14.845143788669096,24641.231208833546,24682.26879116646,24596.96241766709,24726.53758233292,24555.92483533417,24767.575164665832,24511.65604416772,24556.850899995115,24616.85,24676.84910000488,0.4874636682181764,0.90688110318344,53.90609114483707,24616.85,24652.5,24661.345,24636.3168913809,24642.211574060693,24646.122174246502,25.338659256686352,17.728956813708724,93.31034134495374,-0.1317908473179723,-2.9151978680395905,1
1676806980,0.7076679892788924,0.7157957425774338,0.6911942924026081,0.7399888563300909,-0.8558396656743738,-0.8275726808708379,-0.20622425098319588,6.362854427432467,-6.785831488989304,13.14868591642177,24663.25727108344,24707.417728916564,24621.51454216688,24749.160457833124,24577.35408433376,24793.32091566625,24535.6113554172,24563.75517597987,24632.58,24701.404824020134,0.5588113305234931,0.7941889105895411,54.87231140742934,24632.58,24644.000000000004,24663.605,24648.56959425393,24647.82310604966,24648.689110032552,34.1148546949172,25.300065609200875,90.43918077565984,-0.3433223301892413,10.18219654296541,1
1676809440,0.7131140199675169,0.7209329023583574,0.6946421967566071,0.7451857503771893,-0.7640552109956136,-0.7309154604066213,-0.34600151804108104,8.97011854554512,-3.342853896701321,12.31297244224644,24670.320302208387,24698.254697791614,24645.14060441677,24723.434395583223,24617.206208833548,24751.368791166453,24592.02651104193,24588.53228602976,24652.315,24716.09771397025,0.5174582100727616,0.776211200549066,56.78076335774532,24652.315,24636.48,24666.55375,24661.56306283596,24655.04617767699,24652.39014717231,39.851800393655566,33.10177144841972,87.43638214882685,-0.3036819416260339,30.522530041567897,1
1676811900,0.718405742482648,0.722831610809337,0.6962957835386274,0.7508216718293583,-0.8332681522541622,-0.8037092192840927,-0.3777498777728042,11.33740389682498,-0.7804548363371691,12.11785873316215,24683.25,24709.6,24661.2,24731.65,24634.85,24758.0,24612.800000000003,24632.71837036722,24671.44,24710.161629632777,0.3138984155994039,0.7771061058576466,57.49622367479448,24671.44,24637.195,24669.51,24672.00870855731,24661.92869082663,24656.248228394,43.00393655204417,38.99019721353898,83.85948151988987,0.0289640784663128,42.686795139784,1
1676814360,0.7220010050088741,0.7296367948369149,0.7095948431897673,0.7491960052256513,-0.7402084593206416,-0.7056146838308405,-0.3867508946998932,14.59254308774689,1.979747483667792,12.612795604079098,24691.846742218768,24711.053257781245,24673.693484437536,24729.20651556248,24654.48696887506,24748.41303112496,24636.333711093823,24653.88520850509,24686.255,24718.62479149491,0.2622495108708196,0.8988286425024105,60.04894267193878,24686.255,24646.19,24671.36875,24685.36413903821,24671.04620158542,24661.565063785045,47.5193933078622,43.45837675118732,83.56237569704065,0.3653218396056422,66.70451226860196,0
1676816820,0.7272013968937785,0.7485351546527449,0.734926385382415,0.7596951949606006,-0.37876640124988825,-0.32335973849475724,-0.4087922329100794,21.22443227621625,6.889309337709719,14.33512293850653,24709.325,24750.55,24670.849999999995,24789.025,24629.625,24830.25,24591.15,24641.983702494173,24706.185000000005,24770.38629750584,0.5197184227822422,0.9605825917663428,66.13214317299538,24706.185000000005,24661.5175,24674.94625,24712.01775935881,24688.18780129716,24671.446962472182,59.15768046131177,49.89367010707272,86.33488052838979,0.6227640525677374,145.77486564790408,0
1676819280,0.7392512409775804,0.7822061760147518,0.8095840694557462,0.7718517173985638,1.6588817314195496,1.8429827145354134,-0.35410813132550867,33.74685905035949,15.529388889482366,18.217470160877124,24760.84918555469,24824.275814445307,24701.89837110938,24883.226628890618,24638.47174221876,24946.65325778124,24579.52092777345,24614.696220280966,24743.61,24872.523779719035,1.0419965374416604,0.9522014646304936,73.78973379885234,24743.61,24688.095,24683.92,24761.41183957254,24719.462746515856,24689.423442236737,65.03398460293569,57.237019457369904,101.64140489550252,1.0806310779780437,255.88555342976983,0
1676821740,0.7621125079473798,0.8310579925152017,0.8626043945728576,0.7949153772223636,1.1414420558712477,1.3070738632360668,-0.31774585312099596,54.153924368554726,28.74916336614208,25.40476100241265,24874.524592777347,25017.67540722266,24717.049185554693,25175.150814445315,24573.89837110938,25318.30162889063,24416.422963886725,24581.150086848687,24805.67,25030.18991315132,1.8102305896298267,0.9279798555562364,80.63198079262555,24805.67,24728.9925,24699.295,24840.22455971503,24770.0786107857,24718.79740011896,70.93476126596488,65.0421421100708,122.01795531968018,1.6632521821351929,248.62883866716825,0
1676824200,0.797970260054947,0.7495909785109997,0.8270698701081713,0.6610778161000466,2.6748488067208327,2.8959102540121915,-0.2782381534213044,51.213546206246974,20.64702816306746,30.56651804317952,24992.11229638867,25188.43770361133,24801.52459277734,25379.02540722266,24605.19918555468,25575.35081444532,24414.61148194335,24619.64524868497,24820.75,25021.85475131503,1.6204566849513389,0.3695953236882056,54.89547320008486,24820.75,24746.095,24703.4725,24816.249706476687,24769.75522700648,24723.51193344096,59.78428142952649,65.2510090994757,160.42381565398884,0.6953005973222555,43.56266506187751,1
1676826660,0.7751636106468139,0.6656840354225942,0.7394154239632846,0.6682747913191629,0.6568399387140884,0.7569483664596215,-0.2763955148712341,29.4660870055086,-0.8803448301367318,30.34643183564533,24757.33333333333,25092.666666666664,24432.966666666664,25417.033333333333,24097.63333333333,25752.366666666665,23773.266666666663,24480.475875350145,24784.71,25088.944124649854,2.455014600936259,0.0844729773640794,40.54221393426402,24784.71,24735.4825,24695.61875,24721.458137651127,24726.50427664166,24705.260796922776,43.41638110157166,58.04514126568768,176.85491612809716,-0.4307370728143518,-80.6520078315009,1
1676829120,0.7218047354860563,0.6335035889193009,0.6865210137991126,0.6071184048801003,0.8362797905106159,0.9321167860143819,-0.2496700021828823,4.858350172959035,-20.39046533014904,25.24881550310808,24602.17807409717,24762.25614819434,24371.79692590284,24992.637296388675,24211.718851805665,25152.715370485847,23981.33770361133,24307.758862025912,24719.885,25132.011137974085,3.334369378935916,0.1618935632547518,36.59069961693471,24719.885,24713.035,24682.7675,24628.03875843409,24674.63077179772,24680.1121495968,26.20314767695694,43.13460340268504,193.57364434364388,-0.9100703710723448,-169.28049663440504,1
1676831580,0.6790342773382256,0.6518962179794963,0.6454919683633724,0.6610778161000466,-0.18227256969400493,-0.125367179901486,-0.28399707434437876,-10.342393501236074,-28.47296720347532,18.130573702239243,24464.90570371525,24658.5114074305,24247.594296284748,24875.822814861,24053.98859256949,25069.42851857625,23836.677185139,24229.678017974577,24646.45,25063.221982025425,3.382004159020258,0.315936523306598,40.17944749396143,24646.45,24695.03,24669.515000000003,24583.0341722894,24641.611540561767,24662.294325825675,19.13784680570708,29.585791861411906,190.0040983190977,-0.7297428472130015,-133.7502152238388,1
1676834040,0.6668458184976503,0.6670503957097477,0.6441902085562513,0.689436046814179,-0.4113754141339731,-0.3633328938787623,-0.3288405418990485,-18.7276782203262,-29.48660153805235,10.758923317726154,24493.541666666668,24565.083333333336,24421.483333333337,24637.141666666663,24349.94166666667,24708.68333333333,24277.88333333334,24329.187692149728,24554.025,24778.862307850275,1.8313682408507248,0.459303906956159,43.039895211897466,24554.025,24679.8475,24658.16375,24567.26444819293,24622.359442277808,24650.24010431847,23.99422134445181,23.11173860903862,181.35201986773365,-0.6149860962307088,-98.81672296614622,1
1676836500,0.668329053408549,0.630052198323827,0.6382443326804765,0.5924738135138383,0.8344206466210505,0.9283374620537744,-0.39974965721201466,-33.40016421709879,-35.32727002785995,1.927105810761165,24532.94166666667,24564.68333333333,24503.983333333337,24593.64166666667,24472.24166666667,24625.38333333334,24443.283333333336,24399.00485981228,24486.66,24574.31514018772,0.7159419879046165,0.1852152658599536,38.23309646773079,24486.66,24653.705,24645.45,24522.001298795287,24587.65318004548,24629.40533247861,24.81856119060434,22.65020978025441,190.869732734324,-1.0587051338644018,-147.96023244728633,0
1676838960,0.6505706554886784,0.6474954731585325,0.6507341902893514,0.6482593229237092,-0.19505438503407305,-0.13885775062837472,-0.4122421653734176,-40.59427530611356,-34.01710489349978,-6.57717041261378,24402.291666666668,24574.18333333333,24259.583333333336,24716.891666666663,24087.69166666667,24888.783333333333,23944.983333333337,24401.19834132048,24476.41,24551.62165867952,0.6145644616961397,0.5280209217161427,41.54760532316362,24476.41,24630.56,24638.375,24508.20919919686,24568.1935109463,24615.235777004465,25.46786167684448,24.76021473730022,191.11475182472927,-0.9365866686629946,-84.77849128599424,1
1676841420,0.6504135261277545,0.664867768238061,0.6442957566487204,0.682060042360755,-0.41404952097578857,-0.3665314554185359,-0.4152160390174989,-41.86323099914807,-28.22884846922744,-13.63438252992064,24482.441666666666,24578.68333333333,24384.38333333333,24676.741666666665,24288.141666666663,24772.98333333333,24190.08333333333,24418.74185431751,24494.085,24569.428145682487,0.6151946127604879,0.7355224199794118,44.72870204665031,24494.085,24606.985,24634.25125,24515.33113279791,24561.17196350152,24607.077607765943,26.26885785291732,25.51842690678872,183.2922695515346,-0.9519358215569552,-55.38280615849664,0
1676843880,0.6590215394100933,0.6638829241349821,0.6440142950688024,0.68499612180338,-0.5752327510601029,-0.5347841489796128,-0.4325882509306482,-42.60172071876514,-23.173870551075595,-19.42785016768954,24524.125,24567.65,24486.05,24605.725,24442.525,24649.250000000004,24404.45,24421.156955371072,24500.84,24580.523044628928,0.6504515325101323,0.6628953820784023,44.58058151228892,24500.84,24573.645,24630.870000000003,24519.15408853194,24554.92251559215,24599.43212131204,29.605516468899708,27.11407866622051,175.38567886928226,-1.3410994280013897,-48.08167684142627,1
1676846340,0.6628330995988266,0.6388980503127399,0.6295542064004985,0.6399523664518925,-0.39525876913482627,-0.34873414032820804,-0.42984880161260103,-48.31077425158583,-23.10633926711703,-25.2044349844688,24525.666666666668,24562.533333333336,24489.93333333333,24598.26666666667,24453.066666666666,24635.13333333334,24417.33333333333,24407.84553091504,24484.975,24562.104469084963,0.6300146852097216,0.3147595183851236,40.88184170279,24484.975,24519.5,24624.24625,24498.236059021296,24537.009330939032,24585.81001452042,28.75756939339834,28.2106479050718,174.55813037861918,-2.165986274819623,-74.69984103642652,0
1676848800,0.652245823746694,0.6006488347418272,0.6175675810846771,0.5815888360680093,0.36010570914480894,0.432473351821319,-0.4073840300455907,-60.83056520463288,-28.500904176131257,-32.32966102850162,24446.56666666667,24530.13333333334,24372.83333333334,24603.86666666667,24289.26666666667,24687.43333333333,24215.53333333334,24336.367303105057,24468.405,24600.44269689494,1.0792505428526478,0.0464174140537167,35.96268938658855,24468.405,24477.5325,24611.81375,24448.3657060142,24502.75763440466,24563.220965518474,23.326936857507025,27.230007573268367,182.5347167999974,-1.694403733804901,-106.45233326614968,0
1676851260,0.6278266303570786,0.5951212863074329,0.593360945784792,0.6114867181971765,-0.3346791179489111,-0.28803779441963806,-0.40337319612441447,-71.18874255867922,-31.087265224142087,-40.10147733453714,24344.95178009264,24489.90356018528,24203.673219907367,24631.182120370555,24058.721439814726,24776.133900463195,23917.44287962945,24270.109874981365,24438.890000000003,24607.67012501864,1.381242151494102,0.1864559734497407,35.30161683988667,24438.890000000003,24457.65,24596.56625,24409.9271373428,24471.90170087654,24541.29992118338,17.465131211130128,23.183212487345173,179.06278489563763,-0.8104761662123139,-98.67458425943208,1
1676853720,0.612853122492287,0.5210539117804132,0.5785177755678302,0.4481404448160256,1.5608893040683811,1.6462528002217562,-0.34896085738881477,-95.14128900348442,-44.03184933515782,-51.109439668326594,24344.65922337965,24405.81844675931,24271.89077662035,24478.58689351861,24210.731553240694,24539.74611689827,24137.963106481388,24084.38042020717,24357.845,24631.30957979284,2.245392232299985,0.0730799941680047,27.90062441131914,24357.845,24425.965000000004,24569.5,24314.734758228537,24408.71048253536,24501.5904048802,16.859805319149363,19.217291129262183,205.4110741937692,-1.2963766099864251,-198.174805033466,1
1676856180,0.568330846173041,0.5158901345912994,0.5502172235610256,0.49543996851977473,1.048379738343889,1.1282858036062415,-0.30550867049876484,-113.98398164254104,-50.29963357937155,-63.68434806316949,24108.96294502316,24390.62589004632,23842.68705497684,24656.90178009264,23561.02410995368,24938.5647251158,23294.74821990736,24003.62206817695,24274.445,24545.26793182305,2.2313419056382258,0.1960283257926343,27.468258234754177,24274.445,24387.6425,24541.33625,24246.42317215236,24354.363122074377,24464.27703298685,19.325331747360817,17.883422759213445,214.69599746564265,-1.5646291137987332,-169.66480439433911,1
1676858640,0.5434876914790202,0.5640144086011883,0.5664012644063283,0.566371351151966,0.08076785631454057,0.14016232354511537,-0.28724876549714606,-116.63071824986764,-42.35709614935851,-74.27362210050913,24121.33333333333,24283.266666666663,23947.866666666665,24456.73333333333,23785.93333333333,24618.66666666666,23612.466666666667,24031.22138844849,24232.245000000003,24433.26861155152,1.6591414584287243,0.5327200369610013,37.23085559414786,24232.245000000003,24358.61,24519.22875,24246.08211476824,24334.55164533358,24443.431601273816,28.676009630828563,21.620382232446257,215.8605690752396,-1.183274592456498,-85.36194761246125,0
1676861100,0.5551294434835068,0.5926547398150367,0.5817057378143863,0.5860998730602913,-0.09818697987343862,-0.04295654207719712,-0.27478184758409313,-110.93764045503848,-29.33121468362349,-81.606425771415,24247.900000000005,24338.30000000001,24155.00000000001,24431.200000000004,24064.60000000001,24521.60000000001,23971.70000000001,24036.583316619035,24227.74,24418.896683380968,1.5779984710168309,0.7572758594162516,42.21563712393439,24227.74,24348.0725,24500.88875,24272.754743178823,24333.014982545654,24432.257163057264,40.81894231126441,29.606761229817938,212.70634239960177,-0.4313083839596259,-42.482898338565846,0
1676863560,0.5752711946971456,0.6204255690279699,0.612560963512931,0.6064199410101845,-0.3464621760200772,-0.2984772984490278,-0.26820591559444257,-98.97084001230904,-13.891531392715237,-85.07930861959382,24307.66620146124,24402.73379853878,24231.03240292247,24479.367597077544,24135.964805844924,24574.43519415509,24059.33100730616,24014.38584402279,24242.0,24469.614155977204,1.8778496491808243,0.8566342332773433,46.64056914974721,24242.0,24340.445,24485.5025,24316.61982878589,24345.98498571917,24429.59933800419,58.84973908629407,42.78156367612903,211.9880820716416,-0.3115729275702784,3.485083538910694,0
1676866020,0.5992281729717724,0.6417283680504154,0.6399682848574767,0.6305890125696075,-0.437358899008943,-0.3916591609062685,-0.26841817137489166,-83.6789497507707,1.1202870950585009,-84.7992368458292,24381.89976739728,24494.45023260272,24291.79953479456,24584.55046520544,24179.24906958912,24697.10093041088,24089.1488369864,24061.41542177668,24310.005,24558.59457822332,2.045162707480481,0.8104916970037347,49.81525325208369,24310.005,24333.925,24470.455,24365.871552523924,24367.510442861138,24432.911305813315,73.18013439121945,57.61627192959265,212.0639582739588,-0.2658015884906311,47.36884434369407,0
1676868480,0.6218585894271066,0.6394392709459638,0.6252971000042347,0.653419778138561,-0.6252123502616764,-0.5881052765664266,-0.29648312431130985,-71.25904769685076,10.832151319182756,-82.09119901603351,24450.37488369864,24563.90011630136,24350.849767397274,24663.42523260272,24237.32453479456,24776.95046520544,24137.799418493192,24212.76225775698,24379.63,24546.497742243017,1.3689111954776934,0.7346019636496909,49.47462234918694,24379.63,24327.0375,24450.34125,24396.55603501595,24383.94945325002,24435.293562402523,81.64055585059309,71.22347644270222,204.6013665723931,-0.2808152714581452,56.3886242182648,1
1676870940,0.6320291923869481,0.6478237545262264,0.6300115814678655,0.6636804223617614,-0.44687753564202093,-0.40167536965774936,-0.29534863289012003,-58.83167090022471,18.60762249264704,-77.43929339287175,24455.579108515987,24510.545891484013,24402.958217031974,24563.166782968023,24347.991434063948,24618.13356593605,24295.37054257993,24313.64274600881,24426.86,24540.077253991192,0.9269898299756226,0.7415267906261762,50.80161743426468,24426.86,24329.5525,24424.526250000003,24424.887356677304,24401.69500720456,24439.69893741181,85.05708975039856,79.9592599974037,196.5820787619376,0.1028360674506528,64.12887464195771,1
1676873400,0.6413069433943719,0.6491191350582026,0.6344094186540891,0.6620803798121621,-0.6944086083356233,-0.6602850225632768,-0.3023603864396427,-48.13350764474308,23.44462859850293,-71.578136243246,24477.472887591328,24525.67711240868,24433.345775182657,24569.804224817344,24385.14155036531,24618.00844963469,24341.01443795664,24400.637951437588,24458.68,24516.722048562413,0.4746130908324789,0.7284550653952492,51.015671085008144,24458.68,24343.21,24410.371250000004,24444.991571118204,24416.877733167366,24444.032371944017,86.70373500936482,84.46712687011883,190.3476445646563,0.5609146307029688,66.60243980910808,1
1676875860,0.6465935412589421,0.647841499465019,0.6341631397716616,0.67210601693332,-0.4955403381856687,-0.45241826302064003,-0.29818256233596435,-39.49040529193371,25.67018476104984,-65.16059005298355,24481.366666666665,24537.93333333333,24428.63333333333,24590.666666666664,24372.066666666666,24647.23333333333,24319.33333333333,24452.383013971383,24474.13,24495.876986028616,0.1777140681087714,0.6717479376261272,50.780995803920014,24474.13,24358.065,24407.8575,24457.19438074547,24428.645418046028,24447.61024128268,88.50488314882357,86.75523596952898,182.5085270957524,0.6104865604599325,74.4346602134421,1
1676878320,0.6485979907394185,0.6525439082454838,0.6352538033938445,0.674755649601055,-0.681002419856849,-0.6457584134591783,-0.3044765832788096,-31.21173073868704,27.159087451437216,-58.370818190124254,24489.266666666663,24525.733333333326,24445.133333333324,24569.866666666665,24408.66666666666,24606.33333333333,24364.53333333332,24455.90089670036,24480.225,24504.54910329964,0.1987245076353762,0.8006277316750207,51.66234374168224,24480.225,24395.115,24410.54,24469.746253830315,24440.682614764934,24452.109265922423,90.34453588588336,88.5177180146906,174.92220373177005,1.5357926742067662,82.00053101897663,0
1676880780,0.6519515363786781,0.6515324467342145,0.6463363531031279,0.6553488806022421,-0.4090165658475206,-0.3619829344476512,-0.29969883037917683,-24.59725089510175,27.018853836018003,-51.61610473111976,24497.18333333333,24534.16666666666,24457.86666666666,24573.48333333333,24420.88333333333,24610.46666666666,24381.566666666666,24476.1324979333,24487.04,24497.9475020667,0.089087958909697,0.7273664478662574,51.44893870975078,24487.04,24433.335,24410.48875,24477.16416922021,24450.013048444034,24455.90838345362,90.41688644292968,89.75543515921221,173.99918917950075,1.5852474927208051,72.88097499521781,1
1676883240,0.6531225533822916,0.6430858558681725,0.631418889367457,0.6458603311840033,-0.3465996683471487,-0.29754207913762276,-0.2993112531849142,-21.03323106443349,24.46629893334901,-45.4995299977825,24488.666666666668,24571.333333333336,24409.333333333336,24650.666666666668,24326.666666666668,24733.333333333336,24247.333333333336,24465.6536327955,24484.370000000003,24503.086367204505,0.152884204939744,0.0680251454964009,49.6061200905657,24484.370000000003,24455.615,24407.1125,24474.176112813475,24453.31976690876,24457.07901360089,89.54912396323498,90.10351543068268,172.00638995239345,0.9189372004586408,47.81193147072377,1
1676885700,0.6494845571749128,0.7348005720260288,0.7901984031388734,0.6812903210651788,1.5336217749030305,1.7030230460949445,-0.284407925308036,2.6138868207344785,38.49073345481359,-35.87684663407911,24457.766666666663,24536.033333333333,24389.93333333333,24603.866666666665,24311.666666666668,24682.13333333333,24243.833333333336,24337.785878789484,24532.655,24727.52412121052,1.588650891723827,0.9976930126103908,64.48234429909274,24532.655,24495.6675,24421.870000000003,24558.32574187565,24503.0116274708,24482.75005992462,84.83169291560513,88.2659011072566,196.0559335272225,1.6464825845491118,172.94330287819074,0
1676888160,0.6935251895111955,0.7960117383966437,0.7863634891124859,0.7257208490831969,0.47638573485108343,0.5861069788973806,-0.3239800708704716,34.869732607450715,56.59726339322386,-21.727530785773148,24727.325097201945,24976.19990279805,24477.75019440389,25225.774805596106,24228.875388807784,25474.64961119221,23979.300486009728,24276.41210544384,24616.155,24955.89789455616,2.7603246287339545,0.9164104747056404,70.69919907358685,24616.155,24545.1425,24442.793750000004,24671.91716125044,24575.027695203386,24522.402435169894,85.70315047722056,86.69465578535356,208.0135350036409,2.027302509593577,218.1155117733864,1
1676890620,0.7461526054573551,0.7759067227428085,0.7719385831416726,0.7598303417434512,-0.063490325378704,0.012585578183514539,-0.39831976406871944,55.22494246761198,61.56197860270811,-6.337036135096124,24822.545881934308,25042.55411806569,24679.09176386861,25186.008236131387,24459.083527737228,25406.01647226277,24315.629409671536,24331.71351621761,24685.675,25039.6364837824,2.867748066701792,0.7214577110547749,66.5771775672573,24685.675,24582.95,24458.4375,24728.761440833627,24623.649932439133,24552.883155629905,84.72494830534195,85.08659723272255,209.3839967890952,1.5454104182101556,172.7156547627422,0
1676893080,0.762413307473485,0.7874231880202488,0.7803472478417326,0.7952188397537454,-0.10771246876929708,-0.032140331123691905,-0.43673379344240404,73.13201637551902,63.57524200849211,9.556774367026904,24821.75,24945.7,24718.5,25048.95,24594.55,25172.9,24491.3,24445.28872040314,24762.255,25079.22127959685,2.560076047975905,0.6776924033422019,67.73753754736178,24762.255,24624.6475,24475.8425,24777.474293889085,24669.331762904745,24583.551426522296,87.53331340277613,85.98713739511288,205.30411048625064,1.7048666229862035,144.69002336290384,1
1676895540,0.7763021764568914,0.7678150306526506,0.75575454229637,0.7659889474035912,-0.16579844140528874,-0.09748679866197196,-0.46955007729713844,81.92095443583821,57.891344055049046,24.02961038078917,24873.478137150243,24950.32186284976,24798.056274300485,25025.743725699514,24721.21254860097,25102.587451399027,24645.790685751213,24713.52584019155,24832.545,24951.56415980845,0.9585739988265638,0.4458280497831047,63.68357861490704,24832.545,24658.4575,24494.005,24791.532862592725,24696.66235146752,24606.037004948743,82.67385866824127,84.97737345878646,202.35381688008985,1.3810400076792462,91.07284894704156,1
1676898000,0.7734420464451257,0.7781159676226866,0.7698276212922853,0.7967819757042904,-0.34265130703228397,-0.2825867431771296,-0.5131140663301194,90.18868705362549,52.92726133826904,37.26142571535644,24804.55,24894.1,24730.1,24968.55,24640.55,25058.1,24566.1,24802.045325064497,24856.955,24911.8646749355,0.4418053211706844,0.424603450942618,64.87294672268965,24856.955,24694.805,24519.0075,24810.580241728487,24724.30101483706,24629.145385429816,81.46544779037667,83.89087328713136,196.3285442457977,1.4844681685262875,93.0898830193476,1
1676900460,0.7771627051444581,0.7892065543690658,0.7757734971680601,0.7944904015051681,-0.14018845057993543,-0.06718746599822109,-0.5428264588290888,98.13134153133797,48.69593265278522,49.43540887855275,24856.225,24911.450000000004,24793.450000000004,24974.225,24738.225,25029.450000000004,24675.450000000004,24808.877719300195,24853.120000000003,24897.36228069981,0.356029993013412,0.802934202034857,66.15803023638381,24853.120000000003,24734.6375,24546.35125,24833.695161152325,24752.59628486668,24653.029158246023,80.50300720950325,81.54743788937374,192.39793394252663,1.627038265472848,83.95844667079653,0
1676902920,0.7845686026521932,0.8128516853123473,0.8373784004726791,0.7829967246626984,1.8714928143326204,2.0752582441976966,-0.49545263944609796,108.5507278995574,47.29225521680371,61.25847268275368,24870.141666666663,24945.68333333333,24804.38333333333,25011.44166666667,24728.841666666664,25086.983333333337,24663.08333333333,24789.585138838764,24873.94,24958.29486116124,0.6782589421799283,0.9303842066743386,68.7803717139533,24873.94,24779.807500000003,24587.46125,24871.31344076822,24787.860596709103,24680.98352412736,80.4174581569293,80.79530438560307,203.54808151806048,1.84406109855747,96.59616048061277,0
1676905380,0.8000947027190681,0.8229574279556474,0.8187667535005805,0.8179790370461673,0.5205956774241891,0.6383887248591859,-0.47249806332912136,117.74852943705628,45.19204540344208,72.5564840336142,24940.016666666663,25117.533333333333,24769.033333333333,25288.516666666663,24591.516666666663,25466.033333333333,24420.533333333333,24776.979767592056,24893.965000000004,25010.95023240795,0.9398682163162636,0.8464539853941889,69.85548231625067,24893.965000000004,24828.11,24630.7225,24905.883960512147,24821.890488216537,24708.987474210466,80.89914597645473,80.60653711429576,203.1446471239132,1.9721745876204533,95.36620698260838,0
1676907840,0.8129108744581357,0.7861189350188736,0.7982904235615247,0.7658815298630077,0.045338051501652064,0.12915778473201167,-0.4891621996818196,115.33257873923505,34.22087576449667,81.11170297473836,24964.44166666667,25068.68333333333,24870.78333333334,25162.341666666667,24766.54166666667,25266.583333333336,24672.883333333342,24808.07470699828,24904.28,25000.48529300173,0.7726004767190496,0.3282059179456386,61.536393504277264,24904.28,24868.4125,24662.01375,24894.330973674765,24830.86039944989,24724.4386671428,75.38391433128287,78.90017282155564,209.00574375791945,1.6471379177871597,49.088148432899,1
1676910300,0.8008988011338259,0.7552161241087639,0.7729940640663663,0.7301472946954525,0.34323032427812183,0.44106501325284275,-0.5877924936544336,105.1792546456236,19.25404133670817,85.92521330891542,24861.94166666667,25009.18333333333,24723.983333333337,25147.14166666667,24576.74166666667,25294.38333333334,24438.783333333336,24758.481271775,24891.375,25024.268728225,1.06778937061533,0.096576146097515,55.559016761415705,24891.375,24874.165,24684.91625,24857.603982449844,24822.36759954991,24730.125460748248,67.98359535201645,74.7555518865847,216.4410477752108,0.2326439617214296,3.6087329038703295,1
1676912760,0.779440593356026,0.7734313037810159,0.7643391204838789,0.7821015784911665,-0.30530296603015444,-0.24392632209360957,-0.6019518472499452,100.12004910623,11.355868637851673,88.76418046837833,24775.68333333333,24936.466666666667,24623.36666666667,25088.783333333333,24462.583333333336,25249.566666666666,24310.26666666667,24741.98738222113,24882.485,25022.982617778867,1.1292892794177647,0.3327017897414017,58.14007158465531,24882.485,24867.8025,24706.4725,24850.22765496656,24824.750763268108,24740.1587502008,61.62451583504207,68.33067517278047,211.2238300769816,-0.2555313244253808,26.06171387345379,0
1676915220,0.7778195306099396,0.7658808323240818,0.7497383010256166,0.7795951692108769,-0.46668937560787127,-0.41533367574263097,-0.6610810535908574,93.31816386475477,3.6431867171011447,89.6749771476536,24832.95833333333,24905.916666666664,24762.516666666663,24976.358333333334,24689.55833333333,25049.316666666666,24619.11666666666,24724.16754799002,24856.015,24987.86245200998,1.0608897042424603,0.3414265904932568,56.67081276711615,24856.015,24864.9775,24723.963750000003,24838.218436644376,24822.832442673905,24747.21029780072,59.02597402597405,62.87802840434421,203.91498507148293,-0.1137166422796463,-5.4818392184468525,1
1676917680,0.7732335764348843,0.7625625287695644,0.7463607620665962,0.7785567996518994,-0.5613793304443622,-0.5154244419088535,-0.7350675334984056,86.1797276913494,-2.7961995650433664,88.97592725639277,24809.7,24866.4,24757.5,24918.6,24700.8,24975.300000000003,24648.6,24762.702623189725,24821.98,24881.25737681028,0.4776200513438033,0.3555098005194458,56.0010124515166,24821.98,24857.9725,24741.31,24827.095624429585,24819.562907642285,24752.69979324827,57.78690789674838,59.47913258592151,196.64962899494847,-0.2816091722981917,-54.3106688334606,1
1676920140,0.7692813653544593,0.7765100506618118,0.7591672639528797,0.802147701169266,-0.6281558258366627,-0.5852644403238706,-0.7539906711911453,82.73987339377345,-4.9888430900954575,87.72871648386891,24802.416666666668,24854.733333333337,24752.533333333336,24904.61666666667,24700.216666666667,24956.93333333333,24650.333333333336,24773.557214640776,24816.565,24859.57278535922,0.3466054658186813,0.8206977500654685,58.23540660854438,24816.565,24860.4225,24759.44,24832.78041628639,24824.03328807096,24761.40933674844,52.84823916560759,56.55370702944335,188.5925126381666,0.0987121091554474,1.1112446411338028,1
1676922600,0.7742793663298368,0.7693322229195545,0.7579006868432465,0.789262747863422,-0.563648257608033,-0.5171615082561102,-0.7644227572045563,77.48853599944414,-8.192144387539827,85.68068038698397,24849.6118708352,24883.238129164805,24810.5237416704,24922.32625832961,24776.897483340785,24955.952516659218,24737.80935417598,24796.24825789752,24824.52,24852.791742102472,0.2277727190896372,0.4894771252892578,56.64125138382803,24824.52,24857.9475,24776.37625,24829.8286108576,24824.013599330785,24767.363209439063,47.08417419568415,52.57310708601338,182.6287617354403,-0.0996028963314945,-34.27045189171657,0
1676925060,0.773189275105622,0.7580908041934249,0.7374582741245205,0.7829967246626984,-0.6493422803886653,-0.608593370427895,-0.7704305656997703,69.96439945403472,-12.573024746359408,82.53742420039413,24829.675,24879.35,24774.25,24934.775,24724.575,24984.45,24669.15,24780.698018868803,24815.875,24851.0519811312,0.2835038549412177,0.1641980175631387,54.141556461077606,24815.875,24849.18,24791.90875,24817.3024072384,24818.238399452457,24769.73337996868,41.80024062651029,47.244217995934015,174.19073612050852,-0.3523925413762271,-88.18279248815014,0
1676927520,0.7670232416084973,0.7568042961308449,0.7371780780217618,0.7794161399765706,-0.7118062183162345,-0.6747114503930589,-0.7742292065438825,62.982931796475896,-15.643593923134604,78.6265257196105,24793.9154677088,24825.330935417594,24760.8345322912,24858.4118708352,24729.4190645824,24889.82733854399,24696.338129164804,24769.23202627744,24810.76,24852.287973722567,0.3347577722130611,0.2334928962838516,53.84866602661925,24810.76,24833.3875,24806.5975,24807.74327149227,24812.85414500656,24771.53258187642,37.6335416246722,42.17265214895556,167.0128263976151,-0.6330534683152697,-83.19307773864173,1
1676929980,0.7632969389535971,0.73522645055709,0.7276520463071116,0.7420348358533957,-0.5264570081310229,-0.4800564387018864,-0.7717429983443063,51.94522429500648,-21.34504113968321,73.2902654346897,24789.108333333334,24825.716666666667,24752.016666666663,24862.80833333333,24715.408333333333,24899.416666666668,24678.316666666666,24716.29840380781,24795.355,24874.41159619219,0.6376726301534245,0.0729009136958599,49.05529953929442,24795.355,24808.6675,24818.38875,24781.10384766152,24797.394300459902,24767.36995503105,31.17651011220839,36.87009745446364,165.87077456789976,-0.989788799010214,-157.71457762445752,1
1676932440,0.7506443302178083,0.7434955920351912,0.7368614337443533,0.7534210951552832,-0.5980213104584513,-0.5552491703918112,-0.7751873555460581,44.56416885317594,-22.980877265211006,67.54504611838695,24725.0163669272,24801.932733854403,24650.9086330728,24876.0404677088,24573.9922661456,24952.956834636003,24499.8845322912,24709.47716743376,24776.75,24844.022832566243,0.5430319357158858,0.3095442170153629,50.86053210970884,24776.75,24796.6575,24832.535,24771.110898441013,24788.981700376287,24765.822816456664,28.413290331250483,32.40778068937703,164.4085763844782,-0.4828873527540155,-101.5182912224618,1
1676934900,0.7484528014685704,0.762961789892434,0.7362985105845171,0.781134740132722,-0.7966350591483758,-0.7643355129684547,-0.7781848274198367,42.64893545740051,-19.91688852878915,62.56582398618966,24752.108333333334,24824.316666666666,24678.916666666668,24897.50833333333,24606.708333333336,24969.716666666664,24533.51666666667,24715.048231815887,24773.16,24831.27176818412,0.4691510342977102,0.7823438438151818,54.91104237430951,24773.16,24798.84,24836.5025,24782.732265627343,24792.07139121696,24769.646833936986,29.579049922730604,29.722950122063168,157.8490352141581,0.0880603127401871,-37.49334132320105,1
1676937360,0.7570906183249941,0.7804050647271396,0.7687369576701024,0.7898490283591802,-0.48368334142227576,-0.43244700630953825,-0.7757294051689085,44.5831664384059,-14.38612603822702,58.96929247663292,24795.65825839847,24834.01674160154,24767.61651679694,24862.05848320307,24729.25803359388,24900.416966406137,24701.216291992343,24697.26171814898,24785.735,24874.20828185102,0.713904847695823,0.8921522890766334,58.23335468584355,24785.735,24800.805,24834.30375,24806.86317708489,24803.535683722966,24777.78761165727,40.0589978638434,32.68377937260817,156.16429072759686,0.0791206932824979,55.16705556466335,1
1676939820,0.770131596352218,0.7910609004730611,0.777145622370161,0.8030054593385687,-0.5401772489167562,-0.49159472395638926,-0.769535111330897,47.98567599402668,-8.786893186084995,56.77256918011168,24850.88746253257,24920.13753746743,24785.87492506513,24985.150074934867,24716.624850130265,25054.400149869733,24651.61231266283,24685.72201476098,24805.04,24924.35798523902,0.9620463038077772,0.8356996006910548,60.16437173624255,24805.04,24807.9,24836.43875,24832.958784723265,24818.37465031879,24788.012601023245,54.30420572324178,41.314084503271935,153.68247040427914,0.2859249945595696,135.78531996022457,1
1676942280,0.7819802672521021,0.7853559026507235,0.7728181505789173,0.7979635686507124,-0.5359226810676652,-0.48734560419055856,-0.7625808177609857,48.82227834108926,-6.360232671217929,55.18251101230719,24881.11039793296,24943.83960206705,24822.420795865903,25002.5292041341,24759.691591731804,25065.258408268204,24701.00198966476,24735.53933963644,24833.29,24931.04066036356,0.7872550142454687,0.6830422416938486,58.60221994462776,24833.29,24814.3225,24836.1475,24844.99752314885,24827.592895715374,24795.73282949722,67.54298683704388,53.96873014137636,151.50515108968784,0.2589211384064092,106.5403832456804,0
1676944740,0.7850519624415336,0.8192398632782617,0.8257681103010489,0.8172629201089417,0.07317011234994965,0.16348548580264322,-0.7458848197487282,56.53759609629924,1.0840680671936411,55.4535280291056,24866.95833333333,24929.616666666665,24806.416666666664,24990.158333333333,24743.75833333333,25052.816666666666,24683.216666666664,24772.777931235752,24875.975,24979.17206876425,0.8296926553773245,0.9291546313313772,64.49821841167022,24875.975,24826.3625,24843.3925,24884.8483487659,24852.494187403485,24811.81065525939,74.01223690261502,65.28647648763358,156.38335458328152,0.4846211281126601,217.5034781238444,1
1676947200,0.8035306298727845,0.828023607981394,0.8316084380843533,0.8136107237290912,0.7160629280338744,0.8478617455494831,-0.7065979823380577,63.91241660426749,6.767110860129506,57.14530574413799,24966.916666666668,25075.63333333333,24855.833333333336,25186.716666666667,24747.11666666667,25295.43333333333,24636.033333333336,24804.814258168328,24912.640000000003,25020.46574183168,0.8656307949031113,0.8554809765170563,65.85580460265403,24912.640000000003,24842.9,24850.42375,24919.66556584393,24877.36797151194,24828.714402377544,76.08615962043505,72.547127786698,162.82740068447558,0.6661919901869009,173.52413454767526,1
1676949660,0.8171620535696009,0.8145463269671933,0.8022308856803799,0.8356671253956379,-0.45275285293851675,-0.39690691136777595,-0.6996608884241746,65.93271852242833,7.029930222632274,58.90278829979606,24977.3,25106.6,24860.0,25223.9,24730.7,25353.2,24613.4,24838.624847855142,24931.88,25025.135152144856,0.7480795844104411,0.6042569742945432,61.94191005850965,24931.88,24858.807500000003,24853.99375,24930.218710562625,24890.81470396431,24840.39160215111,72.64608313208845,74.24815988504618,158.4468720641559,0.6416319616009064,120.98567591083828,0
1676952120,0.8172387909923221,0.7950890015793455,0.7811243587978699,0.8170122791809126,-0.705103981525058,-0.6663331477208523,-0.717647390585726,62.39070186546087,2.790330852531845,59.600371012929024,24957.341666666664,25005.08333333333,24903.58333333333,25058.841666666664,24855.841666666664,25106.58333333333,24802.08333333333,24845.09747054934,24934.15,25023.202529450664,0.7143017062996926,0.2886079135974425,56.702495376879725,24934.15,24869.595,24851.49125,24918.97914037509,24891.848394152617,24845.7352590891,66.6536020903328,71.79528161428544,153.8310240595734,0.4351794421836629,52.56662724092342,0
1676954580,0.807548014927166,0.7905995320644108,0.7715179365774764,0.8194828826143412,-0.6977252137926195,-0.6585374013095134,-0.7182148721767266,57.89549563147739,-1.3639003051613088,59.2593959366387,24901.70292910207,24945.90585820414,24852.297070897926,24995.311716408283,24808.094141795857,25039.51464551036,24758.68828359172,24856.286113583752,24937.105,25017.923886416247,0.6481817870698908,0.170528744198987,55.53524653383097,24937.105,24885.1975,24846.932500000003,24907.26942691673,24890.394140670323,24849.36523441395,58.78126166480055,66.02698229574061,147.08626474482568,0.63096936345998,36.15860134722659,1
1676957040,0.8004577809042018,0.8049995498959096,0.7901632204413828,0.8281837034016316,-0.6361455092368008,-0.5924439603414063,-0.7137653269024903,56.95058481418164,-1.8470488979656488,58.79763371214729,24890.684797884373,24916.969595768744,24857.56520211564,24950.08919153748,24831.280404231267,24976.37398942185,24798.160808462533,24852.92139312225,24929.08,25005.23860687774,0.6110021459094623,0.4694387792080318,58.48711424734312,24929.08,24902.527500000004,24849.5925,24912.98795127782,24896.581569639355,24856.51378351738,56.77304964539022,60.73597113350787,143.2193886916239,0.7001701942840804,66.75156016409781,0
1676959500,0.804113029589156,0.8166402297449089,0.7928371054506075,0.8372877332622864,-0.6510999617202596,-0.6081251939171162,-0.7130703503058984,58.177784774256,-0.49587915031303,58.67366392456903,24929.975,24971.250000000004,24883.150000000005,25018.075,24841.875000000004,25059.35,24795.050000000007,24864.629850292644,24922.665,24980.70014970736,0.4657218616657331,0.797750588860948,60.75521802265772,24922.665,24917.6525,24858.24625,24927.733634185213,24907.607647886744,24866.1053279443,61.30645763344536,58.95358964787872,138.0089967555598,0.6097321310692283,78.22172593154238,0
1676961960,0.8117612822703446,0.8284583589818515,0.8142633682218878,0.8450036966128053,-0.2488905579952499,-0.1788187740872995,-0.7235545661969134,61.13268178258659,1.9672142864140485,59.16546749617254,24951.917032804427,24989.70796719558,24919.434065608853,25022.19093439116,24881.6431312177,25059.981868782303,24849.160164022127,24852.088908529186,24930.505,25008.921091470813,0.6290774412376762,0.8827020632770384,62.96739242883739,24930.505,24931.1925,24865.99875,24948.66408945681,24922.683530089154,24877.95482052104,69.27025009331867,62.44991912405143,135.98152918683115,0.5447568660387001,103.80131428722906,0
1676964420,0.8214947660401765,0.8401611461166302,0.8253811006286618,0.8548233517904661,-0.26454624024735557,-0.1950552195142193,-0.7138187822653801,65.38158762349849,4.972896101860762,60.40869152163773,24990.50018306888,25045.324816931123,24935.700366137764,25100.12463386224,24880.875732275523,25154.94926772448,24826.075915344405,24858.12040304541,24955.905,25053.689596954588,0.7836589933692149,0.8456321450677571,65.06727569710215,24955.905,24945.027500000004,24876.463750000003,24973.609392971208,24941.01379734567,24891.8162661857,76.25964271405856,68.94545014694087,134.39711463039194,0.5559540529191045,121.65844198235686,0
1676966880,0.8322131914454877,0.7926934348421276,0.8855786960336892,0.7297534303799776,2.675738200657055,2.9369934514059346,-0.6285598049018896,57.295897468957264,-2.4902352421443723,59.78613271110164,25021.166758201103,25079.233241798887,24965.433516402205,25134.966483597786,24907.36703280442,25193.03296719557,24851.633791005523,24862.72448600409,24957.085,25051.445513995903,0.7561821742876401,0.1432035119959197,52.150288114974224,24957.085,24947.095,24880.70875,24945.656261980806,24931.693106919185,24891.61947892992,67.68583865810122,71.07191048849283,170.09732072822115,0.0831353799849784,-5.667337325479398,1
1676969340,0.8138373724316058,0.7155118235567267,0.7777525480550739,0.7086995924255464,0.7155012826985842,0.8262130843222882,-0.5915222717435898,32.95957729125439,-21.4612443358778,54.42082162713219,24917.18333333333,25220.56666666667,24586.36666666667,25551.38333333333,24282.983333333334,25854.76666666667,23952.166666666668,24656.11315638592,24906.655,25157.19684361409,2.0118465816793933,0.0322537812066693,38.69820202198076,24906.655,24917.8675,24872.115,24854.529174653875,24884.526178388423,24870.729528555643,47.76312864860494,63.90287000692158,185.55644557983604,-1.1707601378755133,-235.5726459459553,1
1676971800,0.7660567449990278,0.7470889421410168,0.7398167803334961,0.7623367510237407,-0.11998093254077587,-0.048938595691133374,-0.5743173662283497,20.61477285241199,-27.04483901977617,47.65961187218816,24722.933356216945,24890.86671243389,24504.34164378306,25109.45842486777,24336.408287566115,25277.39178108472,24117.81657513223,24600.075530365863,24867.46,25134.844469634136,2.1504767244755727,0.3013908583671169,44.95424986052559,24867.46,24895.0625,24868.98125,24823.43611643592,24862.112327772345,24860.30290678844,30.06540491639837,48.50479074103486,183.832770895562,-0.912590588772006,-155.46024014037076,0
1676974260,0.757955772942394,0.7382430901521051,0.724512306925438,0.752561754830612,-0.3196830316951469,-0.2619713749847227,-0.5690509249221932,8.719672248163988,-31.15195169921934,39.87162394738333,24766.58333333333,24828.366666666665,24699.466666666664,24895.483333333334,24637.68333333333,24957.266666666663,24570.566666666666,24566.027208001706,24816.620000000003,25067.212791998303,2.0195561845110293,0.3397898850966422,43.61154615910424,24816.620000000003,24873.5625,24866.185,24794.399077623948,24839.24190454101,24848.4954870943,24.28330928330937,34.03728094943757,178.75185868873615,-0.8616776864555289,-149.05378915166392,1
1676976720,0.749482141751203,0.7269306916707984,0.7139575006976551,0.7427151469437605,-0.4525803000851466,-0.40250175617334516,-0.5759661673118128,-3.241955544315715,-34.49086359335924,31.24890804904352,24734.675,24791.85,24679.15,24847.375,24621.975,24904.55,24566.45,24603.35732320405,24752.81,24902.26267679595,1.207561297452264,0.3382096559366808,41.88847318128106,24752.81,24854.3575,24861.97625,24764.4160517493,24814.734285533552,24834.7768692758,25.830928330928387,26.72654751021205,173.85529796678068,-0.7713935693772188,-137.16598071822511,1
1676979180,0.7395888466343745,0.7027975749106775,0.7041503222627997,0.6818452072795879,0.6749342602300255,0.7777631493295106,-0.5461352590401206,-18.00115731285041,-39.400052289515145,21.39889497666473,24704.883336193787,24759.766672387574,24649.56666380621,24815.083344775147,24594.683327612427,24869.966680968933,24539.36665522485,24613.2678926811,24702.15,24791.032107318904,0.719630536766256,0.1304093029417401,38.40263947168745,24702.15,24829.6175,24857.4075,24721.760701166204,24782.318960891087,24815.888596011435,22.70065799362684,24.27163186928821,179.46027698991637,-0.9942191421343476,-149.57633266388575,1
1676981640,0.7225750427640005,0.6905713120814689,0.6872846158988434,0.6953440115462899,0.01647162246422399,0.08711819453497122,-0.5296446385362172,-32.10764123619447,-42.80522897028736,10.697587734092892,24616.258334763563,24752.516669527125,24500.191665236445,24868.583339054243,24363.933330472883,25004.84167381781,24247.866660945765,24568.01226851274,24688.095,24808.177731487263,0.9727986828247558,0.1415179812547247,36.734797930146826,24688.095,24797.375,24849.95125,24681.84046744414,24749.533695274524,24795.51825353416,19.27405566077446,22.601880661776573,178.54793592958933,-1.293610584797841,-125.88481774552228,1
1676984100,0.7079547064913588,0.7066304816902259,0.6909480135201793,0.7261728456938498,-0.33735354213449287,-0.2826997256342782,-0.5197717133607619,-39.18414412501443,-39.905385487285855,0.721241362271428,24601.36250071512,24685.025001430226,24518.337499284888,24768.05000286045,24434.67499856977,24851.712503575563,24351.64999713955,24568.373225349354,24665.295,24762.21677465065,0.7858959290829274,0.4069094635078406,40.39647227491036,24665.295,24766.3775,24842.015000000003,24670.31031162943,24730.936659770065,24781.397467483283,19.34461805555557,20.4397772366523,172.42308336319005,-1.2420251049545714,-85.4735694877172,0
1676986560,0.708674521047922,0.6977047774767394,0.6861983493590579,0.6930882431940296,-0.1005864218636635,-0.03577550757300547,-0.5107584671491308,-46.288137623374496,-37.60750318851674,-8.680634434857758,24648.61666666667,24693.43333333333,24602.43333333333,24739.61666666667,24557.61666666667,24784.43333333333,24511.43333333333,24573.43774020929,24642.45,24711.46225979071,0.5601087537214053,0.3525624283155157,39.04386502875088,24642.45,24729.535,24830.36375,24654.240207752955,24711.148176175506,24766.22628010392,18.72178819444437,19.11348730359148,172.24286312296204,-1.4742587440640118,-93.0018948471832,1
1676989020,0.704571355072589,0.7174105320077063,0.721345864151357,0.7263160690812954,-0.15240553587715794,-0.08671200629633016,-0.515246786978554,-46.89709962211055,-30.57317214980223,-16.323927472308316,24604.93333333333,24698.46666666666,24528.566666666666,24774.83333333333,24435.033333333333,24868.366666666658,24358.666666666664,24586.466983430622,24637.085,24687.70301656937,0.4109091361203904,0.9004503015684138,43.53870625268594,24637.085,24694.9475,24819.9875,24662.03513850197,24705.053053234504,24757.788062951167,22.00412326388881,20.02350983796293,172.58265861417902,-1.3822007313125662,-46.14056810251585,1
1676991480,0.7123731375881805,0.6898881319378922,0.6988641204553817,0.6532005297905654,0.38831028282670166,0.4741627209042286,-0.4880954795230247,-53.02609150576609,-29.361731226766217,-23.664360278999872,24687.675,24771.15,24594.15,24864.675,24510.675,24948.15,24417.15,24571.107780268427,24629.81,24688.512219731576,0.4766761881766411,0.2467301906472303,39.19189201022253,24629.81,24665.98,24806.5375,24641.38175900132,24685.9661344646,24742.76777124153,22.60959201388884,21.111834490740684,182.91961157030903,-1.163832501330866,-95.42152234931322,1
1676993940,0.7025121469049099,0.6425535077043463,0.6681848082442859,0.618361440794542,0.1896595645768559,0.26196638680718465,-0.47225016120703206,-67.8633234202498,-35.35917051299994,-32.50415290724986,24572.45833333333,24744.916666666664,24427.616666666665,24889.75833333333,24255.158333333333,25062.216666666664,24110.316666666666,24457.20908822121,24602.75,24748.290911778786,1.1831271852031648,0.0326056490329406,33.07569039399806,24602.75,24645.4225,24781.645,24583.15450600088,24646.09956456194,24716.47560255186,22.225053871235783,22.27958971633782,193.23963931528684,-0.8332227165918048,-139.2991534793188,0
1676996400,0.6739131666646365,0.6074983811163907,0.6390463195329024,0.6091951439980541,0.08106680665018674,0.1442490978260511,-0.45753901245543055,-86.59405129147854,-43.27191870738294,-43.3221325840956,24466.5,24630.3,24302.9,24793.9,24139.1,24957.7,23975.500000000004,24320.54766635533,24546.885,24773.22233364466,1.844122654623267,0.1046608901893345,29.414634877776084,24546.885,24606.09,24750.57625,24511.41133733392,24595.522371005223,24683.28030707073,16.76582072040067,20.53348886850844,198.73534309426813,-1.5884698874249108,-157.75380964421382,1
1676998860,0.6420852447104716,0.6307353784674049,0.6150237523372162,0.6439626213003559,-0.5489348801781349,-0.5093440714808486,-0.4513551692323684,-95.05921926704104,-41.38966934635636,-53.66954992068469,24397.43483074034,24517.769661480685,24247.59016925966,24667.614322961366,24127.25533851932,24787.94915370171,23977.410677038635,24282.63098850986,24509.145,24735.65901149014,1.8484040262533887,0.3328028374454533,34.583529264661365,24509.145,24575.7975,24724.68,24485.40755822261,24566.045576277,24659.482182587803,14.267392500879325,17.75275569750527,192.47389001610617,-1.224616025217971,-127.8366499385903,0
1677001320,0.637790358138176,0.6820005066438667,0.7086097276600534,0.6694925922318905,0.42308771774642473,0.5153980205285592,-0.4193911186605049,-89.0851005098084,-28.33244047129897,-60.75266003850943,24428.86666666667,24483.533333333336,24378.733333333337,24533.666666666668,24324.06666666667,24588.333333333336,24273.93333333333,24313.737206914942,24489.19,24664.64279308505,1.4328999291936786,0.7526605545601686,44.27823401858139,24489.19,24563.1375,24708.7475,24516.221705481745,24568.191835135727,24651.707689008013,23.572628549793933,18.201947257024653,200.9828978720985,-0.5124582818075374,-15.856754004132195,0
1677003780,0.6612767491058902,0.7087864917537222,0.7078357083152779,0.6931869103326199,0.1466435493771405,0.2259518675467637,-0.39437850076649417,-77.36851059448963,-13.292680444784152,-64.07583014970548,24589.450374351745,24733.39962564824,24433.90074870349,24888.949251296493,24289.951497407,25032.898502592987,24134.401871758742,24294.789165811624,24499.840000000004,24704.890834188383,1.673895292282559,0.8742608524552274,48.56724833802847,24499.840000000004,24564.825,24697.22125,24561.922803654496,24583.670592383773,24651.8617186263,42.98552919636211,26.94185008234513,203.13586505783235,0.0684960698477256,26.26877359009033,0
1677006240,0.6864136008051145,0.7005794575614017,0.6898573498979964,0.7072673585510952,-0.347459866068895,-0.29397928601073026,-0.38486045858127516,-69.15188304722324,-4.06084231801421,-65.09104072920903,24635.933520509207,24760.191479490783,24529.06704101841,24867.05795898158,24404.809082036834,24991.31591796316,24297.94260254604,24307.85119164194,24532.54,24757.22880835806,1.831761475640596,0.7173227957228087,47.36429980002784,24532.54,24567.645,24682.51,24584.681869103,24592.13048467763,24649.79869780475,60.558372328506096,42.37217669155405,198.6761604108444,0.11462482724982,27.663279299094185,1
1677008700,0.6948783062177566,0.6777239763944645,0.6710697894384489,0.6911547274635201,-0.6119915942390868,-0.5725587716386916,-0.38016064949245726,-67.0636206321542,-1.5780639223561366,-65.48555670979806,24624.3,24697.6,24556.9,24765.0,24483.6,24838.3,24416.2,24419.056705218627,24572.115,24725.173294781376,1.2457885272095996,0.4793706051376735,44.08919972180071,24572.115,24559.5,24662.93875,24578.387912735336,24587.343123827148,24641.798821823344,64.56026732020376,56.03472294835733,193.935006095784,-0.3304628305388921,-11.80730282560092,0
1677011160,0.6876823520639316,0.6500684892836924,0.6526956503694803,0.6610778161000466,-0.3689517123882331,-0.3203927856585988,-0.3718933050449518,-70.87949913166813,-4.315153937496049,-66.56434519417208,24570.033333333336,24634.06666666668,24501.76666666668,24702.333333333336,24437.733333333337,24766.366666666672,24369.466666666674,24467.963667588287,24583.01,24698.05633241172,0.9359824725427472,0.0865361458914519,40.44490955250455,24583.01,24546.077500000003,24637.80625,24548.21694182356,24569.258010404028,24627.139410221123,55.96650601557866,60.36171522142951,191.8021535311535,-0.5451403414006057,-67.06567337420101,0
1677013620,0.6702559462280532,0.6026451403561754,0.635420933554457,0.5645810588089022,0.9183533373606562,1.0072457876146697,-0.3328295635119397,-83.72094810841736,-13.72528233139623,-69.99566577702113,24498.650023396985,24575.30004679397,24411.22497660301,24662.725093587946,24334.57495320603,24739.375116984927,24247.14990641205,24321.31130380757,24538.29,24755.26869619243,1.7684907643721643,0.0759030650714584,35.08884933645045,24538.29,24513.74,24604.34375,24483.561294549043,24530.165644876022,24601.14994258101,43.7241834495972,54.75031892845988,205.5645022143196,-1.3103975767522198,-155.3826580221826,0
1677016080,0.6378298938662094,0.5666672769509217,0.603277135386581,0.5673023031703588,-0.21678458656189717,-0.1694963410963643,-0.3208870132456215,-100.91472211460496,-24.73524507006705,-76.1794770445379,24347.908345031825,24543.31669006365,24158.84165496817,24732.383380127303,23963.433309936347,24927.791725159128,23774.366619872693,24182.5098496476,24458.2,24733.890150352403,2.2543780846701904,0.1276163661677012,31.663048287176075,24458.2,24479.02,24572.5,24406.665863032697,24479.749163989472,24567.980900430444,29.95588394033251,43.2155244685028,211.27507473813537,-1.4113778108400106,-153.43009618504712,1
1677018540,0.6036270445805094,0.5999301647206613,0.5952510763479548,0.6090877264574706,-0.518310444928632,-0.4787925791569388,-0.3127544131701159,-105.75896417512558,-23.66358970447014,-82.09537447065544,24286.19583918258,24412.29167836516,24126.77916081742,24571.70835673032,24000.68332163484,24697.8041959129,23841.26664326968,24179.14495237749,24401.48,24623.81504762251,1.822307889705949,0.3765826607481634,37.71741732985327,24401.48,24467.01,24556.21625,24386.643908688464,24455.54022508229,24546.89700515136,26.30958061608598,33.32988266867191,208.32149797112567,-0.4908712658429709,-96.07475136003482,0
1677021000,0.6031578879573418,0.6118902534679581,0.5868775943453854,0.6320750801424113,-0.6918276981473293,-0.6587164804767964,-0.3090735227998105,-105.6607610695537,-18.8523092791186,-86.8084517904351,24348.733333333334,24420.666666666668,24274.666666666668,24494.733333333334,24202.733333333334,24566.666666666668,24128.666666666668,24213.763741245224,24364.38,24514.99625875477,1.2363643873127357,0.5528495400550539,39.78322513508853,24364.38,24468.2475,24537.168750000004,24384.52927245897,24441.86018415824,24531.030623708368,27.690737500662777,27.985400685693765,197.58424811604525,0.050783971142408,-69.72131712277896,0
1677023460,0.6089036503474217,0.6254740041149225,0.6135812617401354,0.6403501478172574,-0.6753138110196353,-0.6407848068096385,-0.3061465952345694,-101.32643372393431,-11.614385546799369,-89.71204817713495,24373.43333333333,24405.86666666667,24347.86666666667,24431.43333333333,24315.43333333333,24463.86666666667,24289.86666666667,24240.67590411279,24350.52,24460.36409588721,0.90219096665869,0.8097799633668121,42.13091070459966,24350.52,24466.765000000003,24521.28125,24395.877848305987,24437.626514311287,24520.32056430757,37.33796705500632,30.4460950572517,191.3845918439372,-0.0606751414048013,-33.851792815266144,0
1677025920,0.6185687434224647,0.6081815612599674,0.5981360575421177,0.6065097054834583,-0.5734663200311619,-0.5358998871227145,-0.30880781491224796,-100.66277060444918,-8.76057794185138,-91.9021926625978,24419.19531323116,24474.279686768845,24363.49062646232,24529.98437353769,24308.406252924626,24585.068747075376,24252.70156615578,24242.668938000577,24353.64,24464.61106199942,0.9113303966012644,0.5730370589770671,39.9932888050155,24353.64,24445.965000000004,24504.55125,24387.20189887066,24425.30351170924,24505.99003437352,39.274738331077295,34.767814295582134,189.24283528365604,-0.8462904607197131,-67.44355560375698,1
1677028380,0.6147546400879232,0.584270256234774,0.5927882875236696,0.5858855376913626,-0.44921858803624426,-0.4080203375703582,-0.32014553192279865,-104.37029641562911,-9.97448300242506,-94.39581341320408,24356.816666666666,24444.033333333333,24282.63333333333,24518.216666666667,24195.416666666664,24605.43333333333,24121.23333333333,24286.798234769616,24363.56,24440.32176523038,0.6301358687349597,0.102113110500602,37.1838714443581,24363.56,24410.88,24487.8525,24358.959599247108,24402.971055034825,24486.607650147467,35.63431786216583,37.41567441608316,190.28263276339484,-1.4231346076036484,-86.81325457885742,0
1677030840,0.6008913434718539,0.49993743461530743,0.5666601184509258,0.4616392490827277,1.7015189499301007,1.789115117836486,-0.2584591163822781,-125.0414884737802,-24.516540048460897,-100.5249484253193,24310.091666666664,24408.183333333327,24204.383333333328,24513.891666666663,24106.291666666664,24611.983333333326,24000.58333333333,24053.550589369806,24307.21,24560.869410630192,2.08711251213276,0.0222727999763932,29.35229429367777,24307.21,24354.345,24460.995000000003,24260.92306616473,24341.494499573942,24446.44025489533,28.23533595448129,34.38146404924148,210.7292834561296,-2.295352859497698,-185.91160810240697,0
1677033300,0.5517911948898594,0.5145770091205278,0.5402605201714157,0.49744509594400577,-0.3518555334446656,-0.3112390535787365,-0.2562712615884839,-136.52129434869858,-28.797076738703424,-107.72421760999516,24090.461914153897,24315.9238283078,23839.38808584612,24566.99765661558,23613.926171692216,24792.459570769475,23362.85234338443,23968.82836037501,24252.370000000003,24535.911639625,2.3382592268301443,0.2420661032477308,32.02860964747199,24252.370000000003,24308.375,24433.9375,24209.31537744316,24298.69549965141,24414.02689728625,25.14006361079125,29.669905809146133,217.21290606640608,-1.871300751451222,-139.48358727742846,1
1677035760,0.5345612705675132,0.552994801609985,0.5343850096906209,0.5653496082583345,-0.5099378244572943,-0.47339907711279117,-0.25489700575682656,-135.3243183891791,-22.08008062334716,-113.24423776583194,24112.533333333336,24260.06666666668,23958.56666666668,24414.033333333336,23811.033333333336,24561.56666666668,23657.06666666668,23981.78658353204,24211.525,24441.26341646796,1.8977608099280343,0.506148296927072,38.60189964668058,24211.525,24281.0225,24413.55,24210.993584962107,24283.35995426025,24395.01004992566,29.96877136021856,27.78139030849704,211.96198420452,-1.116981363225684,-84.79650641910965,1
1677038220,0.5451561565058936,0.5301215755042538,0.5257300661081333,0.5324274083274747,-0.42870891281635487,-0.39020695455124116,-0.2478285006587596,-137.9856697782743,-19.79314560995388,-118.19252416832045,24206.26547853848,24257.884521461536,24162.73095707696,24301.41904292306,24111.11191415389,24353.03808584612,24067.57739269237,24000.131512577584,24167.535,24334.93848742241,1.38535839441145,0.4473278595579791,36.3480865760588,24167.535,24260.5875,24387.16375,24190.629056641406,24259.094508031107,24371.666235647022,33.88613562522264,29.66499019874416,208.4289853327685,-0.839073262366932,-102.76448043715044,0
1677040680,0.5390164197058824,0.5076831003989788,0.5053237880523953,0.5207188964038365,-0.4433524897445345,-0.40664884760701697,-0.23883012099613476,-143.5418776212682,-20.279482762358228,-123.26239485891,24145.93333333333,24229.166666666668,24066.666666666668,24308.43333333333,23983.43333333333,24391.666666666668,23904.166666666668,24018.373047182307,24124.375,24230.376952817685,0.8787954325671776,0.3221730873919055,34.23631550839125,24124.375,24243.9675,24361.49375,24155.977704427605,24227.745506570904,24344.52421320445,34.308928633542,32.72127853966108,203.3411370164177,-0.685279580255952,-111.58599837615752,0
1677043140,0.5247267578084701,0.5015965863925668,0.49115851123140003,0.5099771423454531,-0.39180689869028085,-0.3549706260523687,-0.22978674775145896,-147.6273182091245,-19.491938680171582,-128.1353795289529,24094.62470296795,24159.2494059359,24022.050297032045,24231.823811871807,23957.42559406409,24296.44851483976,23884.85118812819,24021.36215441788,24125.31,24229.25784558212,0.861732724529708,0.2316683203600907,33.6649639643396,24125.31,24216.26,24341.635,24127.16013628507,24198.978141739823,24318.333811946883,30.49744157475965,32.89750194450811,197.88370254752567,-1.13804391578289,-107.21815582191871,1
1677045600,0.5145385190546146,0.4907810461974971,0.4913565706606098,0.4945806281951035,-0.5290753539261133,-0.4963410917862337,-0.22214078222780798,-151.57685350492102,-18.75317918077448,-132.82367432414654,24065.48735148397,24130.97470296795,24004.03764851602,24192.424405935904,23938.550297032045,24257.91175741988,23877.10059406409,23986.42787958612,24111.9,24237.37212041389,1.0407485135048482,0.2096964657977564,32.62311192823641,24111.9,24182.135,24325.19125,24097.79009085672,24169.900297787128,24291.735353666227,27.64375483713979,30.81670834848049,195.92772379413097,-1.3996956559189329,-103.6961674800856,1
1677048060,0.5040363616099384,0.47654960528454393,0.47064821562102255,0.485915613254674,-0.10939876763755771,-0.0679307697670522,-0.20894833159439863,-156.14270761410808,-18.65522663196924,-137.48748098213883,24041.18333333333,24125.36666666667,23954.86666666667,24211.68333333333,23870.68333333333,24295.86666666667,23784.36666666667,23968.17673196316,24068.82,24169.46326803684,0.8362958220372912,0.1528828933971778,31.25254991678161,24068.82,24140.1725,24303.46875,24064.84339390448,24138.818425462192,24263.851034269443,25.409258345388054,27.850151585762507,191.6357802097633,-1.718466372423452,-108.51995786892608,1
1677050520,0.49166920982716433,0.4905681069319671,0.4816461461534287,0.4998440876837117,-0.3378394127591916,-0.2998079274498712,-0.19965105515205642,-154.78954251316463,-13.841649224820628,-140.947893288344,24000.130171204324,24067.46034240865,23931.619828795665,24135.97068481731,23864.28965759134,24203.30085602164,23795.77931518268,23986.3603448479,24046.53,24106.699655152104,0.5004435579861357,0.4328565206200994,34.1856786072385,24046.53,24107.0325,24276.49875,24056.04559593632,24120.569620832703,24242.384269100927,25.43432168415107,26.16244495555965,187.10465305192315,-1.3598770612047175,-77.37004297982884,1
1677052980,0.4924952320875779,0.4660002391713874,0.4700710386792878,0.46192569585761767,-0.31756245090265794,-0.28143016041483365,-0.1855855467869009,-157.4876092572922,-13.23177277515856,-144.25583648213365,24036.68333333333,24101.666666666668,23973.466666666667,24164.88333333333,23908.483333333334,24229.86666666667,23845.266666666663,23953.00557559949,24023.04,24093.07442440051,0.5830604652909043,0.1157960855632418,31.63805723712948,24023.04,24073.7075,24242.29375,24027.10539729088,24093.05241704493,24216.369100615124,22.496857408318235,24.4468124792858,188.1114635482144,-1.371259511634103,-102.24379283995545,0
1677055440,0.48062370063403,0.4638619740466863,0.46408998010602376,0.4616392490827277,-0.4339033751823719,-0.40015324502071437,-0.176958480136176,-158.2873754043139,-11.225231137744233,-147.0621442665697,23967.341666666664,24068.883333333328,23867.683333333327,24168.541666666664,23766.141666666663,24270.08333333333,23666.483333333326,23936.72120686617,24001.775,24066.82879313383,0.5420748518293289,0.2035145981369313,31.418596803476465,24001.775,24063.5425,24208.94375,24005.803598193925,24069.442886673125,24192.2577576994,20.542985188828705,22.824721427099348,187.88921615191336,-0.4224003058402517,-99.78147879542936,1
1677057900,0.47361874936637866,0.5067160012346951,0.505218553471587,0.503867557432172,-0.15810488111091067,-0.11384847447531911,-0.15931605653454078,-147.47764944652226,-0.3324041439620373,-147.14524530256023,23959.4,24053.8,23868.8,24144.4,23774.4,24238.8,23683.8,23920.20071572198,24010.755,24101.30928427802,0.7542810234665226,0.9041498454964126,40.349140555746494,24010.755,24061.3275,24184.85125,24031.852398795952,24072.08054364165,24181.9427331566,23.957870924793863,22.33257117398028,189.0185578553481,-0.091885456378252,-20.481829260000584,0
1677060360,0.4915443490953336,0.5299796159938996,0.5149641606762574,0.5219518541088335,-0.4218743588549395,-0.3839982372713774,-0.15099779443809838,-132.0987741297722,12.037176938230402,-144.1359510680026,24077.928969033605,24172.9210309664,23988.957938067208,24261.892061932795,23893.96587613441,24356.884123865588,23804.994845168017,23899.93138583673,24040.865,24181.798614163265,1.17245044355323,0.8854119567037861,44.56896843109812,24040.865,24054.8425,24167.932500000003,24071.06826586397,24086.15680843408,24178.85294904645,35.47896269513908,26.65993960292056,187.0284141835086,-0.2678163981275506,37.53942343737927,0
1677062820,0.5121395327281769,0.5369445044706257,0.5220710655691948,0.5427293687559474,-0.44770081495728825,-0.40959517200463746,-0.15279909225647148,-116.97887154109776,21.725663621523893,-138.70453516262165,24125.84781785013,24218.252182149867,24057.095635700272,24287.00436429973,23964.69127140054,24379.40872859946,23895.93908925068,23892.971361548927,24067.0,24241.02863845108,1.4462013416800827,0.7934143509624478,45.8050816490515,24067.0,24056.765,24158.67625,24103.753843909315,24101.241934173333,24177.92647770869,51.38528822070693,36.9407072802133,182.47840411502943,0.0796069548942171,96.22273943881189,1
1677065280,0.5259197413478675,0.5250997578254928,0.5103904100025849,0.527915871622953,-0.42031362452842747,-0.3827121869304668,-0.2071297212879835,-106.46209462357363,25.79395243123841,-132.25604705481206,24158.465575591734,24225.45942440827,24102.13115118347,24281.79384881653,24035.137302366933,24348.78769763307,23978.802877958668,23952.040491768425,24100.305,24248.569508231576,1.23039528530096,0.619532990136243,44.00773996082898,24100.305,24061.6725,24152.82,24114.41922927288,24107.51612796,24173.90967030786,60.96891308447601,49.27772133344069,178.8370895353845,0.2037433560256894,48.93717883567481,1
1677067740,0.5268871788648946,0.5363234316128285,0.5303389994792952,0.5553789561655534,-0.39521851249856116,-0.3550685190317339,-0.24728358900831052,-94.48641932211468,30.215702186157912,-124.70212150827258,24122.483333333334,24194.86666666667,24063.36666666667,24253.983333333334,23990.983333333334,24326.36666666667,23931.86666666667,24078.90770451628,24141.14,24203.37229548372,0.5155704783097914,0.7107828402928222,46.163439529937776,24141.14,24071.4575,24143.858750000003,24132.071152848584,24118.399559239995,24173.28732075473,69.94479287326432,60.766331392815765,174.02729742571418,0.4065306648136951,98.57909101128654,1
1677070200,0.5329830125993744,0.5047906753755239,0.49934289903969425,0.4950461042042999,-0.10948815071379182,-0.06543595159127788,-0.32003999349928647,-91.11474870903476,26.869898239390267,-117.98464694842502,24177.49166666667,24228.18333333333,24116.68333333333,24288.99166666667,24065.99166666667,24339.68333333333,24005.18333333333,24073.812238877203,24140.055,24206.2977611228,0.5488202998940779,0.0355718952751874,41.34710220394743,24140.055,24075.405,24128.77,24114.22243523239,24111.14963937817,24164.262337825712,67.73790179612347,66.21720258462128,176.5307047524489,0.1642119800907364,-14.070775556381552,0
1677072660,0.5202637700795908,0.49388641048648324,0.49505075389703757,0.5035678957572838,-0.45326876960900997,-0.4176910825290915,-0.3490478037774388,-89.88577887019346,22.47909446258525,-112.36487333277871,24062.3415302823,24166.383060564604,23974.483469717703,24254.2411211292,23870.4419394354,24358.282651411504,23782.5838788708,24022.397670601986,24119.715,24217.03232939801,0.8069525647215517,0.1305128775889519,39.80067898928041,24119.715,24080.29,24110.23125,24092.08162348826,24099.6315231276,24153.17068660421,61.58258104330315,66.42175857089698,175.05708298441695,0.2035505720041857,-15.339928710102466,0
1677075120,0.5084517462066852,0.47933556067523514,0.4750251662817939,0.48985425640941455,0.018204237754070388,0.06327625427184183,-0.37042461151674816,-91.16922667315156,16.956517327701718,-108.12574400085327,24055.966666666664,24129.83333333333,23973.933333333327,24211.866666666665,23900.066666666666,24285.73333333333,23818.03333333333,23971.05397166364,24087.25,24203.44602833636,0.9647928122667582,0.1538177717782584,37.77059610084328,24087.25,24077.125,24092.07875,24063.65441565884,24082.75306437713,24139.23062121334,48.051165282614924,59.1238827073472,172.35880189351036,-0.1316640631987412,-66.17377191599022,1
1677077580,0.4952699488468459,0.4229865075342317,0.4619581105361151,0.37824743174281056,1.676831818349588,1.7395664161253004,-0.3218450922576735,-103.8016233658018,3.4592965080412057,-107.260919873843,24010.560382570577,24077.32076514116,23940.03961742943,24147.8415302823,23873.27923485885,24214.60191285288,23802.758469717704,23819.569592700056,24029.705,24239.840407299947,1.7489636872358243,0.0677073123125041,31.14538222777051,24029.705,24065.005,24069.35625,23991.77794377256,24040.07523449038,24111.49675252636,40.85787495637359,50.1638737607639,189.46464274796423,-0.5056483887151008,-206.2485254359222,1
1677080040,0.46050312746940514,0.3776836787926219,0.4274939186935683,0.39765420074162355,-0.06644078337178007,-0.033907000840252124,-0.3128317422564573,-122.69878176186104,-12.350289510414411,-110.3484922514466,23841.355191285285,24050.61038257057,23638.769808714707,24253.19576514115,23429.51461742942,24462.45095642644,23226.92923485884,23669.06144634191,23940.305,24211.54855365809,2.2659991479481048,0.0945894436311118,27.038994263367965,23940.305,24040.7225,24052.1325,23901.310295848376,23981.94791912849,24074.24706180956,29.388997562438973,39.43267926714251,194.48022447510465,-1.0133245977165015,-188.970547691524,0
1677082500,0.4204671799686041,0.3551298615851856,0.3878064660994391,0.3595925855280852,0.6869965385351545,0.7240085205730693,-0.3166840231418503,-141.17548669595635,-24.66159555560779,-116.51389114034856,23784.21926230931,23882.138524618626,23622.45573769069,24043.90204923724,23524.53647538138,24141.82131154655,23362.772950762763,23549.16696121712,23855.965,24162.763038782883,2.5720865937125823,0.1754542486809567,25.253849960259185,23855.965,23998.01,24029.66875,23819.81519723225,23922.83466110513,24034.49257973246,20.61722313817717,30.28803188566326,198.67298654573764,-1.77348400075569,-187.8110903860994,0
1677084960,0.3891717388119529,0.3589095335483508,0.3567834376749937,0.36277930589873947,0.18882529828267164,0.2213313012237136,-0.3066530154217955,-153.19312746544892,-29.343389060080284,-123.84973840536864,23690.00129782132,23800.00259564264,23546.82370217868,23943.18019128529,23436.82240435736,24053.18148910661,23293.644808714707,23515.3933838238,23779.9,24044.4066161762,2.224623452379536,0.2874816864219547,26.133978770396894,23779.9,23949.807500000003,24002.325,23769.03513148817,23876.40563181329,23999.538524519845,13.173417155676589,21.059879285430927,195.63219798761224,-1.9960040580550384,-151.06750264085417,1
1677087420,0.37541394786190024,0.3941332370548508,0.3806366216602453,0.4047933399815305,-0.12644049152399817,-0.0935644759115681,-0.2991376179674117,-152.94548843909433,-23.27660002698053,-129.6688884121138,23667.125648910664,23745.35129782133,23589.249351089344,23823.22759564265,23511.02370217868,23901.453244553308,23433.14740435736,23591.549809826764,23731.885,23872.22019017324,1.182672090086721,0.6241313741656239,33.9405118519599,23731.885,23909.5675,23983.16625,23768.26508765878,23856.46369875632,23977.365807898903,17.774317686971386,17.18831932694173,192.03882670278284,-1.6649340842914315,-87.32321906092443,0
1677089880,0.38614777685689944,0.399084074978436,0.3857732954937552,0.41054430561168365,-0.3368485847548469,-0.3059800891431742,-0.2929084958844548,-149.895680216865,-16.181433443800955,-133.71424677306405,23761.921157788664,23817.60384221133,23711.042315577328,23868.482684422663,23655.35963115466,23924.165368845333,23604.480788943325,23618.006964460248,23718.415,23818.82303553976,0.8466673303401828,0.8100349472296595,34.98063461212396,23718.415,23874.06,23967.86625,23772.40172510585,23842.68393534608,23958.633350003773,24.04552129221734,18.331085378288453,185.82891050972708,-1.4711579296272006,-68.62427371799538,1
1677092340,0.3939902329801614,0.40454951612705087,0.43481797579451953,0.38644697067404377,1.493734169563036,1.5544613825231492,-0.24354797076499216,-144.56952642204487,-8.684223719184644,-135.88530270286023,23776.791666666668,23831.283333333336,23726.18333333333,23881.89166666667,23671.691666666666,23936.38333333334,23621.08333333333,23615.28969485534,23733.555,23851.82030514466,0.9966084317723274,0.7643209685356426,36.17536235859093,23733.555,23836.93,23954.19375,23780.29281673724,23834.209583464974,23943.151602384365,30.55724340472948,24.12569412797275,194.826845473318,-1.5363687616052604,-49.0995149848366,1
1677094800,0.4006443170300886,0.4124815037680607,0.4099086259717496,0.42196637076043186,-0.11915684070359647,-0.08419286657121637,-0.2560713903320962,-136.9661919512073,-0.864711398677656,-136.10148055252964,23805.95833333333,23956.916666666664,23645.116666666665,24117.75833333333,23494.158333333333,24268.716666666664,23333.316666666666,23661.66035611069,23765.875,23870.08964388932,0.8770107886986208,0.7521238764477877,37.95716400107968,23765.875,23810.92,23943.1625,23793.003544491494,23831.339659198613,23931.27287834776,33.17509747328996,29.259287390078946,191.0392136537952,-1.080215669356832,-35.96106232713514,0
1677097260,0.40793754940170396,0.4108844592765834,0.39432269098377354,0.41627324110948816,-0.1835684015654473,-0.15026951212988615,-0.2521227761477533,-129.80726959427193,5.035368766606155,-134.84263836087808,23822.875,23891.55,23749.75,23964.675,23681.075,24033.35,23607.95,23756.04889588684,23795.165,23834.281104113164,0.3287735480141751,0.7397989322470486,37.72878117519036,23795.165,23787.5325,23933.91125,23799.97736299433,23828.17335752614,23920.096889933688,34.85872702415329,32.86368930072425,185.49355553566707,-0.9725421868112524,-38.45642528118925,0
1677099720,0.4107856037727496,0.40447853637187375,0.3900655845875084,0.42067736027342506,-0.5547065211004611,-0.526713374312996,-0.30740457140044536,-124.15902820813426,8.546888122195071,-132.70591633032933,23801.30833333333,23864.31666666667,23750.916666666668,23914.708333333336,23687.908333333333,23977.71666666667,23637.516666666663,23773.6554608489,23800.995000000003,23828.334539151107,0.229734422036591,0.4063627230198597,36.77302219822787,23800.995000000003,23766.44,23921.7825,23798.60990866289,23822.300928885023,23908.266233749528,34.84859992911046,34.29414147551792,178.60115871169086,-0.8786052285185985,-35.48544554526515,1
1677102180,0.40900651079017164,0.4247964912912403,0.4339384083572748,0.4176696691370785,-0.2692595671296929,-0.23526693396972334,-0.34183528138555147,-113.7518985955394,15.163214187831954,-128.91511278337134,23795.358333333334,23840.11666666667,23751.11666666667,23884.358333333334,23706.358333333334,23929.11666666667,23662.11666666667,23773.636253292338,23815.485,23857.333746707664,0.3514414819405352,0.949714781937629,41.80825931329249,23815.485,23766.95,23915.9775,23816.78160577526,23827.90530545138,23903.014687678144,38.74246810770541,36.14993168698973,181.70821880371284,0.021385418708671,11.343485669887842,1
1677104640,0.4182764451644692,0.49685868773451414,0.510214496515136,0.44803530283034904,0.33560635703874575,0.38996441448897934,-0.3351761976173113,-88.10412583814468,32.64878955618133,-120.752915394326,23853.20833333333,23964.216666666664,23742.116666666665,24075.30833333333,23631.108333333334,24186.316666666666,23520.016666666663,23675.22671625212,23867.505,24059.78328374788,1.6112139391853548,0.9906170273690134,55.38056796266147,23867.505,23800.53,23920.62625,23896.579403850177,23869.4088862784,23917.601384089747,53.30332068207715,42.29812957296436,194.0214635133992,1.4156605871534615,143.14826707347655,0
1677107100,0.45894429601548387,0.5327389539763993,0.5207341230645831,0.48906318982505914,-0.32164663828937634,-0.27985657764309746,-0.34101533330515005,-58.94072409559158,49.44975303898755,-108.39047713457911,24021.427118420223,24215.84788157977,23861.754236840454,24375.520763159548,23667.333473680905,24569.941526319097,23507.66059210113,23645.713103333565,23935.275,24224.83689666644,2.419541005202045,0.8833377294384396,60.34046683710886,23935.275,23850.575,23924.292500000003,23983.47793590012,23921.748179682323,23940.427442747867,72.86763311210737,54.97114063396333,199.40631057456108,2.115457167223416,193.6784292059925,1
1677109560,0.49721924354598257,0.5355071644282953,0.5316407592864175,0.5276769889107953,-0.430917454598013,-0.3919133684421399,-0.34322220068634407,-34.79799368081876,58.873986763008304,-93.67198044382708,24103.28855921011,24264.98644078988,23995.577118420217,24372.69788157977,23833.879236840443,24534.395763159548,23726.16779605055,23697.961743853648,24005.505,24313.04825614636,2.56227274657503,0.759426920946795,60.70340433664568,24005.505,23900.335,23925.07125,24044.010290600083,23965.989419740083,23961.82244820045,86.36097154414968,70.84397511277808,198.917799903866,2.102463401778188,192.4609068602731,1
1677112020,0.5177408911234853,0.5381067979616467,0.5260818930830312,0.5483803164812523,-0.3747985769857983,-0.3348228842397944,-0.3415874617291764,-14.901860236986977,63.01609616547208,-77.91795640245905,24152.16927960506,24254.90572039495,24062.33855921012,24344.73644078989,23959.60211842023,24447.47288157978,23869.77139802529,23837.855589459377,24080.81,24323.764410540625,2.017825899881473,0.6884921533142646,61.06376379266803,24080.81,23940.9025,23925.235000000004,24086.80686040006,24003.518616150977,23981.87745313374,89.78401704163711,83.0042072326314,193.20553423876223,1.7069032439261318,144.53430880374876,1
1677114480,0.5293015960884876,0.5330406179359003,0.5168640263407064,0.5575989186709529,-0.6913035027439371,-0.6608876030539222,-0.3433144634163942,-0.2826461686054244,62.10824818708291,-62.39089435568833,24168.61797313586,24229.98202686413,24111.03594627172,24287.564053728274,24049.671892543447,24348.928107456548,23992.089865679307,24055.48175664261,24141.81,24228.1382433574,0.7151762304267271,0.5944939880941167,59.91073848792921,24141.81,23978.6475,23926.35375,24110.57957360004,24031.62886775989,23998.66293378767,88.39879154078558,88.1812600421908,184.1908532217078,1.5872131468093191,110.85557813823088,0
1677116940,0.5325487330363824,0.5494103239735558,0.5434269629454967,0.5612869208976643,-0.44066235086882677,-0.401431679646144,-0.3431520568886435,14.853862245865455,61.79580528124304,-46.94194303537758,24163.70833333333,24194.416666666664,24127.416666666664,24230.70833333333,24096.70833333333,24261.416666666664,24060.416666666664,24136.831749196,24171.425,24206.018250804,0.2862326139563445,0.974442257334868,62.38241230407592,24171.425,24019.465,23928.1975,24141.803049066693,24063.014528167183,24018.242654379323,88.81308138912385,88.99862999051554,180.4772208487288,1.7153038894019257,105.55056360713424,1
1677119400,0.5423575601116397,0.6207006155792806,0.6554838544504729,0.5732149190554621,0.8429004995127237,0.944260047907807,-0.30298124244047775,42.567891775772296,71.60786784891991,-29.039976073147606,24207.68333333333,24272.06666666667,24139.86666666667,24339.88333333333,24075.483333333334,24404.26666666667,24007.666666666668,24034.178706810108,24220.995000000003,24407.811293189898,1.5425980079670143,0.9928103348374246,70.82006454066016,24220.995000000003,24078.135,23944.527500000004,24229.57703271113,24125.216432136785,24055.08859205748,85.61278528015225,87.60821940335391,197.3993486505377,2.463219125529924,145.6247388890562,0
1677121860,0.5829088857693399,0.6562082381064877,0.6525636905588207,0.6141252492488339,-0.2790569280168098,-0.2253975521271956,-0.29732440032811247,71.7772551763992,80.65378499963744,-8.876529823238245,24391.912663308653,24607.21233669136,24189.825326617305,24809.299673382706,23974.5256532346,25024.59934676541,23772.43831654325,24008.83929334212,24289.015,24569.19070665789,2.3070157983589423,0.8857579277277343,73.95372661051191,24289.015,24147.26,23967.39625,24321.443021807423,24194.29980811191,24097.95396424248,86.6829213336985,87.03626266765822,204.35875267814407,2.9027134334218165,142.50394839334686,1
1677124320,0.6209392396130639,0.6391553519252554,0.6172754449765632,0.6524922892378728,-0.5171900733717065,-0.4756503689046644,-0.29304388488630706,90.01106120052282,79.11007281900885,10.900988381513969,24460.581331654324,24630.29366834568,24335.46266330865,24755.41233669135,24165.750326617297,24925.124673382703,24040.63165827162,24068.00851933966,24345.96,24623.91148066034,2.283347879158104,0.6999719514641581,70.06226297031571,24345.96,24213.385,23989.9125,24366.67034787161,24242.086206637017,24132.16072955272,85.28310259140926,85.85960306842003,197.41548480959923,2.778842971733546,119.475840112206,0
1677126780,0.6314275509350795,0.6445498133186945,0.6303634084427634,0.6630734545239717,-0.6518044044809557,-0.6156554022881988,-0.2993880775839392,104.48357519434649,74.86606945026601,29.617505744080475,24446.8489991605,24495.67600083952,24408.297998320995,24534.227001679017,24359.47099664198,24583.05400335804,24320.91999580248,24194.29950116304,24408.8,24623.300498836965,1.7575669335400803,0.6480765787129582,70.5894812713642,24408.8,24275.305,24021.1275,24401.888565247744,24283.947805430285,24164.557326738177,87.24814623015597,86.40472338508793,190.1019859845748,2.595886283243813,113.61109789962777,1
1677129240,0.6393690709481732,0.6295908299151791,0.6255433788866634,0.6360853349908747,0.8966204515332529,0.9977099110659107,-0.26690198581555025,111.26935025851344,65.32147561154636,45.94787464696707,24474.166166246912,24520.758833753083,24425.732332493822,24569.19266750617,24379.13966498765,24615.78533501234,24330.70583123457,24385.16147494257,24453.985,24522.80852505743,0.5628818784131006,0.3270213565773497,67.06260208735115,24453.985,24312.705,24056.6175,24411.31737683183,24310.534568079325,24189.854248001207,84.01960859352874,85.516952471698,187.7161298428196,1.5546943768076178,87.60576150552203,1
1677131700,0.6358599686231157,0.6087582717707791,0.6013243574562548,0.637768209793355,-0.7320584837507176,-0.7004844697089223,-0.3261055778612882,110.63519282721244,51.7498545441963,58.88533828301615,24430.425000000003,24508.650000000005,24351.950000000004,24587.125000000004,24273.725,24665.35000000001,24195.250000000004,24357.29953100936,24447.255,24537.210468990645,0.7359146782789606,0.0787915907153766,62.38767743021775,24447.255,24334.125,24092.35,24398.03658455456,24321.61464661036,24207.151462477283,80.17047097829003,83.8127419339916,180.2479866172743,0.8866894134375548,62.21945962474537,0
1677134160,0.6236886222324709,0.6087405268319864,0.5919790854814048,0.6220136371743927,-0.6011831772348468,-0.5646568034062743,-0.35426310363247204,108.87355731462594,39.99057522528784,68.8829820893381,24389.479041561728,24422.05808312345,24338.89595843827,24472.641166246915,24306.31691687654,24505.22020780864,24255.73383375308,24335.9703538405,24420.505,24505.0396461595,0.6923251272608815,0.2097048238222115,62.38368826659843,24420.505,24354.76,24127.5475,24389.166056369704,24330.671074499383,24222.796561288967,76.20026847572704,80.13011601584863,174.5588447160403,0.8539183097921367,43.49966931467964,1
1677136620,0.6175940761280899,0.61527953677765,0.5963769226676283,0.6391288319740833,-0.6227790320782894,-0.5865527401933361,-0.3688776549579559,107.72243482112026,31.07156218542572,76.65087263569454,24365.94166666667,24418.983333333337,24318.38333333334,24466.541666666668,24265.34166666667,24519.583333333336,24217.78333333334,24328.94160095544,24407.05,24485.15839904456,0.6400478471962998,0.3898966038838677,63.314579015743575,24407.05,24376.505,24158.70375,24389.394037579805,24341.430879135856,24238.70641259478,73.70968027097415,76.69347324166375,166.7546415220374,0.8995796859227759,45.45399384498742,1
1677139080,0.6178164700619015,0.6238858320928402,0.6181550124138079,0.6410981535514536,-0.3685900811799146,-0.32153931311616113,-0.3756945443579639,107.52742506329378,24.701241942079392,82.82618312121438,24392.18333333333,24423.66666666666,24358.36666666666,24457.48333333333,24326.88333333333,24488.96666666666,24293.066666666666,24348.61184450373,24395.405,24442.19815549628,0.3836226985882843,0.6997621212090094,64.55775512426698,24395.405,24402.1025,24190.375,24397.629358386537,24354.6434465657,24255.410563776222,73.22613923447595,74.37869599372573,163.5364528418919,1.0595814037720168,53.731627823910365,1
1677141540,0.622231027919468,0.6313653237945985,0.6106610978484819,0.6532005297905654,-0.685340315326455,-0.651316246024808,-0.3892704869636446,107.83045246028632,20.00341547125754,87.82703698902878,24422.733333333337,24479.26666666668,24357.56666666668,24544.43333333333,24301.033333333336,24600.966666666674,24235.866666666672,24346.56767060427,24396.405,24446.24232939573,0.4085628960146398,0.8889654649444564,65.6472888777094,24396.405,24425.195,24222.33,24410.14457225769,24369.28554719012,24272.53098627373,72.2143376100445,73.05005237183154,156.61242049604238,0.9540679839284392,55.305716544077534,0
1677144000,0.6281782380140529,0.605830356869735,0.6045744911827488,0.6066529288709039,-0.4853745091681402,-0.4446287694691505,-0.3929999303405019,101.09942888288424,10.617913515084368,90.48151536779989,24433.925,24467.85,24401.25,24500.525,24367.325,24534.45,24334.65,24341.309743884063,24394.755,24448.20025611593,0.4381700584075075,0.2050252698611497,58.98106388404681,24394.755,24421.005,24249.57,24394.504714838466,24368.183629519182,24281.16851139052,65.28271261480567,70.24106315310873,158.23296188918215,-0.1716852505365223,-3.4154530386587867,1
1677146460,0.6183837269342065,0.5694532323416116,0.5840002385868751,0.58162464191487,0.023161223606931416,0.0794750227813748,-0.3887315048049815,86.4970664916691,-3.187559100904622,89.68462559257372,24360.841666666664,24451.683333333327,24272.383333333328,24540.141666666663,24181.541666666664,24630.983333333326,24093.08333333333,24250.83044186028,24372.615,24494.39955813972,0.9993556960524422,0.0406232049894417,51.03093057745575,24372.615,24396.56,24271.91,24349.911476558977,24348.64569687933,24279.221510305702,50.37630828954426,62.624452838131496,160.55358417018385,-0.9975443962346758,-86.12665557724166,0
1677148920,0.5952970078358161,0.536172599633078,0.5611144789891281,0.5303506692095209,-0.21466353683613176,-0.16816786081961393,-0.4432440288411874,66.59012084052301,-18.47560380164057,85.06572464216359,24283.882224607736,24367.66444921548,24176.94277539227,24474.60389843094,24093.16055078453,24558.38612303868,23986.221101569063,24126.83159396208,24328.035,24529.238406037923,1.6540867853727013,0.0996961404081852,45.048349615717,24328.035,24367.5425,24290.463750000003,24288.924317705983,24315.610115628544,24268.528985514684,33.594652185060674,49.751224363136885,168.2907093659994,-1.1864640672196722,-189.4959036492883,0
1677151380,0.5671125073578849,0.4393029787555041,0.5331753119047292,0.3846566783309799,1.8784556871573161,1.944344774774586,-0.407762327588589,28.460860050130577,-45.283891673626414,73.74475172375699,24183.207778970536,24309.51555794107,24040.64222102947,24452.08111588213,23914.33444205893,24578.38889485268,23771.768884117868,23847.205331067253,24224.015,24600.824668932742,3.1110422358370133,0.0620932433412413,32.942559403302425,24224.015,24309.71,24292.5075,24157.28287847065,24238.95373096881,24232.85955832281,24.681066036186014,36.21734217026366,198.86720644384232,-2.363179632503249,-297.08592131980765,0
1677153840,0.5045830465990775,0.39052214201023006,0.4711901419633415,0.37026272789274584,0.26489421957877773,0.3033217211559448,-0.4020251924582827,-12.70150507111248,-69.15700543589558,56.45550036478311,23930.12055615193,24210.241112303866,23613.87944384806,24526.48222460773,23333.75888769613,24806.602780759666,23017.51777539226,23632.82495348036,24088.29,24543.75504651964,3.781630381564148,0.1358227678117845,28.752365100013925,24088.29,24242.3475,24277.52625,24023.70525231377,24151.243961701748,24187.496743244446,20.45817524297945,26.244631154742063,217.5467512855608,-2.757348238397816,-224.03240419355663,1
1677156300,0.44892668923322077,0.47585755267156965,0.5251319602508067,0.43854447785720335,0.8307042218000285,0.8978061242596553,-0.3892872054225563,-25.62527825646248,-65.66462289699646,40.03934464053399,23812.17694474264,24014.55388948527,23554.173055257368,24272.55777897053,23351.796110514733,24474.93472371317,23093.792221029467,23651.47275628344,24015.045,24378.61724371657,3.027870601254903,0.4751837491559595,42.52508928253959,24015.045,24204.9,24269.5125,24014.80350154252,24123.1996050287,24169.354196268785,27.767929920899743,24.30239040002175,235.36126905087792,-1.5365298981698834,-107.31378811062234,0
1677158760,0.46376833018574126,0.49360249146577617,0.5144012375164212,0.45236553474565616,1.5906119357811614,1.6760799417927805,-0.33974580523091225,-31.47011162668059,-57.20756501377167,25.73745338709108,24007.0,24213.5,23790.5,24430.0,23584.0,24636.5,23367.5,23694.080295447864,23972.3,24250.51970455213,2.321176562550404,0.6342464224815586,44.90989447435312,23972.3,24172.4575,24263.60875,24025.53566769501,24109.34513138712,24157.70141567176,35.1176380270808,27.78124773032001,243.8283212615296,-1.3311695971819577,-80.87317318379992,1
1677161220,0.48006205971491467,0.4901954632172891,0.5014540048401793,0.47882605557614116,0.21466080357320785,0.2660855659456601,-0.32194171398968113,-36.45657524577837,-49.75522290629556,13.298647660517188,24026.36666666667,24213.63333333334,23859.733333333337,24380.26666666667,23672.466666666667,24567.53333333334,23505.833333333336,23727.75697047092,23946.39,24165.02302952908,1.8260207866745903,0.7081341510841934,44.52786891022627,23946.39,24137.2125,24256.85875,24029.49044513001,24096.26419840764,24146.24413798873,45.95806082968102,36.28120959255387,243.7834411714204,-1.4450683378536444,-64.91452844647382,1
1677163680,0.48650532594134266,0.4787677226338198,0.4783741552868774,0.4595267041179118,-0.08986988424500186,-0.048500335834218096,-0.3096208876983818,-42.51655015822689,-44.652158254995264,2.1356080967683706,24035.533333333336,24158.06666666668,23914.866666666672,24278.733333333337,23792.333333333336,24401.26666666668,23671.66666666667,23753.23953038475,23968.63,24184.020469615243,1.7972697614777802,0.5848923354532091,43.200450048680274,23968.63,24096.3225,24249.2125,24021.39363008668,24079.70707142443,24132.81136294219,46.82809723307406,42.63459869661197,242.9060525163189,-1.6748518274275843,-70.892259816598,1
1677166140,0.48401280562448046,0.46521946186444335,0.4679952595273898,0.47048329325746363,-0.11773029110229259,-0.07729861624671304,-0.29628316053554893,-49.825173805773375,-41.56862552203339,-8.25654828373998,23984.966666666664,24110.83333333333,23879.33333333333,24216.466666666664,23753.466666666664,24342.33333333333,23647.83333333333,23953.06376517889,24010.725,24068.38623482112,0.4802956580537782,0.1210625723194099,41.61647188368393,24010.725,24049.5075,24237.35125,24003.27075339112,24059.21942207453,24117.022185519123,44.42309833147383,45.73641879807632,237.79847733658173,-1.9158856034384768,-64.69774712063301,0
1677168600,0.4759920794041524,0.4404918896547155,0.4428480462718085,0.4584167228652127,-0.4616211479631788,-0.430020905781473,-0.2936171306074738,-60.54161485378791,-41.82805325603834,-18.713561597749568,23972.608333333337,24055.51666666668,23884.11666666668,24144.00833333333,23801.20833333334,24226.91666666667,23712.71666666668,23881.852765760534,23990.795,24099.737234239463,0.9082002846463788,0.0711259244298249,38.81886692459947,23990.795,24002.92,24211.9625,23967.96383559408,24029.78861806098,24096.10102499349,39.48582166040314,43.57900574165036,230.357437475741,-1.912205793773197,-74.58674248538449,0
1677171060,0.45961731752875673,0.4180889044270297,0.4266158193298355,0.41620162941576533,-0.06434577464991505,-0.02844244874482125,-0.27833081898355594,-73.28336650276106,-43.65584392400919,-29.627522578751865,23914.32463976161,23972.64927952321,23839.0253602384,24047.948559046417,23780.700720476794,24106.273198808023,23705.40144095359,23800.90083819613,23948.24,24095.57916180387,1.2304800837461918,0.1130865731685982,36.42949695416693,23948.24,23960.27,24178.415,23923.384223729387,23994.231596595346,24071.160451184587,32.9954826709182,38.96813422093174,228.57383191621724,-1.7579853858448171,-92.14423969423022,0
1677173520,0.4402278889117572,0.4171750400791291,0.43819551475353996,0.4133371616668631,0.3726590029242574,0.41827315715378527,-0.24999308849361357,-82.63649538439859,-42.407178244517375,-40.22931713988121,23838.603986547463,23939.107973094928,23733.72101345252,24043.99094618987,23633.21702690505,24144.494932737336,23528.33405381011,23767.624891098003,23907.09,24046.555108902,1.1667259286010732,0.2295380880783208,36.33125850135344,23907.09,23926.74,24147.14125,23892.80614915293,23964.67130630528,24048.34993202415,28.065906638250308,33.51573698985723,229.8399867793448,-1.3874320094178176,-85.79754433062799,0
1677175980,0.43007621978703364,0.4179114550390876,0.4112807511738518,0.4247592268156113,-0.4833193923269632,-0.4537466918497359,-0.24886587656768805,-88.85719185424023,-38.902299771487215,-49.95489208275301,23846.05,23962.0,23715.7,24092.35,23599.75,24208.300000000003,23469.4,23766.252006795243,23872.795,23979.33799320476,0.8925891853447332,0.3166467881894548,36.47990853287451,23872.795,23920.7125,24115.21125,23873.11243276862,23940.862886977047,24027.909462307565,26.041498464747235,29.034295924638595,223.27284486653457,-0.2522599815853413,-89.6892954326767,1
1677178440,0.42536861095036715,0.4590885855110444,0.46408998010602376,0.45254456397996257,-0.4439164951403461,-0.4107541686050598,-0.24483902477184002,-83.46278376816917,-26.80631334833292,-56.65647041983625,23831.875,23901.75,23763.85,23969.775,23693.975,24039.65,23625.95,23774.799613915387,23869.34,23963.880386084613,0.7921491426626182,0.9252679903805012,44.30948284429488,23869.34,23940.0325,24091.19,23898.65828851241,23942.478725708494,24020.46570399256,32.03093109467704,28.712778732558206,222.7729988046393,0.8132493985869191,-17.6067768603108,0
1677180900,0.4436043919893153,0.48324831967935694,0.46954329821694096,0.4735874802479538,-0.3767017905543973,-0.3409745886811147,-0.23386591511732743,-72.85476850109262,-12.958638465005096,-59.89613003608753,23946.45,24053.300000000003,23842.9,24156.85,23736.05,24263.700000000004,23632.5,23739.72684601642,23893.435,24047.143153983583,1.286614117924708,0.9046304531550294,48.333474304632674,23893.435,23942.115,24073.5075,23938.380525674944,23956.17804830695,24020.214208374226,42.39626339661713,33.489564318680486,218.7985347844757,0.0867816810434668,36.371664242211146,1
1677183360,0.4648027481843268,0.46932741519530113,0.46085317193696296,0.4766777047644645,-0.6340839645941618,-0.6045340427613687,-0.23779597413765227,-66.84245148556874,-5.557057159584971,-61.28539432598377,23993.898165825885,24089.42683417412,23922.29633165177,24161.02866834824,23826.767663303537,24256.557336696467,23755.165829129422,23769.70286844628,23922.31,24074.91713155372,1.2758561489565117,0.6844278161410374,46.25934757441587,23922.31,23935.275,24053.86625,23951.78701711663,23960.254766796592,24016.25095043382,52.81714376095979,42.414779417418,212.7272108712988,-0.2844429658585331,40.28213556883902,0
1677185820,0.46844112912982466,0.46068563000252305,0.4494187952527817,0.48244244610912973,-0.6404427243036976,-0.6114288462864841,-0.2404159714997721,-63.31265950490706,-1.6218121431386263,-61.690847361768434,23975.466666666664,24043.933333333327,23910.133333333328,24109.266666666663,23841.666666666664,24177.733333333326,23776.33333333333,23823.847247546382,23946.83,24069.81275245361,1.0271317953450694,0.5301668317384604,44.96924694857209,23946.83,23926.96,24032.08625,23952.60801141109,23959.1629910154,24010.34609801155,57.01729414244394,50.74356710000697,203.61812438049185,-0.3459192757952251,23.51631292045467,1
1677188280,0.4659392128938054,0.4313621186450967,0.4328826854406075,0.4240431098783857,-0.26826315976545684,-0.2347917981889755,-0.23342186672889417,-66.41680926929257,-3.7807695260193057,-62.63603974327327,23961.88333333333,24000.666666666664,23915.466666666664,24047.08333333333,23876.68333333333,24085.866666666665,23830.266666666663,23858.569650454145,23954.41,24050.250349545848,0.8001896063885648,0.0681098806907491,40.810233258139206,23954.41,23913.6025,24004.9625,23925.61367427406,23943.24699264896,23997.134564867592,47.582217404423744,52.4722184359425,203.4524949379357,-0.556441937580194,-87.45579680118749,1
1677190740,0.4500257725658607,0.4186567424684451,0.4171077644496112,0.42798175303312636,-0.2916087184088957,-0.259137119005147,-0.24295375764804794,-70.94778917848816,-6.649399548171914,-64.29838963031625,23864.30810406157,23968.616208123138,23767.31689593843,24065.60741624628,23663.008791876862,24169.915520307844,23566.017583753724,23796.194955323568,23931.625,24067.055044676432,1.1318081799830295,0.1463118644430647,39.12192707237276,23931.625,23900.4825,23974.995000000003,23895.68411618271,23923.71572125824,23981.77174916592,35.883367357705346,46.827626301524354,199.3103278775372,-0.5474187972850227,-93.29585991794838,1
1677193200,0.4357160495200027,0.43341165907582807,0.4191968581090542,0.44771077465369,-0.5870149706851987,-0.5582629974926869,-0.2770039692897482,-70.37265618223682,-4.859413241536458,-65.51324294070037,23841.09571869745,23911.191437394904,23765.72928130255,23986.557874789807,23695.633562605097,24056.65359348726,23620.2671252102,23795.86383457308,23903.54,24011.21616542692,0.9009223355780877,0.3786175199666616,42.11673562529342,23903.54,23898.4875,23950.70375,23889.589410788474,23915.294681029467,23971.831582578685,28.697559984173623,37.38771491543425,191.95244731485613,-0.0834820597262754,-48.73743711912901,0
1677195660,0.43593901187456885,0.45703904508031307,0.45181121868208707,0.4658542378331663,-0.29297741694181223,-0.2567259738987917,-0.27282894075447767,-63.80925960474633,1.363186668763234,-65.17244627350956,23875.3,23924.5,23828.2,23971.6,23779.0,24020.800000000003,23731.9,23806.04390857982,23896.615,23987.186091420182,0.7580244433797916,0.7614520773537033,46.64322341990459,23896.615,23909.4625,23934.86625,23907.71794052565,23920.509284478656,23969.17857471405,38.91212642672611,34.49768458953505,188.1221447192888,0.4604722830299705,38.24438104552015,0
1677198120,0.4478647714558053,0.4659736217631971,0.44685045833602743,0.47091296341979927,-0.6683662030341072,-0.6403237563228515,-0.27186896043857156,-55.931564171049104,7.392705681968373,-63.32426985301748,23945.28226300769,24013.792736992305,23875.464526015392,24083.61047398461,23806.954052030786,24152.12094796922,23737.13631503848,23801.008857966528,23899.595,23998.181142033474,0.8250026164332337,0.852762561579822,48.289967593613866,23899.595,23923.2125,23924.97625,23928.19529368377,23929.353050937083,23969.175853312707,55.056593272786095,40.88875989456197,182.54913438219663,0.5769638275150902,52.97699202322791,0
1677200580,0.4582951609545635,0.4920054469742976,0.493361984417528,0.4884083079130223,-0.05203964794082674,-0.006021895334827039,-0.2549968070601308,-43.27090177518039,16.042694462269665,-59.31359623745006,23953.68333333333,24016.466666666667,23906.36666666667,24063.783333333333,23843.583333333336,24126.566666666666,23796.26666666667,23789.68974666506,23933.77,24077.850253334946,1.2039912920943212,0.8773244337211024,52.85541831651595,23933.77,23944.09,23932.401250000003,23966.29686245585,23949.92522349397,23976.159105378163,69.36660323566589,54.44510764505939,183.32693212234167,0.8759646257561563,142.03804230443785,0
1677203040,0.47652691328456315,0.4785459108988922,0.47204126973871546,0.48652431265131596,-0.6272753238866718,-0.5975903890912653,-0.2547650237655407,-35.88381982086139,18.74382113327094,-54.62764095413233,24038.48723241859,24137.212767581404,23943.774464837177,24231.925535162816,23845.04892967436,24330.65107032563,23750.33616209295,23855.542460282977,23967.52,24079.497539717024,0.9344107335011992,0.665457287656263,50.378757916757614,23967.52,23949.5725,23944.8025,23979.05624163724,23959.861546495067,23978.86538105644,72.28784365019264,65.57034671954823,180.09643697074574,0.2289167945385681,86.55958420780398,1
1677205500,0.47891268793293057,0.4611469984111721,0.4539221805314744,0.4781099386389156,-0.6053319014501506,-0.5756297636675376,-0.2535690767387671,-33.598113790318166,16.82362173105134,-50.42173552136951,24003.891666666663,24073.283333333333,23935.18333333333,24141.991666666665,23865.791666666668,24211.38333333333,23797.083333333336,23911.183931599084,23983.15,24055.11606840092,0.6001385839718112,0.3082429635710777,47.2937425947674,23983.15,23943.345,23942.730000000003,23971.22082775816,23959.07762895051,23976.64486857487,67.17315802530386,69.60920163705414,175.0966914728352,-0.2592865923538099,36.417964155924906,0
1677207960,0.4714056879307327,0.46152851459524785,0.44294517891466145,0.4895678096345246,-0.810622647331274,-0.7852337540940753,-0.2682474751266358,-31.33867899384495,15.266445222019648,-46.6051242158646,23962.55,24014.1,23904.0,24072.65,23852.45,24124.2,23793.9,23918.682780646606,23985.68,24052.677219353394,0.5586434852244675,0.2831626425662367,47.36984879380304,23985.68,23941.1475,23938.21125,23966.355551838773,23958.63169641405,23974.73821442488,58.90210716447351,66.12103627999002,165.93978493906135,-0.0916442160926765,31.452591119274484,1
1677210420,0.4678429554742727,0.4607477372883025,0.43879362061086535,0.48283631042460456,-0.7803116985472089,-0.7543529985828012,-0.281724737713817,-29.386829179020424,13.77463602947534,-43.16146520849576,23963.175,23983.35,23936.45,24010.075,23916.275,24030.25,23889.55,23911.905326832,23982.735,24053.564673168,0.5906721912075367,0.3001543792750969,47.219576525582525,23982.735,23941.165,23934.0625,23962.378701225847,23957.866842520583,23972.80362257489,53.57066935430458,59.88197818136067,157.9369431576997,0.0007305592953203,6.635672804055166,0
1677212880,0.46567118124771384,0.44911592990870086,0.4392158129807431,0.46214053093878615,-0.7179005899915202,-0.6908463861123728,-0.37040256669906496,-30.137239390434843,10.419380654448736,-40.55662004488358,23952.24166666667,23980.283333333336,23926.38333333334,24006.141666666663,23898.34166666667,24034.18333333333,23872.48333333334,23905.57722215384,23958.565,24011.55277784617,0.4423284770700016,0.1516649546318553,44.9326932569838,23958.565,23946.167500000003,23929.885,23948.8024674839,23951.281962062298,23967.931848996333,49.36584494462303,53.94620715446706,154.72001864643525,0.2095584192529895,-39.69286290633046,1
1677215340,0.45876910225025214,0.4388682277550466,0.42577498738363034,0.4582376936309063,-0.6699448833991579,-0.6425406476245197,-0.4066051108602259,-32.68514209863133,6.297182357001802,-38.98232445563313,23922.45,23978.5,23865.6,24035.35,23809.550000000003,24091.4,23752.700000000004,23885.44133778908,23936.205,23986.96866221092,0.4241579833638649,0.0722333839947625,42.95873758608331,23936.205,23951.8625,23926.1725,23930.12664498927,23940.64433259642,23960.774053853827,43.66291532690256,48.866476541943406,149.78266429809133,0.238926070316428,-67.53097844216158,1
1677217800,0.4501939577734651,0.4296852219290447,0.4172744856806674,0.4315623377192541,-0.3982294207107711,-0.3671025402430521,-0.413875911723693,-36.37298448142246,2.087471979368537,-38.460456460791,23896.45735258988,23937.414705179748,23851.817647410127,23982.05441035949,23810.860294820253,24023.01176294937,23766.220589640507,23848.741930362587,23918.475,23988.20806963741,0.5830895961169095,0.1301969763544801,41.21156000670113,23918.475,23950.8125,23924.65,23909.05109665952,23927.236272124344,23951.83366777251,35.84539121114713,42.95805049422426,148.79361891142847,-0.0439746371045423,-107.01743373679112,1
1677220260,0.44131465510019,0.43223162064601306,0.4158896845450136,0.4539767978544137,-0.6752070622852929,-0.6480280179059351,-0.42316596913100846,-38.275448063592194,0.1480067177590456,-38.42345478135124,23854.9453429616,23928.8906859232,23792.95465703839,23990.88137184641,23719.00931407679,24064.82671480801,23657.01862815358,23837.27241463623,23901.965000000004,23966.657585363777,0.5413160412859201,0.2844420667130962,41.91700117186917,23901.965000000004,23943.8225,23926.6425,23897.39239777301,23917.57058628356,23944.428080365604,31.59610575205454,37.03480409670143,143.1226461320408,-0.29193147754288,-65.34983818667386,1
1677222720,0.4381482662126451,0.42432625041319355,0.4090994239294847,0.42966462783560666,-0.6300983160548986,-0.6029636387804848,-0.42780462198509084,-41.10671784376973,-2.1466104499347907,-38.96010739383494,23876.891666666663,23910.18333333333,23840.783333333333,23946.291666666668,23807.491666666665,23979.583333333336,23771.38333333333,23833.36080906421,23881.44,23929.5191909358,0.4026490105771711,0.1917585402010281,40.30020021581419,23881.44,23932.0875,23927.65,23882.19493184868,23905.61229786836,23935.606358426023,27.1729986492376,31.53816520414644,141.3281714083236,-0.4895876574680461,-108.7663598327772,1
1677225180,0.43261219078580043,0.43019095268467933,0.4271833304392352,0.4222886233821826,-0.3856611660195011,-0.3545036416689581,-0.4555186203312488,-41.53826290979123,-2.062524412765029,-39.4757384970262,23840.4,23905.099999999995,23787.099999999995,23958.4,23722.4,24023.099999999995,23669.099999999995,23844.30299590066,23870.775,23897.247004099343,0.2217942576170365,0.453724697404726,42.084905704000434,23870.775,23914.67,23929.38,23877.57162123245,23898.83278916502,23929.1986100045,27.60687295296892,28.79199245142037,144.80473059344334,-0.7244462930227692,-91.43024452445772,1
1677227640,0.4327766495143655,0.4447861648429142,0.4355216297443153,0.4576289942342643,-0.5440467991339668,-0.5139247534418339,-0.47016530484892155,-38.12237072037897,1.0826942213177873,-39.205064941696754,23856.175,23957.25,23767.25,24046.175,23666.175,24147.25,23577.25,23835.825765633395,23874.11,23912.39423436661,0.3207175837474589,0.9615476916893329,46.38088749624931,23874.11,23905.1575,23927.365,23888.197747488302,23900.76319113501,23927.31779000407,31.02547744097,28.601783014392183,142.67582126534023,-0.3962786260535751,-22.95924947790953,1
1677230100,0.44015684657466686,0.43083864295066815,0.4154323094776466,0.44212506254333117,-0.6423901968244105,-0.6149826669888904,-0.478136096664881,-38.14670167488657,0.8466906134481462,-38.99339228833472,23910.68333333333,23967.56666666667,23852.56666666667,24025.68333333333,23795.68333333333,24082.56666666667,23737.56666666667,23836.87925817731,23874.76,23912.640741822688,0.317328775851064,0.4391511388349362,43.091369379679264,23874.76,23896.6175,23919.98125,23882.18183165887,23895.19715638319,23921.873238575103,33.73225778012914,30.78820272468937,139.71326260353027,-0.3564935891682629,-76.39724446178249,0
1677232560,0.4368728385892301,0.4184438032029138,0.4040693208443789,0.43138330848494777,-0.7302777501232155,-0.7047016446107921,-0.4945903109656972,-40.517084027560486,-1.2189533913806088,-39.29813063617988,23864.11666666667,23917.733333333337,23816.533333333336,23965.31666666667,23762.916666666668,24018.93333333333,23715.333333333336,23817.558263220533,23866.99,23916.421736779463,0.4142268193807824,0.1786983214678846,40.35237656197579,23866.99,23884.4775,23912.8125,23866.529554439247,23884.29312794988,23913.62102537748,30.81415851185778,31.85729791098566,136.7982371819442,-0.506749176897837,-102.33560912594004,0
1677235020,0.429033107623054,0.42562163094517114,0.40850131807215806,0.45279520490799174,-0.724936464122957,-0.6988347324435717,-0.5095508895292289,-40.29909773375766,-0.8007736780622281,-39.49832405569544,23831.709302233776,23882.91860446755,23784.015697766223,23930.6122089351,23732.80639553245,23981.82151116888,23685.1127910649,23819.106078115063,23867.72,23916.33392188493,0.4073612551591424,0.3738015827128813,42.62667481504863,23867.72,23874.58,23907.8725,23862.83636962617,23879.04892286808,23908.08092772248,27.74208034231145,30.76283221143281,131.08229166894827,-0.4131804457840192,-55.12080794282208,1
1677237480,0.4287023338518664,0.42925047092858715,0.40892351044203573,0.45093330087120503,-0.7036629984750093,-0.6771371978083544,-0.5380848101581913,-38.85339225874122,0.5159454375633672,-39.36933769630459,23862.58333333333,23884.866666666665,23833.166666666664,23914.283333333333,23810.88333333333,23936.566666666666,23781.466666666664,23818.55624011004,23867.19,23915.82375988996,0.4075365377319997,0.4844243998055704,43.79348549988038,23867.19,23868.9825,23907.575,23863.78257975078,23876.61730052844,23904.04226793939,31.45577727308093,30.004005375750072,125.86927083545211,-0.233993056499023,-44.01241949528479,0
1677239940,0.4303514568675933,0.44903607768412745,0.45515357494361697,0.4602172156988334,-0.1665209353443564,-0.1281372911241823,-0.5473920215051761,-32.830649880779674,5.23095025241993,-38.061600133199605,23864.658333333336,23894.216666666674,23836.116666666672,23922.75833333334,23806.55833333333,23952.31666666668,23778.01666666667,23812.42976750957,23869.585,23926.740232490432,0.4788959044778806,0.9535017857610923,49.78935800021924,23869.585,23871.8475,23911.855000000003,23882.996719833856,23884.764154977805,23905.697766230875,44.96399636221268,34.72061799253503,128.56228803737238,0.1199107261504846,88.06584427942522,0
1677242400,0.4410693119694547,0.43478689183237906,0.4141305496705242,0.45279520490799174,-0.6026041666120294,-0.5741962694381625,-0.5652567564958848,-30.94068762020106,5.696730010398838,-36.6374176305999,23935.68449611256,24010.34050388745,23846.76899222512,24099.256007774893,23772.11298445022,24173.912015549788,23683.19748056278,23813.8791135832,23871.81,23929.740886416803,0.4853497612187891,0.5816921730827775,45.98479038272323,23871.81,23873.285,23912.04875,23882.422813222573,23884.12976316365,23903.3717884946,50.03462389740727,42.15146584423365,125.17391032041748,0.0602298580879795,-11.863527127888926,1
1677244860,0.43930329355089615,0.41556025064885527,0.4417489672000081,0.3938587809743286,0.7487963191488521,0.7960410436102359,-0.5313462573349692,-33.428999950290745,2.566734144247328,-35.99573409453807,23876.525000000005,23912.75000000001,23845.05000000001,23944.22500000001,23808.825000000004,23980.45000000001,23777.35000000001,23807.94479915653,23870.185,23932.42520084348,0.5214890529208118,0.1538812582854871,41.389080424952354,23870.185,23868.5875,23906.205,23863.98187548172,23873.76071531572,23896.10780863797,50.64261510644095,48.54707845535365,138.4329167261019,-0.1967615499239328,-112.1286224303882,0
1677247320,0.4288064873827883,0.39824119038570993,0.39632810474069174,0.3936081400462994,-0.25196789405638653,-0.22073838638037857,-0.5489858677330873,-38.89045263112348,-2.315774829268328,-36.57467780185515,23829.766666666663,23983.833333333325,23673.03333333333,24140.566666666666,23518.966666666664,24294.633333333324,23362.233333333326,23757.276338740063,23854.755,23952.233661259936,0.8172681820453372,0.1078372486254791,37.73108406181901,23854.755,23861.2375,23896.6625,23835.421250321146,23856.40422162196,23884.88801733912,39.91991974579144,46.86571958321324,141.57342267423758,-0.30815284381053,-225.9083226669068,1
1677249780,0.41489812506309254,0.37792323546634343,0.3942523255887937,0.35493782543611907,0.3089689339392227,0.3442082286270541,-0.5447442075034169,-47.29312407472389,-8.574757018294989,-38.7183670564289,23770.233333333334,23865.466666666667,23683.066666666666,23952.63333333333,23587.83333333333,24047.86666666667,23500.666666666664,23683.13560136776,23825.83,23968.52439863224,1.1978126145636088,0.132851741188359,33.94120696535261,23825.83,23846.51,23880.59,23797.2975002141,23831.79436314524,23869.28439664016,35.53545004882136,42.03266163368461,151.782463911792,-0.6170311490228219,-243.7264186841914,1
1677252240,0.39778446303766457,0.23853674123785093,0.3653211920120779,0.15374477192259708,3.1761276164825114,3.1804678715039074,-0.45267074080057457,-84.66794501686672,-36.759662368350256,-47.90828264851647,23713.18333333333,23859.36666666667,23574.86666666667,23997.68333333333,23428.68333333333,24143.86666666667,23290.36666666667,23313.76849127087,23707.205,24100.641508729128,3.3191302705580847,0.0184674126659856,19.483140985114964,23707.205,23788.395,23846.776250000003,23640.965000142733,23740.24993348246,23817.762073150618,31.638214087396136,35.697861294003,195.52434927598964,-2.430628893596471,-352.208607232,0
1677254700,0.31953093141432776,0.15879985876608405,0.2877488221671472,0.129396796056928,2.575251489520411,2.5454863303908852,-0.36938615615506937,-130.90812729328172,-66.3998757158122,-64.50825157746952,23367.55628633685,23730.01257267371,22965.84371366315,24131.725145347413,22603.38742732629,24494.18143168427,22201.674854652592,22981.37619761576,23551.675,24121.97380238424,4.8429574744407,0.1071796064389032,15.433100646537468,23551.675,23711.7425,23804.18,23461.851666761824,23624.49994557656,23749.74901856484,26.89307700681369,31.355580381010416,225.25006929236727,-3.211228249508283,-260.4537964476774,1
1677257160,0.24053374877340555,0.18832743691964401,0.20943927445209345,0.19384732040722852,-0.14865257044749058,-0.13635470864600938,-0.36362960666947025,-159.00732278285432,-75.59925696430784,-83.40806581854648,23196.503143168426,23455.906286336845,22844.22185683157,23808.18757267369,22584.818713663142,24067.59071584212,22232.537427326293,22870.9413724045,23423.620000000003,23976.298627595505,4.718985601674736,0.285775142934142,21.90699722563916,23423.620000000003,23646.902500000004,23765.69,23370.17611117455,23544.92268274445,23696.13720727296,23.325892227991066,27.285727774066984,225.05932968238668,-2.7203435251817334,-170.770297143195,1
1677259620,0.21579967811698886,0.15716732439701755,0.1849205027503187,0.16076271790740837,-0.09733651194257074,-0.08954002761652845,-0.3901701951984428,-186.21430132559544,-82.24498840563916,-103.96931291995628,23210.04323825088,23302.98647650176,23093.881761749115,23419.14795300352,23000.93852349824,23512.0911912544,22884.777046996474,22823.783803612914,23287.765,23751.746196387085,3.98476364208489,0.2966081368494317,20.1536239849428,23287.765,23571.26,23722.92,23279.792407449702,23463.85037679092,23639.269378008863,17.721839080459944,22.64693610508825,225.5418673748105,-3.170868711342688,-142.5772162026298,0
1677262080,0.18785181449186789,0.1536715714545581,0.1572159127014137,0.1576476092304769,-0.08466260957207769,-0.07645374233595309,-0.386717768230381,-206.1939648411244,-81.77972153693449,-124.41424330418992,23126.74661912544,23228.79323825088,22996.97838087456,23358.56147650176,22894.93176174912,23460.6080956272,22765.163523498235,22980.39921128206,23161.39,23342.38078871794,1.5628663799360896,0.3005008970027151,19.96060870103407,23161.39,23493.61,23681.296250000003,23216.253271633137,23395.72758101076,23586.87943724612,17.278927203065287,19.442219503838785,220.9867288971928,-3.253626809214504,-117.10047626637726,1
1677264540,0.17212991959588284,0.15306824353555482,0.14639022177323416,0.15514119995018746,-0.3184115121406001,-0.30779348072896506,-0.381494288517408,-219.63337113003217,-76.17530226067379,-143.4580688693584,23094.314976229387,23172.62995245877,23010.86002377061,23256.08490491755,22932.545047541225,23334.399881146936,22849.09009508245,23038.64765759145,23113.225,23187.802342408548,0.64532182253709,0.3273604343599662,19.925140650507107,23113.225,23410.215,23641.03125,23173.32718108876,23339.681657190617,23539.317109889344,14.23371647509587,16.41149425287372,215.05910540453613,-3.4862053577493994,-98.15407401310244,1
1677267000,0.16396729324009188,0.15926122717473445,0.19634965220873374,0.09606155262907864,1.3879329191551049,1.373792768021575,-0.3271488888656812,-226.2678533093167,-66.24782755196665,-160.02002575735006,23081.158333333336,23153.31666666668,23015.31666666668,23219.158333333336,22943.158333333336,23291.31666666668,22877.31666666668,23039.03438817765,23113.485,23187.935611822344,0.6442179690544039,0.4425122252828508,21.467704059405328,23113.485,23332.58,23602.9325,23150.52645405917,23296.9986286105,23497.946432757024,16.637514855424598,16.050052844528604,231.48345501849784,-3.25087333067434,-83.71221745847004,1
1677269460,0.16298262532166316,0.19991488195226012,0.2093320675824662,0.19048134382400025,0.26414041310525127,0.2744700516331546,-0.302600383215646,-219.74936665993664,-47.78347272206926,-171.96589393786738,23079.30833333333,23314.61666666667,22869.61666666667,23524.30833333333,22634.30833333333,23759.61666666667,22424.61666666667,23019.73324891475,23120.015,23220.29675108525,0.8674886334221757,0.9959027885115742,30.88075047940144,23120.015,23271.8175,23570.202500000003,23173.50930270612,23282.903423408592,23471.425343923023,22.57746012645045,17.81623048565699,230.73285108860503,-2.550142484817708,-48.84154928497649,1
1677271920,0.18281812600266828,0.18640211106047286,0.18322650604504293,0.20620033757436945,-0.43605886512545683,-0.42040963403279635,-0.299009843520908,-215.17534587583577,-34.567561550374705,-180.60778432546107,23217.691455362004,23327.68354463799,23109.482910724008,23435.892089275985,22999.490821448024,23545.88417855197,22891.282276810027,23028.634737723507,23136.49,23244.345262276496,0.9323390218351584,0.708195683048222,29.61030989083764,23136.49,23212.1275,23536.6825,23176.13953513741,23264.44825551612,23443.80388259702,27.494494324919625,22.236489768931577,221.4019331537048,-2.5102719706623176,-47.24463949343803,0
1677274380,0.18597915609937754,0.16896770869516492,0.16243353182857717,0.1723280064436009,-0.31477890894229765,-0.30274993297610386,-0.2954968535985929,-213.05837408344087,-25.960471806383826,-187.09790227705705,23194.900000000005,23238.20000000001,23138.10000000001,23295.000000000007,23094.800000000003,23338.30000000001,23038.000000000007,23047.34095786122,23145.11,23242.879042138786,0.844835407036575,0.4343606129342043,28.00922297054651,23145.11,23153.25,23499.88,23161.518023424946,23240.41675451319,23414.13446520683,28.538126714982457,26.2033603887842,215.2732236427258,-2.482078154213232,-57.06789085853456,0
1677276840,0.17884203800325077,0.1533255451480716,0.15332121317872274,0.1433252704859657,-0.321392553851855,-0.31088136353204937,-0.3483567516169038,-212.48771670668063,-20.31185154369888,-192.1758651629817,23127.291666666668,23197.583333333336,23061.983333333337,23262.891666666663,22991.69166666667,23333.18333333333,22926.38333333334,23047.826742288315,23145.255,23242.683257711687,0.8418853688299088,0.2071948049772187,26.618532414427666,23145.255,23129.24,23458.8175,23137.078682283296,23212.740980965336,23383.09308756809,25.06160523898834,27.031408759630164,213.5179933825312,-1.029222017892425,-66.25515920934717,0
1677279300,0.16745200962504214,0.16672297393769753,0.16468522446792416,0.1643433025935362,-0.17046394409562418,-0.15965541857639806,-0.3436168799534901,-206.60771201882744,-11.545477484676496,-195.0622345341509,23076.966666666664,23177.933333333327,22987.233333333326,23267.666666666664,22886.266666666663,23368.633333333328,22796.53333333333,23057.70774334799,23149.460000000003,23241.212256652016,0.7926945738864999,0.3718832601078795,29.832027858817646,23149.460000000003,23131.4725,23421.6075,23133.3691215222,23196.960802608,23358.60326970446,24.80943655526525,26.136389503078703,210.002422426636,0.0966298578686276,-50.17816726442249,1
1677281760,0.16845604177088644,0.18624240661132474,0.16771093645204546,0.19600321692165665,-0.6477949090837016,-0.630158260235973,-0.347219168744092,-195.2589025110392,-0.1573343815105943,-195.1015681295286,23119.88333333333,23205.066666666666,23040.766666666663,23284.18333333333,22955.58333333333,23369.36666666666,22876.466666666664,23070.673185161508,23141.755,23212.83681483849,0.6143165446051373,0.7757034277265965,34.34331687772249,23141.755,23130.885,23388.89375,23149.22941434813,23194.049747588364,23341.68391068499,27.546843638899464,25.80596181105104,201.03645840043427,-0.0253376648161186,-18.095213323729308,0
1677284220,0.17871825780200962,0.17917992097123003,0.16556479190516887,0.19023092987423995,-0.663297341129497,-0.645871440324033,-0.35334910590334273,-185.72967679968133,7.497513063877818,-193.22718986355915,23170.55702464673,23217.99297535327,23133.51404929346,23255.03595070654,23086.07809858692,23302.47190141308,23049.035123233647,23074.22775769676,23137.685,23201.142242303235,0.5485185082538453,0.684100341836079,33.503985860177785,23137.685,23137.0875,23354.17375,23153.169609565422,23188.04979348139,23324.480681095945,31.844022514482432,28.066767569549068,193.42671137183183,0.2685178270511323,-2.315270621472167,1
1677286680,0.18031794801451426,0.1799784432169706,0.16007629109676239,0.19893175066153027,-0.7420660671102983,-0.723556782368306,-0.36115467189410344,-175.96769452668013,13.807596269503222,-189.77529079618336,23156.516666666663,23206.033333333333,23111.533333333333,23251.016666666663,23062.016666666663,23300.533333333333,23017.033333333333,23077.751496836303,23143.890000000003,23210.028503163703,0.571541803592223,0.6467375210469911,33.70127824211046,23143.890000000003,23144.500000000004,23319.055,23156.54640637695,23183.54983103023,23309.13014003919,37.671505967259264,32.35412404021374,183.51051770241543,0.3210378889674648,25.557076858530166,1
1677289140,0.1815170740281482,0.18457438236466908,0.1703144560662903,0.20609292003378588,-0.7619296762301401,-0.7429196518474909,-0.37082620336665384,-165.28103953186292,19.595401011456342,-184.8764405433193,23160.166666666668,23189.033333333336,23134.43333333333,23214.76666666667,23105.566666666666,23243.63333333334,23079.83333333333,23122.89316121796,23161.5,23200.10683878204,0.3333707988000902,0.6910283315771141,34.89850820253711,23161.5,23153.3775,23281.79625,23163.11427091797,23182.22258902473,23296.474888606885,49.49087343515887,39.66880063896687,174.95262358081436,0.3845158467957256,61.02046328673473,1
1677291600,0.18441472047966867,0.16206492750421833,0.15380873704588582,0.1703944907130914,-0.5994355462450097,-0.5837461897681845,-0.37266475764031964,-160.08430368655536,19.83370948541113,-179.9180131719665,23180.85,23210.400000000005,23146.700000000004,23244.550000000003,23117.15,23274.10000000001,23083.000000000004,23110.426181637307,23158.875,23207.323818362693,0.4184039022853458,0.0247562112323939,31.863618540771963,23158.875,23154.1675,23243.37375,23146.35118061198,23169.60484556569,23278.98442302528,56.663766450124605,47.94204861751427,171.3595790393277,0.0341918443794897,-43.03323700012331,0
1677294060,0.1746082585718105,0.15484273741497548,0.1440876359759919,0.1691770919198087,-0.6344919158053415,-0.6184292845739078,-0.3863857583911535,-155.81182627286398,19.28494951928201,-175.096775792146,23110.836897373752,23170.073794747503,23053.588102626243,23227.322589495016,22994.35120525249,23286.55948686877,22937.10241050498,23076.12495099738,23141.18,23206.235049002626,0.5622448725831757,0.125663182591416,30.934091495681788,23141.18,23141.4675,23206.6425,23128.39245374132,23155.58123728101,23261.221620832395,58.74939784290903,54.96801257606419,165.70927668370635,-0.5469546576742154,-65.3288330956987,1
1677296520,0.16609375363334875,0.15352961194420522,0.13907222069535843,0.1720773655155717,-0.57872811732438,-0.5635866984210501,-0.39268032556983257,-150.98396703110848,19.290247008830026,-170.2742140399385,23093.710115353544,23139.220230707087,23046.96488464646,23185.965461414173,23001.454769292915,23231.47557676772,22954.70953858583,23054.07828637353,23126.725,23199.37171362648,0.6282490376521225,0.2388044268930997,30.758399223509084,23126.725,23132.205,23172.16625,23115.186635827547,23143.434648684462,23244.798133134074,52.7132185100642,56.04212760103263,158.86575692058457,-0.3995660313872328,-69.8960689003274,1
1677298980,0.1611799058942004,0.15458543580246,0.1389666726028893,0.17404668709294202,-0.8022188355008721,-0.7833662324969611,-0.4053446892930549,-145.2435192829398,20.024555805598965,-165.26807508853878,23090.425,23124.55,23054.65,23160.325,23020.525,23194.45,22984.75,23046.33280420778,23112.415,23178.49719579222,0.5718328940720375,0.3436416968877883,31.097260321375984,23112.415,23128.1525,23140.70125,23107.37442388504,23134.037439832744,23230.22212045464,51.25544718821315,54.23935451372881,152.0967742834001,-0.1751881300045129,-68.05362569237927,1
1677301440,0.15925092011327546,0.1497410675116411,0.13675016266103163,0.1595453191141244,-0.6351100628699524,-0.6193671391274771,-0.41060234143052293,-140.17970957388388,20.07069241172391,-160.2504019856078,23093.15,23124.5,23060.4,23157.25,23029.05,23188.6,22996.299999999992,23070.25505102729,23092.785,23115.314948972707,0.1951254382934552,0.1741004602853197,30.36303367816482,23092.785,23127.1425,23128.19125,23097.616282590025,23123.86699622679,23215.734299458964,43.79485997471604,49.25450855766448,148.25414754887143,-0.0437452898017263,-100.11540458268615,1
1677303900,0.15586412305136732,0.14492331662901506,0.12679345927142174,0.1650952253776225,-0.7557438233322734,-0.7380518589170223,-0.4262190075469254,-135.69775370982097,19.642118620629475,-155.33987233045045,23073.0,23124.7,23026.4,23171.3,22974.7,23223.0,22928.1,23061.865719656853,23083.125,23104.384280343147,0.1841975932041013,0.0625439878543626,29.61417558462057,23083.125,23121.0,23126.23625,23086.585855060017,23113.07754236737,23201.33341379621,37.56667447525655,44.20566054606193,141.55742272395204,-0.265610710046503,-105.77772186765354,1
1677306360,0.15176172971254967,0.15076140149230796,0.12809521907854418,0.17598020282345156,-0.7776910730297614,-0.7594321239759863,-0.4355167129528849,-129.3275859677815,20.809829090135167,-150.13741505791666,23064.20833333333,23091.616666666665,23037.116666666665,23118.70833333333,23009.70833333333,23146.116666666665,22982.616666666665,23061.73162416681,23080.825,23099.9183758332,0.1654479493968877,0.503928063882162,31.80896274361085,23080.825,23111.0025,23120.94375,23084.71557004001,23107.2407164824,23189.87070772038,35.070512143621066,38.81068219786457,133.62296395795536,-0.4312808577733103,-67.1764441255276,0
1677308820,0.15262972012154682,0.153103733413144,0.13295043133213472,0.17956078750957935,-0.730657753595303,-0.7130260204092785,-0.4429105484676944,-122.33639943521484,22.24081249816146,-144.5772119333763,23081.05833333333,23094.91666666666,23067.11666666666,23108.85833333333,23053.25833333333,23122.71666666666,23039.316666666666,23061.870978499865,23080.585,23099.299021500134,0.1621624538557801,0.6867583619039698,32.71549855354348,23080.585,23103.655,23120.37125,23085.66871336001,23103.66513166741,23180.12825936605,40.90529040064876,37.84749233984214,126.33560938952986,-0.317235185796838,-41.43821254176586,1
1677311280,0.15423493932103072,0.1614172372382295,0.1477975296728257,0.17673212560753787,-0.7101267770559415,-0.6924724198393114,-0.45048354098779636,-113.59616611841555,24.78483665196859,-138.38100277038416,23091.191666666666,23105.18333333333,23073.58333333333,23122.791666666664,23059.591666666667,23136.78333333333,23041.983333333334,23053.918502810626,23084.435,23114.951497189373,0.2643902455431594,0.9352563768237968,35.96912330467136,23084.435,23098.425,23121.4625,23094.11247557334,23104.99874409152,23173.54461561691,45.63847313096134,40.53809189174374,123.14735157599206,-0.2257882080705379,-7.633898502098783,1
1677313740,0.15919450681206013,0.16612851848809188,0.14617912558829596,0.1850748879262154,-0.7445589086573521,-0.7264491638241767,-0.4596120162968287,-104.39488741016976,27.18889228817153,-131.5837796983413,23110.43333333333,23151.56666666667,23069.86666666667,23192.13333333333,23028.733333333334,23233.26666666667,22988.166666666668,23050.91733457768,23093.67,23136.422665422324,0.3702544067038458,0.8579308997190627,37.80460586427628,23093.67,23093.2275,23123.3025,23104.166650382227,23108.503517893056,23168.85227127244,48.71831053355066,45.08735802172027,118.19396932056424,-0.2242597486651142,14.946345592445589,1
1677316200,0.16403004791112238,0.14720354126407034,0.13400591225682837,0.16122819391660473,-0.576345244078298,-0.561670954825811,-0.47181127380178406,-100.25006919247971,25.066968404689263,-125.31703759716898,23121.091666666664,23149.58333333333,23095.78333333333,23174.891666666663,23067.29166666666,23203.38333333333,23041.983333333323,23055.52659145091,23094.955,23134.383408549085,0.3414460738207732,0.1955875105875516,33.63381885029875,23094.955,23089.04,23121.60375,23093.09443358816,23101.675605548862,23159.52824543697,41.701084150749146,45.35262260508707,116.77118579766692,-0.1811764680431751,-87.59734183625095,0
1677318660,0.15698486095572553,0.12981350124574792,0.12661764210556162,0.15027160477705415,-0.6089012812392759,-0.5941453583289092,-0.47587804522392924,-99.76908546987396,20.438361701836,-120.20744717170996,23069.58333333333,23113.166666666664,23027.366666666665,23155.38333333333,22983.783333333333,23198.966666666664,22941.566666666666,23011.70352352489,23083.15,23154.59647647511,0.619035759635146,0.071707360395015,30.32327529503945,23083.15,23081.9875,23111.7275,23069.379622392105,23087.18004090361,23146.42555539535,30.29489718481949,40.23809728970645,115.2446920817942,-0.3054025174867476,-151.1952789857517,0
1677321120,0.14476681660617408,0.11321311100376845,0.11450595033390844,0.1199082466386893,-0.3722666528194044,-0.3634560088684647,-0.4860812851660839,-101.98661576732049,14.576665123511615,-116.56328089083208,23036.050091258483,23076.700182516965,22981.29990874152,23131.45036503393,22940.64981748304,23172.100456292414,22885.899634966067,22949.33980014076,23060.67,23172.00019985924,0.965541763177216,0.1160296123239938,27.536894398636,23060.67,23070.6275,23101.41625,23037.97808159473,23066.81548801205,23130.11597869104,19.6454828473822,30.54715472765029,117.42543813936096,-0.4920139764885687,-234.8828061365752,0
1677323580,0.13035718801239968,0.11244120616621943,0.10022175107265732,0.12771392125444897,-0.612872277016762,-0.5989377982132842,-0.5459126345587269,-102.735260692476,11.062416158684885,-113.79767685116089,22980.71671229591,23050.833424591823,22905.05828770409,23126.49184918364,22834.941575408186,23196.608561479552,22759.283150816365,22917.01092279926,23033.07,23149.129077200738,1.0077603827951558,0.2412093846993913,27.410765186502093,23033.07,23058.7525,23093.4525,23016.31872106316,23049.75812655532,23115.15255214904,19.1794611842166,23.039947072139444,114.99326887539688,-0.5142529258284886,-197.5339565472184,0
1677326040,0.12276640217171031,0.10622160511884952,0.0926970396068298,0.12757069786700334,-0.6678842567924272,-0.6529882813732573,-0.5616287153706437,-103.54903935814218,8.198909994414976,-111.74794935255716,22973.725022814622,23015.05004562925,22931.674977185387,23057.10009125849,22890.34995437076,23098.42511407312,22848.299908741523,22915.20967538307,22999.31,23083.41032461693,0.7313291104553238,0.2393886397010538,26.36296510630115,22999.31,23046.49,23086.81625,22996.03748070877,23032.61573990889,23099.94516623008,21.371674980894312,20.06553967083105,111.23571640014944,-0.5313479012570359,-160.58140166734051,0
1677328500,0.11586105462832127,0.10765894516118128,0.11229818790562866,0.0985679619093681,-0.1606072945520122,-0.15639580185145874,-0.5837771148894332,-102.68349228014996,7.251565657925781,-109.93505793807572,22960.62084474064,22989.241689481285,22926.854155259352,23023.00837896257,22898.23331051871,23051.629223703218,22864.46662103742,22929.624314343942,22977.025,23024.425685656057,0.4125920188192808,0.3154035141286571,27.056907025071,22977.025,23035.99,23078.495,22983.86665380585,23019.32651447091,23086.571817065305,26.35872053498952,22.30328556670016,117.51173665728152,-0.4552445801506859,-130.39058651848478,1
1677330960,0.11312708648991116,0.12985786359273344,0.12492877630446322,0.14018442941996628,-0.6540820652529595,-0.6383612094833806,-0.6058027928254558,-95.84543126713106,11.27170133675574,-107.1171326038868,22953.541666666668,23056.083333333336,22856.983333333337,23152.641666666663,22754.44166666667,23255.18333333333,22657.88333333334,22929.55452652448,22977.05,23024.54547347552,0.4134166350817262,0.9739925376594614,36.94088316090527,22977.05,23030.1,23070.55125,22996.6027692039,23019.82623911256,23080.429263059086,37.28893510815326,28.33977687467905,118.15196975318987,-0.2551885264812158,-27.51248527551329,0
1677333420,0.12286011164589983,0.1255014811187565,0.11103161079599679,0.14396977572946842,-0.6786492908672899,-0.6629265875872403,-0.6202323419004049,-90.37492270973236,13.393767915323563,-103.76869062505592,23025.10104451849,23082.973955481502,22964.20208903699,23143.87291096301,22906.32917807398,23201.745821926022,22845.43022259248,22929.94505459316,22983.975,23038.00494540685,0.4701531863556945,0.7389878409605749,35.912460713054585,22983.975,23022.3225,23062.98875,23001.001846135936,23018.00328654664,23073.70266657727,48.711111111111656,37.452922251418165,114.61968619939064,-0.3368695066502126,-39.09264206106383,0
1677335880,0.1255483250514055,0.12324787389189149,0.10575420617252852,0.14540200960391955,-0.7460967521126111,-0.7291033121509899,-0.6309262434132825,-85.56555078915335,14.562511868722057,-100.1280626578754,23011.36666666667,23044.93333333333,22976.233333333337,23080.06666666667,22942.666666666668,23113.63333333334,22907.533333333336,22935.494471317663,22990.065,23044.63552868233,0.4747313996923094,0.62263945689365,35.36397880962447,22990.065,23011.5675,23054.99625,23001.81789742396,23015.35723444725,23067.01193642705,53.59166666666713,46.53057096197737,109.98256575657707,-0.4653628142442961,-40.83750490061343,1
1677338340,0.12576557230443433,0.12233400954398958,0.10547274459261047,0.14243012431443375,-0.6889841351329185,-0.6731642885499719,-0.6879619895510758,-81.02783146916045,15.280184950971972,-96.30801642013242,23005.58333333333,23029.366666666665,22979.666666666664,23055.283333333333,22955.88333333333,23079.066666666666,22929.966666666664,22956.902043182647,22999.145,23041.387956817354,0.3673437148846519,0.5204767863135099,35.12967493965695,22999.145,22999.2275,23046.2275,23001.50359828264,23012.724100911382,23060.71318057685,51.23611111111149,51.179629629630114,106.2123824882502,-0.533638351905093,-40.3737145796688,1
1677340800,0.12541724111472566,0.1374704423354483,0.12387329537976957,0.15258338988978964,-0.5920159826003656,-0.5771997167356968,-0.7003180842052211,-73.14696497664409,18.52884115479067,-91.67580613143475,23001.691666666666,23029.88333333333,22972.68333333333,23058.891666666663,22944.491666666665,23087.08333333333,22915.48333333333,22984.713935325875,23015.945,23047.176064674124,0.2713863339013397,0.9415475470942302,41.98580568521154,23015.945,22996.485,23042.7625,23015.510732188428,23018.32426438204,23059.076210998108,54.98333333333356,53.27037037037075,104.49185516766089,-0.1188724348152081,23.42775975758049,0
1677343260,0.13281166694200483,0.13714216096775445,0.12126977576552471,0.15191867373267243,-0.5434621021441914,-0.5299191818092687,-0.7097223237255653,-66.21270245428241,20.37048294172189,-86.5831853960043,23042.793815282406,23083.731184717595,23002.587630564813,23123.93736943519,22961.650261129624,23164.874738870378,22921.44407641203,22982.01968313725,23020.05,23058.080316862743,0.330410375848419,0.7964739957516417,41.88241720863616,23020.05,22998.55,23040.26875,23024.54048812561,23022.7380344944,23057.507048045907,59.333333333333314,55.18425925925948,102.42815122711356,0.0896970065524328,26.309869991599538,1
1677345720,0.13634473103816505,0.13221794045236213,0.11085569730854784,0.15395960700376554,-0.6633906242146961,-0.6477052088116912,-0.7125623049091656,-61.13215258685523,20.360826247319253,-81.49297883417448,23039.4,23078.8,23003.2,23115.0,22963.8,23154.4,22927.6,22986.887001398147,23023.835,23060.78299860185,0.3209543379880225,0.5661740849983992,40.28014389177766,23023.835,23003.905,23037.26625,23025.93532541708,23023.82657367723,23054.765900612965,62.73528360791365,59.01731675819352,97.99042613946254,0.2330776588208604,17.91205033874939,1
1677348180,0.13564903082406163,0.12945860246986376,0.11018722605624134,0.14114111382742825,-0.5992010462528194,-0.5850043924657824,-0.7211838748126701,-57.07523001166919,19.53419905800424,-76.60942906967342,23026.80833333333,23047.91666666666,23007.61666666666,23067.10833333333,22986.50833333333,23088.21666666666,22967.316666666666,22995.864782322267,23027.335,23058.80521767773,0.273329220925755,0.3985548802778636,39.3712030125801,23027.335,23008.7,23033.72625,23024.273550278056,23023.30356028137,23051.545338649827,63.06524270811815,61.71128654978839,96.29110998664358,0.2087232838549633,4.443750004019278,1
1677350640,0.13392144335928263,0.12236949942157749,0.1041006193905082,0.14046080273706343,-0.5419165440336429,-0.52904934168681,-0.7441140776281161,-54.83974674038109,17.41574586343387,-72.25549260381496,23011.65,23053.4,22979.2,23085.849999999995,22937.45,23127.59999999999,22905.0,22995.952016054456,23027.355,23058.757983945543,0.2727450368967116,0.0799762206396187,37.05757921838018,23027.355,23013.250000000004,23029.870000000003,23016.50736685204,23019.24382204839,23046.72911592127,62.62356382428491,62.80803004677225,93.61317355902612,0.1982097952667065,-18.18796330794964,0
1677353100,0.12951292246025664,0.1123524814722484,0.09938483447222311,0.12123306297255686,-0.4784184386821759,-0.46773401489937094,-0.7482106193529601,-54.714912305720645,14.032464238475455,-68.7473765441961,22998.591666666664,23029.183333333327,22970.383333333328,23057.391666666663,22939.791666666664,23087.983333333326,22911.58333333333,22964.61110208413,23013.2,23061.788897915863,0.4222698096384911,0.0837526499361577,34.0158070471867,23013.2,23014.5725,23025.28125,23001.92157790136,23010.79039985777,23039.683485833528,59.83833931802608,61.84238195014306,94.00482510357624,0.0576013658819097,-93.36045091135884,1
1677355560,0.12229990485037424,0.08364117050322169,0.0924199638238982,0.06279792089495079,0.3606449625820747,0.3482260454400161,-0.7275266158416643,-60.44713703861635,6.6401916044638085,-67.08732864308016,22966.815431727577,23019.33086345516,22920.234568272423,23065.911726910304,22867.71913654485,23118.42715863788,22821.1382730897,22883.984562027592,22983.05,23082.115437972407,0.862073902048748,0.0396981941098236,27.139557196871625,22983.05,23001.55,23015.825,22965.231051934243,22989.1648726109,23025.604106230337,52.125870513432005,58.195924551914345,104.61162331046368,-0.5656527485033481,-231.3233599485168,1
1677358020,0.10433702919782244,0.07807813219123819,0.08088003904724783,0.08009214492894914,-0.1256855001293646,-0.12429104476806818,-0.7210171408532425,-65.4997673901562,1.2700490023391635,-66.76981639249536,22878.849999999995,23006.59999999999,22764.09999999999,23121.349999999995,22636.349999999995,23249.09999999999,22521.59999999999,22836.095298099684,22952.54,23068.98470190031,1.0146563465334364,0.1720975761294261,26.04112240729521,22952.54,22988.1875,23005.255,22935.5457012895,22968.62125940892,23011.37276277983,43.72765025656006,51.89728669600606,108.66793593114468,-0.5807308190423368,-171.93248306527863,1
1677360480,0.092573934383459,0.09395097994265672,0.0761303748861264,0.10683911253432282,-0.5820974310313138,-0.569790696798442,-0.7181635203152619,-65.14413855002203,1.3005422739786638,-66.4446808240007,22878.791666666668,22958.18333333333,22796.783333333336,23040.191666666666,22717.39166666667,23119.58333333333,22635.38333333334,22837.58423969105,22932.53,23027.475760308946,0.82804435715507,0.438754505929732,34.22166116537831,22932.53,22979.9325,22995.75,22930.663800859667,22959.94466678912,23002.75630918175,43.35871404399339,46.4040782713285,106.13451193606298,-0.3588592145960683,-99.6244860592708,0
1677362940,0.09462920412410673,0.12708965314083745,0.12823594986850384,0.12152278363676577,-0.24167181308861233,-0.23316056949799885,-0.7129637775118791,-56.67441067185064,7.8162161217200605,-64.4906267935707,22914.099999999995,22954.09999999999,22880.89999999999,22987.3,22840.9,23027.299999999992,22807.69999999999,22832.30940610278,22935.19,23038.070593897224,0.8971418496835808,0.8843533411121508,47.32207955501608,22935.19,22981.2725,22990.25,22958.534200573115,22969.82290919109,23003.853327354915,54.82879030855327,47.30505153636893,111.43139369427854,0.058258653203417,33.19796606107006,0
1677365400,0.11222699665074232,0.16539210352813205,0.15968928142437394,0.13927637100444307,-0.37701309340394445,-0.36357646918902387,-0.7448408556698549,-40.783320047397865,18.965845396938263,-59.74916544433613,23008.26138114964,23101.41361885036,22921.12276229928,23188.55223770072,22827.97052459856,23281.70447540144,22740.8319057482,22781.068159618306,22965.08,23149.091840381698,1.602536027583583,0.9269290488973014,57.78678135841338,22965.08,22989.14,22992.8125,23013.089467048747,22997.52783479271,23015.1244390354,70.90182038974498,56.36310824743057,119.19400330722566,0.3414191188197086,142.48068286833276,0
1677367860,0.14017806710476882,0.1730312996790372,0.15722649260008875,0.16747489480079877,-0.6741984492394493,-0.656613096674318,-0.7551661420086688,-26.151174172999163,26.878393017069577,-53.02956719006874,23090.564023908155,23216.43597609185,22996.32804781631,23310.671952183693,22870.456095632617,23436.543904367387,22776.22011954077,22803.43868600346,23015.455,23227.47131399653,1.8423821210272584,0.8025003066558725,59.51423488583109,23015.455,22999.2525,22998.901250000003,23056.634644699167,23024.10913755767,23027.37211150822,84.17764226534307,69.96941765454713,120.27685765226444,0.4388610660255353,160.0662630958389,1
1677370320,0.15797338967905997,0.16050337289032762,0.14336450978911286,0.1802052927530821,-0.7556196245927682,-0.7374494697043295,-0.7613964500268563,-17.205177557178104,28.659511706312514,-45.86468926349062,23121.65701195408,23199.86798804592,23065.51402390815,23256.01097609184,22987.303047816305,23334.221952183685,22931.16005977038,22895.42344125941,23061.905,23228.3865587406,1.4437797635589404,0.6397151743169427,55.50289234233429,23061.905,23007.2225,23005.56375,23073.89809646611,23039.43929436537,23035.09143422172,86.1617093228807,80.41372399265627,116.30886781995972,0.3460895034353866,119.58972348571903,0
1677372780,0.16060677717485164,0.1580900612143158,0.13805192246815404,0.18056335122169487,-0.8871632961004529,-0.8670698086404869,-0.7675465198571233,-10.542585592564135,28.25768293674119,-38.80026852930533,23108.608333333334,23138.216666666667,23078.816666666666,23168.00833333333,23049.20833333333,23197.61666666667,23019.416666666664,23009.469640999185,23098.05,23186.630359000814,0.7669942614273889,0.5201794169741841,54.73751976003488,23098.05,23015.29,23011.995000000003,23083.140397644074,23050.745786298936,23041.427964295846,84.58035508415956,84.97323555746114,111.09394868996256,0.3504416629200761,94.11646812363232,1
1677375240,0.1607167552915491,0.152908539086408,0.13604650871123586,0.17433313386783197,-0.8094651185449036,-0.7906237460194111,-0.8121275650863586,-6.36713507222521,25.946506765664097,-32.31364183788931,23101.641666666663,23123.283333333333,23079.983333333334,23144.941666666666,23058.341666666667,23166.58333333333,23036.68333333333,23074.099220777764,23112.6,23151.10077922224,0.3331583571059509,0.1678638651392931,53.04614539931968,23112.6,23023.895,23018.5725,23084.43526509605,23057.342006971856,23045.770539124813,80.2225040350475,83.65485614736262,107.08723806925094,0.3741145755777871,73.29508967788314,1
1677377700,0.15818085490644931,0.16847972287832425,0.16711283059472007,0.17444055140841686,-0.6165275817597855,-0.599783461851918,-0.8091086729174295,0.4767892393974762,26.23234486182943,-25.755555622431952,23089.075,23115.550000000003,23060.550000000003,23144.075,23034.075,23170.550000000003,23005.550000000003,23073.54314226904,23114.34,23155.13685773096,0.3530004121334066,0.7029568074728811,57.31470966819957,23114.34,23039.71,23027.14125,23099.92351006404,23070.716187522423,23053.87810682721,80.59561536017145,81.7994914931262,109.65243535001872,0.6884243288243743,100.97434405846836,1
1677380160,0.1646988824078277,0.19835332733837072,0.18276913097767591,0.19221279508861197,-0.4853392518320474,-0.4686988691483018,-0.8060816012579007,12.54821952070779,30.6430201145118,-18.09480059380401,23133.233333333337,23203.56666666668,23060.56666666668,23276.233333333337,22990.233333333337,23346.56666666668,22917.56666666668,23037.63142229774,23128.61,23219.58857770226,0.7867189398952977,0.9751942830045656,64.06443015899913,23128.61,23072.0325,23036.79125,23138.30734004269,23096.963244336526,23069.230191891285,84.62998148057945,81.81603362526614,111.66761622711095,1.4119653937973655,124.41492810646456,0
1677382620,0.18289543854909282,0.2010594305044872,0.18361351571743006,0.21057044697908792,-0.7616259732212608,-0.7422827198325682,-0.8097097555964621,22.471155273637123,32.4527646939529,-9.98160942031578,23192.67001079023,23272.80498920977,23134.940021580456,23330.53497841954,23054.80504316092,23410.66995683908,22997.075053951143,23037.69289181555,23151.465000000004,23265.237108184458,0.9828501840765048,0.8130600335035838,64.61034547458372,23151.465000000004,23106.685,23047.43625,23166.43822669513,23119.82447263897,23083.84636409212,90.14490953543036,85.12350212539377,110.04814248336422,1.5147855793199758,116.79206001024887,1
1677385080,0.19334683525029564,0.18997771622750445,0.17393827390773825,0.20562744402458952,-0.7421946215359806,-0.7233948016955769,-0.8194722676319505,27.498570404579368,29.98414385991612,-2.485573455336751,23213.10167206178,23262.39832793822,23173.40334412356,23302.09665587644,23124.106688247124,23351.39331175288,23084.408360308906,23064.81268593296,23169.435,23274.05731406704,0.9031063042067348,0.6053312584248244,60.55351042049156,23169.435,23133.7425,23056.8375,23174.78381779676,23132.851841250067,23094.09671036906,91.56735115827496,88.78074739142828,107.566132305981,1.1804728435619765,87.53249409921031,0
1677387540,0.1930314018973523,0.18513334793668812,0.16359456084574123,0.20870674685465893,-0.8399865802589068,-0.8201530477073878,-0.8235132678328783,30.035165502555174,26.01659116631354,4.018574336241634,23188.925,23227.85,23152.55,23264.225,23113.625,23303.15,23077.25,23122.40394692713,23187.595,23252.786053072872,0.5622924936619861,0.4250664045181489,58.81495731608537,23187.595,23150.0975,23065.685,23175.79754519784,23141.0287792046,23102.070833191057,88.94425619560201,90.21883896310248,102.547122855554,0.7106458926036249,73.00580186840484,0
1677390000,0.1904513810494382,0.17294257498506616,0.1597928512019148,0.1841439359078227,-0.6301491600638829,-0.6135419028314567,-0.8272963168034726,28.940074305788585,19.93719997563756,9.002874330151023,23177.44166666667,23196.28333333334,23158.983333333337,23214.741666666672,23140.141666666663,23233.583333333343,23121.68333333333,23133.449841151378,23190.11,23246.770158848623,0.4886579567636618,0.088467443900084,54.56902013494904,23190.11,23152.225,23070.682500000003,23165.023363465225,23141.473546621943,23106.01408717285,82.90670234656092,87.8061032334793,102.01478386752642,0.0920111408083911,39.39520770908474,0
1677392460,0.1830656821061314,0.17592372470249337,0.15624137707037494,0.19513633089423532,-0.8432096786673587,-0.8235068028016093,-0.8499351111623124,28.42238092591652,15.53560527661239,12.886775649304123,23139.52312567439,23189.04625134878,23093.95187432561,23234.61750269756,23044.428748651226,23284.140628371948,22998.857497302444,23120.529448538447,23177.47,23234.410551461555,0.4913439772464699,0.275248049561981,55.41662980234929,23177.47,23153.04,23076.14625,23160.640575643483,23143.364719963407,23110.3817931564,78.0977214846076,83.3162266755902,98.60658501984592,0.0352147288303912,39.83880139748954,1
1677394920,0.18086348135536862,0.1833677265266625,0.16007629109676239,0.2072745129802078,-0.8220920198287776,-0.8025040461497222,-0.865807583885108,29.36609829580993,13.183458117204648,16.182640178605286,23149.191666666666,23177.68333333333,23123.38333333333,23203.491666666665,23094.891666666663,23231.98333333333,23069.08333333333,23132.4986285877,23167.5,23202.5013714123,0.3021592438744062,0.5764255768292302,57.54655383691882,23167.5,23159.4825,23083.3525,23164.71038376232,23148.725679970063,23116.33114618912,75.18728461211577,78.73056948109479,93.9936146612856,0.2787944223805788,58.80084583143449,0
1677397380,0.18348456632767937,0.1781063521741813,0.16778130184702528,0.19277314500139017,-0.6728461837898235,-0.6552362225359613,-0.9324746409758707,28.588200528109155,9.924448279603094,18.66375224850606,23171.11666666667,23187.63333333334,23156.333333333336,23202.41666666667,23139.816666666666,23218.93333333334,23125.033333333333,23135.157483539835,23160.81,23186.462516460168,0.22151657442176,0.4457168265670063,55.52737054751027,23160.81,23165.1225,23090.20625,23162.481922508217,23150.416465430048,23120.301989409203,72.25948610240702,75.18149739971015,93.97264218547951,0.2441386698987688,28.899452317224284,1
1677399840,0.1821642912796471,0.17603019433525835,0.15796532924737508,0.19295217423569658,-0.6044016412590592,-0.5877990763051798,-0.9551898662666062,27.186278339420824,6.818020872731808,20.368257466689016,23159.974999999995,23205.84999999999,23112.14999999999,23253.675,23066.275,23299.549999999992,23018.44999999999,23136.16522609055,23155.68,23175.19477390945,0.1685528035406432,0.4101962437211808,54.71157471097115,23155.68,23171.6375,23097.76625,23159.04628167215,23150.73619898822,23123.337514227376,65.12143689007893,70.85606920153394,91.92459631508834,0.2821931366211013,-1.715518699079307,1
1677402300,0.18046602339644058,0.19519472823300274,0.18329687144002274,0.20802643576429541,-0.612286978372711,-0.5946687895265259,-0.992896096885122,30.08578342418696,7.774020765998351,22.31176265818861,23148.891666666663,23183.18333333333,23117.88333333333,23214.19166666667,23083.591666666664,23248.483333333337,23052.58333333333,23127.324445220267,23168.22,23209.11555477973,0.3530314782899513,0.9640479901107792,60.482974979087,23168.22,23179.165,23109.4375,23174.7558544481,23160.81598099036,23131.22679858667,64.84204707376865,67.40765668875156,92.4817680068679,0.3254304847628127,105.12109690667704,0
1677404760,0.18919963123198338,0.2102424363304891,0.19645520030120286,0.21693045124717822,-0.3958857853082666,-0.3792536038425185,-1.0448044807932064,35.396953693740215,10.468152828441289,24.92880086529893,23204.925000000003,23253.150000000005,23157.950000000004,23300.125000000004,23109.725,23348.35000000001,23062.750000000004,23115.949123725863,23187.56,23259.17087627414,0.6176663372440974,0.9260176887545932,64.32703342474541,23187.56,23182.515000000003,23127.27375,23199.362236298737,23176.77216626484,23142.402817768896,69.81917656421585,66.59422017602117,93.57110670166382,0.1443027860129678,149.7615426367346,0
1677407220,0.2010906620266244,0.2058949263259085,0.18438753506220568,0.22868640940325313,-0.7666844810705749,-0.7471823186535009,-1.0704476251275183,38.17753491696567,10.59898724133339,27.57854767563228,23239.814163422,23298.060836578,23190.328326843988,23347.546673156005,23132.081653687983,23405.79334631201,23082.595817109977,23121.433820100465,23200.255,23279.076179899537,0.6794854616859703,0.7288090589735764,62.437282154373854,23200.255,23183.8775,23145.281250000004,23211.68315753249,23187.599954216683,23151.34778750519,78.05139104767751,70.9042048952207,89.78745622297345,0.0586710416962713,122.92839425649387,1
1677409680,0.20486231470597713,0.20306460858823178,0.1791453131362267,0.22353036745522856,-0.6199042328586936,-0.601908152228496,-1.084297742427035,39.28479901018363,9.365001067641082,29.91979794254255,23235.24166666667,23256.083333333336,23215.483333333337,23275.841666666667,23194.64166666667,23296.68333333333,23174.88333333334,23146.303484352982,23214.32,23282.336515647017,0.5859875770388063,0.6031367151531971,61.17725360470904,23214.32,23187.565,23160.65375,23217.23877168833,23195.00905345001,23158.68133155232,77.24882162413265,75.03979641200868,86.23835220704666,0.1590023920427657,86.50860366043938,1
1677412140,0.20533291205171766,0.2046350356715201,0.1918462669300411,0.21833851966034323,-0.6399624959517443,-0.6216392344494465,-1.0979439850029513,40.05761504891416,8.110253685097284,31.947361363816874,23222.816666666666,23245.63333333333,23205.533333333333,23262.916666666664,23182.716666666667,23285.73333333333,23165.43333333333,23202.696575540005,23230.44,23258.183424459992,0.2388540592429033,0.5420820436815554,61.63983075511643,23230.44,23193.06,23171.57875,23222.417514458888,23201.87558918637,23165.737871404475,73.78298955035416,76.36106740738813,86.5570413351148,0.2370800538877012,93.12974603482432,1
1677414600,0.20635346317576977,0.1879814106131562,0.1770343512868394,0.19835885711175033,-0.6691587996917799,-0.6513954675765472,-1.1033670690502877,36.46329581943792,3.612747564496836,32.85054825494108,23231.49166666667,23277.483333333337,23186.783333333336,23322.19166666667,23140.791666666668,23368.18333333333,23096.083333333336,23183.676252936817,23226.375,23269.073747063183,0.3676746548971414,0.0254544595882981,54.25690310658034,23226.375,23197.2975,23174.761250000003,23210.2283429726,23198.961845697937,23167.653312223098,64.27006078991421,71.76729065480036,87.83153838260645,0.1830969636150146,-16.367264143400998,0
1677417060,0.19853651359163688,0.18114960917738668,0.1678076063036728,0.20057881961714985,-0.7434707168380629,-0.7247839184703825,-1.1211130135064058,31.69608507475641,-0.9235705441477364,32.61965561890415,23183.216666666664,23236.733333333326,23132.33333333333,23287.61666666666,23078.816666666666,23341.133333333324,23027.93333333333,23153.3040138969,23209.98,23266.6559861031,0.4883760012123982,0.1172982334962031,51.53018636950361,23209.98,23198.77,23175.905,23195.68556198173,23193.077873752853,23167.55299677328,52.72202709483184,63.59169247836676,86.69891173533506,0.0636017601166149,-40.31868766449284,1
1677419520,0.19121196881420152,0.20350823205808694,0.20936725027995548,0.2184459372009268,-0.45948719500887125,-0.4422881351301938,-1.1428574956930135,32.62552298049195,0.0046938892702428,32.62082909122171,23170.1249217736,23204.3498435472,23132.375078226392,23242.099687094407,23098.1501564528,23276.32460886801,23060.400312905585,23154.25081479182,23208.635,23263.019185208184,0.4686547503391071,0.692749049376603,58.82355793269984,23208.635,23204.445,23181.963750000003,23206.990374654488,23199.71826034324,23173.46223517582,48.56012994633699,55.18407261036104,91.89184661138266,0.2448986637379519,111.69669581572276,0
1677421980,0.19872956183215199,0.20228383128128774,0.19480161351918254,0.21622597469552732,-0.5550440468506302,-0.5376854341458552,-1.1447317041872713,32.706700564980565,0.0686971790070885,32.63800338597348,23247.13333333333,23308.466666666664,23168.266666666663,23387.33333333333,23106.93333333333,23448.666666666664,23028.066666666666,23154.423814400667,23208.195,23261.966185599333,0.4633810220858017,0.6669574494208704,58.30614822716888,23208.195,23211.2575,23188.19,23213.37691643633,23204.52403118992,23178.480117540028,51.75924705395416,51.01380136504102,92.8281432819982,0.2941744816321772,66.46986787385116,0
1677424440,0.20187612761647622,0.19853077672631278,0.1758733222696766,0.218374325507204,-0.7372235970299041,-0.7182597945407693,-1.1523959957121066,31.553985560636647,-0.8672142602694635,32.42119982090611,23230.11666666667,23280.63333333334,23175.63333333334,23335.11666666667,23125.11666666667,23385.63333333334,23070.63333333334,23155.72198662374,23204.755,23253.788013376256,0.4226117739769989,0.6103338266911656,56.66096890338816,23204.755,23217.5975,23194.6175,23214.109610957552,23206.5332982463,23182.0129634886,54.910458376326325,51.74327845887251,89.4261330475698,0.2738403627305057,21.943830442481413,0
1677426900,0.20157279024394684,0.19759029497021932,0.18498564091953235,0.21508018759596745,-0.6389683842919752,-0.6207123628497834,-1.159249180032162,30.07987567904638,-1.8730593134877864,31.952934992534168,23210.65833333333,23235.71666666666,23190.51666666666,23255.85833333333,23165.45833333333,23280.91666666666,23145.31666666666,23164.844208216968,23210.17,23255.49579178303,0.3905683739759819,0.5303910852036395,56.23277685139503,23210.17,23218.2725,23198.71875,23213.71474063837,23207.695425837883,23184.95696696588,50.738799215065626,52.469501548448726,88.77426640131476,0.0290870856571423,24.970322047773863,1
1677429360,0.20095085737788015,0.18560358881473357,0.17020093431372038,0.20133074240123616,-0.4848105100261977,-0.4692258256913678,-1.1553485746074799,25.88785368430763,-4.852065046581231,30.73991873088886,23215.34166666667,23254.28333333334,23173.98333333334,23295.64166666667,23135.04166666667,23334.58333333334,23093.68333333334,23176.898113510328,23212.68,23248.46188648968,0.3082960389724289,0.031466849719113,50.94811842648047,23212.68,23211.33,23196.9225,23202.19316042558,23202.50534841281,23184.403922492933,41.74138744690952,49.13021501276717,87.91019997381203,-0.2986204530815298,-69.84100247499202,0
1677431820,0.19464624087960247,0.19017291055424176,0.17583813957218736,0.20408779260955484,-0.7292162688459802,-0.7106228142719497,-1.1576682808835361,23.33555321909444,-5.923492409435539,29.25904562852997,23177.27577880543,23216.55155761086,23139.874221194583,23253.953115221702,23100.59844238916,23293.228894027136,23063.196884778303,23171.0077664944,23205.165,23239.322233505605,0.2943933689383754,0.3076542118400271,52.77024946802417,23205.165,23206.9,23195.38875,23198.80377361705,23200.59983051957,23185.12973939837,37.98696309716984,43.48904991971502,87.70232854711116,-0.1906497692728918,-49.273636884829386,1
1677434280,0.19377870671158956,0.21621360823473987,0.20669336527073207,0.22155006569412267,-0.4249557261493878,-0.407985549465343,-1.1617627521759268,26.923231735305308,-1.868651114579734,28.79188284988504,23189.475,23233.250000000004,23148.250000000004,23274.475,23104.475,23318.250000000004,23063.250000000004,23154.103756584504,23213.015000000003,23271.926243415503,0.5075708038399964,0.9446095258126564,61.538874263514245,23213.015000000003,23210.605,23199.085,23221.002515744705,23212.381679516016,23192.77452612233,45.48406958769464,41.73747337725802,90.46466222231751,0.1595033654994991,130.1227641790813,0
1677436740,0.206365933662729,0.26455082151015746,0.28420084784073574,0.2342487284983125,0.6474655892635516,0.6683851773318313,-1.1372241739719975,40.29223078093492,9.200278344839894,31.09195243609502,23259.423111368025,23324.37688863198,23200.44622273605,23383.35377726396,23135.492445472093,23448.30755452792,23076.51555684012,23087.80114210235,23250.22,23412.638857897644,1.3971382455533443,0.966017314613178,71.9493826115246,23250.22,23227.4875,23210.27375,23281.20167716314,23246.785010513104,23212.66266649164,57.41099456845379,46.96067575110612,106.05756727414978,0.7266673912177821,324.28034455074925,0
1677439200,0.23682935139842837,0.29590612835952124,0.28518596337044955,0.26498184161293725,-0.27968949479303434,-0.25678317655454874,-1.1291935738771754,57.35521030921154,21.01060629849321,36.34460401071833,23390.078222350672,23550.22177764932,23241.456444701344,23698.84355529864,23081.312889402703,23858.98711059728,22932.69111175337,23062.798572276817,23305.625,23548.451427723183,2.083843945169313,0.8795406491136283,76.40997445493653,23305.625,23257.8975,23227.5975,23350.78445144209,23290.99682678345,23239.070983968624,74.36329641332033,59.08612018982294,114.60578864556685,1.311575810246345,258.35837483074295,0
1677441660,0.2677394905627745,0.32766069633175465,0.3354268553858672,0.29616563102122156,0.18567593464755344,0.2134813128950931,-1.11668607302811,77.20762777086202,32.69041900811495,44.51720876274707,23449.07244450867,23582.37755549133,23356.64488901734,23674.80511098266,23223.33977803468,23808.11022196532,23130.91222254336,23101.94443049762,23385.68,23669.41556950238,2.4265753187624206,0.8414182443530006,79.89655966368257,23385.68,23299.18,23248.975,23426.997967628064,23343.438312822826,23271.48565216209,78.35032654528995,70.04153917568804,126.52261325924,1.7819835452764083,226.63978818474828,0
1677444120,0.2990726308951319,0.3461686674941113,0.331591941359481,0.32777616646492774,-0.32277238357684035,-0.29621737106124907,-1.1076554980286022,96.04177104969494,41.2196498295583,54.82212122013664,23555.527888921,23708.197111079,23426.755777842005,23836.969222158,23274.08655568401,23989.638444315988,23145.314444605014,23212.893098213885,23473.590000000004,23734.286901786123,2.2211932796484835,0.8030051353076894,81.60323395571456,23473.590000000004,23339.3775,23271.91125,23495.190311752045,23395.82680140049,23305.7798757657,86.3549700822961,79.68953101363549,130.50372421347257,1.73044305541207,173.79772866593018,1
1677446580,0.3239936452034992,0.32780265584210755,0.31136189030285266,0.345270246783574,-0.5939161528331584,-0.570213641170169,-1.1218150580160642,105.5751679655914,40.6024373963638,64.9727305692276,23598.705611127167,23706.269388872828,23524.01122225433,23780.963777745663,23416.44744450867,23888.527555491324,23341.75305563584,23373.68980103857,23536.475,23699.260198961427,1.3832589541248488,0.6331509261179019,74.81567543258298,23536.475,23374.745000000003,23293.00125,23523.401874501364,23429.28101932767,23331.879411407062,84.24840726048838,82.9845679626915,127.72310105536744,1.522744837177058,123.86602391518107,0
1677449040,0.327270691487914,0.28985510423069705,0.3024958505354257,0.2689321812753289,-0.0539764052319417,-0.032847224700574114,-1.1068344113998179,103.3115881365593,30.671086053865352,72.64050208269394,23578.575,23617.15,23541.25,23654.475,23502.675,23693.050000000003,23465.35,23430.87657267461,23550.735000000004,23670.5934273254,1.0178741964987044,0.1753044331680808,63.13132191846291,23550.735000000004,23400.4775,23309.0375,23506.567916334243,23437.211743086275,23345.30994365401,77.7022474279395,82.76854159024134,137.45002240855558,1.1084153633928977,58.09461711327759,0
1677451500,0.3099344986204747,0.2951430959913711,0.31604118906899425,0.2891982905988131,-0.17975686314640424,-0.15606474498348274,-1.095713878899104,101.54939210940574,23.12711202136944,78.4222800880363,23463.466666666664,23600.133333333328,23336.233333333326,23727.366666666665,23199.566666666666,23864.03333333333,23072.333333333325,23429.565191316546,23550.305,23671.04480868345,1.0253778767065191,0.241158277946805,63.97562853405507,23550.305,23427.965,23323.11875,23500.31194422283,23446.40960797968,23358.880425210773,68.88144880092389,76.94403449645061,145.18930652223014,1.1841463322696455,64.36533740765083,1
1677453960,0.3039105290845222,0.30767989524947703,0.29922385966887566,0.3290501981554153,-0.640373895984634,-0.6176040649959821,-1.0912651763151782,101.82944488460636,18.725731837256035,83.10371304735031,23500.13333333333,23616.86666666667,23371.06666666667,23745.93333333333,23254.333333333336,23862.666666666668,23125.26666666667,23420.79283976218,23539.045,23657.297160237824,1.0047320121765513,0.4326862191439695,65.9655760217339,23539.045,23462.3625,23336.84625,23507.91629614856,23460.35786107428,23374.52276566689,65.32640909143738,70.63670177343361,141.50435605635644,1.4839845291997271,69.64071197874111,1
1677456420,0.3071672545624266,0.2969264623401881,0.27874752972981853,0.3133314313833137,-0.4695579128871652,-0.4470577227111856,-1.0831449924178185,98.47131592062216,12.294082298617468,86.17723362200468,23533.075,23571.45,23484.75,23619.775,23446.375,23658.15,23398.05,23435.381144868683,23511.295,23587.20885513132,0.6457649834372713,0.378348952453732,62.7630379454501,23511.295,23492.4425,23349.67125,23502.88586409904,23466.260977242586,23385.789645127188,66.49276954054578,66.90020914430238,136.56833062375966,1.296997567051602,42.81109538768247,0
1677458880,0.30341863441531663,0.29076009610920134,0.2718517210218192,0.30842603036331834,-0.7620602550385853,-0.7403782998417707,-1.0842989111070673,93.33208307509994,5.723879562476213,87.60820351262373,23488.941666666666,23527.08333333333,23454.68333333333,23561.341666666667,23416.541666666664,23599.483333333334,23382.28333333333,23454.494335066847,23490.42,23526.34566493316,0.3058750327423232,0.2916531255878601,60.93612176847823,23490.42,23513.4475,23362.026250000003,23493.740576066022,23467.931708653025,23394.328726543645,65.73921532735386,65.8527979864457,131.5634498649197,0.902842848177978,28.4143334703268,0
1677461340,0.29846098844587565,0.31342925541880023,0.319453910725504,0.32034937736812497,-0.6569384087704135,-0.6339530232728864,-1.0839590440781997,93.33744670809392,4.583394556376149,88.75405215171777,23472.05,23507.0,23440.5,23538.55,23405.55,23573.5,23374.0,23456.24462283236,23503.705,23551.16537716765,0.4038544320365525,0.8752603974698238,64.97268946636497,23503.705,23527.22,23377.35375,23508.93538404402,23480.912307079747,23408.137895444248,66.72768320214799,66.31988935668257,134.20177487456831,0.5885281348283972,65.55820833854895,1
1677463800,0.3073173067762467,0.32071355279382124,0.30091262914838524,0.33609383320363984,-0.7633271855360803,-0.7408304433435434,-1.0934992689369234,93.9152963156157,4.128995331118347,89.78630098449736,23549.541666666668,23628.68333333333,23460.18333333333,23718.041666666668,23381.041666666668,23797.18333333333,23291.68333333333,23456.948599084943,23518.115,23579.28140091506,0.5201641450861096,0.8411595203872937,66.18195672554977,23518.115,23534.21,23396.05375,23525.906922696013,23495.264614883425,23422.5866673067,70.70875724588358,67.72521859179517,129.74652342332072,0.2975740689103119,64.9431436330599,1
1677466260,0.3153877951076525,0.329346465517203,0.3194890934229933,0.3442318772245964,-0.7057114791058742,-0.6825334977368294,-1.0942963677517896,95.23822354298318,4.361538046788652,90.87668549619453,23553.473915147635,23592.57608485237,23520.74783029527,23625.302169704737,23481.645660590533,23664.40433940948,23448.919575738168,23448.985888860847,23530.325,23611.664111139155,0.6913556114431384,0.8310215666598121,67.60917965935381,23530.325,23534.685,23416.932500000003,23545.32961513068,23511.43013945008,23437.976032325107,76.6384815559784,71.35830733467002,127.7574860359408,0.0201446812210067,88.03982416788575,1
1677468720,0.32373970952759684,0.3241826883280891,0.30925092845346536,0.3397919522137987,-0.7132128054071137,-0.6905074420957134,-1.0964681995016157,94.02868534740992,2.521599880972304,91.50708546643762,23586.75833333333,23636.416666666664,23534.516666666663,23688.658333333333,23484.85833333333,23738.316666666666,23432.61666666666,23469.639457060817,23545.685,23621.73054293917,0.6459403745457434,0.6574056747753712,65.81983116638524,23545.685,23528.49,23433.93375,23553.428076753786,23522.011023186424,23450.51402924653,77.07152005464016,74.8062529521674,124.7176656048022,-0.2621492642788334,61.71972389947536,1
1677471180,0.3253336502031707,0.30177083063100574,0.2935010309001779,0.3192035902685638,-0.6210159969002531,-0.5987574286626934,-1.1026181632223295,86.97188265461591,-3.628162249457361,90.60004490407329,23568.075,23611.45,23526.25,23653.275,23482.875,23696.65,23441.05,23497.922494953746,23551.89,23605.857505046253,0.4582859808385127,0.0792375433969278,58.57398540724349,23551.89,23521.155,23447.95,23537.777051169192,23519.18629169798,23455.84364550876,68.68953126533394,74.13317762531751,123.12533234731627,-0.311071010917181,-26.41534760016967,0
1677473640,0.3149241364071318,0.291354551558807,0.28318212723741426,0.31261531444608814,-0.67537980574804,-0.6535665286664366,-1.1060499739184868,78.11060552887284,-9.991551500160355,88.1021570290332,23512.936322726782,23558.67264545357,23460.738677273213,23610.870290907143,23415.00235454643,23656.60661363393,23362.804709092856,23457.969830627862,23539.45,23620.93016937213,0.6922860931086724,0.1175449776291507,55.51510217635967,23539.45,23521.5775,23461.027500000004,23517.559700779464,23511.53878411653,23457.8704411746,56.18609407345375,67.31571513114265,120.54527175752077,0.0179994802516883,-78.15938436363255,0
1677476100,0.3045109818950537,0.27518003984788747,0.27285961454940627,0.2770601085128393,-0.3347335521063561,-0.31441649223662593,-1.0980107201824492,66.64224760380966,-17.167927540178823,83.81017514398849,23487.2431613634,23525.686322726782,23438.681838636607,23574.24764545357,23400.238677273213,23612.690806816965,23351.677354546428,23399.832658854728,23513.79,23627.74734114528,0.9692809295759888,0.139163220317847,51.05637068969703,23513.79,23515.9525,23471.95875,23488.88980051965,23496.99536882261,23455.3637324913,41.33964717527599,55.405090838021245,123.14666249234708,-0.2394860310459201,-142.5825426241677,0
1677478560,0.291216748037286,0.2684458355754866,0.2596811010149166,0.2860115702281588,-0.7730559623257385,-0.7519596483294108,-1.0991285406754383,55.38393586646998,-22.7409914220148,78.12492728848478,23429.171580681697,23508.843161363395,23351.878419318306,23586.136322726787,23272.206838636608,23665.807903408484,23194.913677273216,23367.634547656457,23479.47,23591.30545234354,0.9526233117147958,0.2009222093790712,49.28166895703782,23479.47,23504.8975,23483.63,23463.451533679767,23481.646210854866,23451.28861511117,33.24849485222136,43.59141203365039,121.1009988159326,-0.4699630682572969,-137.07474761851202,0
1677481020,0.28120236212282124,0.2746299467452673,0.2547881127392718,0.29757685876435136,-0.7854398679768252,-0.7640759602029921,-1.1007095311199027,47.32219378318405,-24.642186804240595,71.96438058742464,23418.69412367418,23462.88824734836,23368.380876325817,23513.201494696725,23324.18675265164,23557.395618370905,23273.873505303272,23381.95023438597,23451.545,23521.13976561404,0.5935196646023161,0.3452110599848164,50.96720396815245,23451.545,23498.615,23495.52875,23452.30102245318,23472.255990699432,23449.26112795773,30.250755670625665,34.946299232707695,115.90092747193736,-0.2674220746121453,-104.84830943233553,1
1677483480,0.2792873779705296,0.27032679908767354,0.25320489135223134,0.28561770591268526,-0.682414156073499,-0.6612425875098543,-1.1001542860485036,39.49949336142163,-25.97190978080242,65.47140314222405,23430.63333333333,23454.466666666664,23406.166666666664,23478.93333333333,23382.33333333333,23502.766666666663,23357.866666666665,23388.212183809108,23433.825,23479.437816190893,0.3892904055645441,0.3251587894371042,49.728766300308536,23433.825,23492.8575,23503.152500000004,23440.82568163545,23462.368537844988,23446.27197291413,28.049472110382567,30.51624087774322,113.1365755096559,-0.2452562144708497,-115.509998103334,1
1677485940,0.27617820544905347,0.257115692155386,0.24477346217251555,0.2747327284668562,-0.6778213326958251,-0.6571992705948914,-1.1135148738993272,29.95094467358649,-28.416366774910045,58.36731144849654,23413.95833333333,23454.516666666663,23377.316666666666,23491.15833333333,23336.75833333333,23531.71666666666,23300.11666666667,23377.74014540861,23414.53,23451.319854591395,0.314248072384047,0.0395469705399708,46.030748295342434,23414.53,23476.99,23502.105,23420.767121090303,23447.51062187317,23440.02226120803,23.131211841786,27.1438132075981,111.02934128595328,-0.674084749668902,-128.47048684785088,0
1677488400,0.26801773839842263,0.2597863054439133,0.24796266942625364,0.27125956132131196,-0.5761798983546892,-0.5559052858742018,-1.112824391827976,22.728851602794748,-28.51076787656144,51.239619479356186,23383.428432125937,23423.85686425188,23340.22156787405,23467.06372850376,23299.79313574812,23507.49216062969,23256.586271496235,23368.755196754533,23405.855,23442.954803245462,0.3170130144399025,0.2617238037217781,46.890533088546746,23405.855,23459.8225,23497.01625,23409.903080726872,23436.722326987143,23435.084426807265,18.096169063219875,23.09228433846284,110.41295976552811,-0.7286761163589721,-104.9605545877139,1
1677490860,0.2652728776855686,0.2634328903661233,0.24426848618982586,0.2840780544976493,-0.7309074935715405,-0.7099948266340507,-1.1514899451611171,17.631156443592772,-26.88677042861074,44.51792687220351,23385.725,23438.150000000005,23335.750000000004,23488.125000000004,23283.325,23540.550000000007,23233.35,23366.257545623783,23403.03,23439.802454376226,0.3142537900111197,0.4377251249924239,48.10621162532748,23403.03,23441.25,23487.9675,23406.08538715125,23429.763722080388,23431.595433778,17.32731443415965,19.518231779721862,106.53346263941911,-0.7874983967003236,-78.31931389024923,1
1677493320,0.26572383013951517,0.2572399067269449,0.24131313960068312,0.2772749435940064,-0.6872680247656793,-0.6666814445713946,-1.1628646001935456,12.044288083037827,-25.978911031332544,38.02319911437037,23397.58333333333,23426.066666666666,23369.966666666664,23453.68333333333,23341.48333333333,23482.166666666668,23313.86666666666,23365.40185955104,23393.230000000003,23421.058140448968,0.2379161872812296,0.2802584038550386,46.17319744015176,23393.230000000003,23422.3875,23475.43875,23397.72359143417,23420.897590793043,23426.77682103724,18.288627194417355,17.90403689726565,103.6882153080321,-0.8002885069236358,-80.65534540547547,1
1677495780,0.2628526611070242,0.26686653602280325,0.25014399667062076,0.2890192613645067,-0.7610406891695709,-0.7398748395249312,-1.1908245971832303,9.69367283664178,-22.66362102218288,32.357293858824654,23382.63333333333,23415.166666666664,23348.466666666664,23449.33333333333,23315.93333333333,23481.866666666665,23281.766666666663,23370.048339658744,23391.28,23412.51166034126,0.1815348312812146,0.8966953061901441,49.565690455274606,23391.28,23412.5525,23466.85375,23401.19072762278,23418.575301557943,23425.00045712893,20.463962490459696,18.693301373012257,100.63191421460134,-0.4183953570239473,-46.39199567024454,0
1677498240,0.2662306297519831,0.2695637667195208,0.2512346602928037,0.29320854544727515,-0.7592656186075927,-0.7380576221173402,-1.2936587966427222,8.34782131497559,-19.20757803507925,27.55539935005484,23410.975,23439.050000000003,23380.050000000003,23469.975,23351.975,23498.050000000003,23321.050000000003,23372.965345425782,23398.295,23423.62465457422,0.216508549654747,0.844063120737083,50.50691540329821,23398.295,23406.4125,23463.995000000003,23406.03548508185,23418.05706491104,23424.117080259508,22.347617489914256,20.36673572493046,97.04392034212992,-0.2615311712997288,-32.62350293518074,1
1677500700,0.26926829625050414,0.26801108457502776,0.247364563568927,0.2884105619678647,-0.7572150568280765,-0.7361626122897085,-1.3807381579791345,6.849244523753441,-16.564923861041123,23.414168384794564,23418.441666666666,23442.283333333333,23391.88333333333,23468.841666666667,23368.041666666664,23492.68333333333,23341.48333333333,23378.230336017445,23402.93,23427.62966398256,0.2110818088380869,0.6704476628901703,49.92925633373452,23402.93,23404.3925,23460.1725,23407.80699005457,23416.83759856358,23422.90116785384,26.55232079995646,23.12130026011016,93.883640317692,-0.0862085521444408,-39.734597594674646,1
1677503160,0.2700107499576349,0.3313338986621549,0.37613323638155266,0.2984569980799183,0.842759998326304,0.8792774187832298,-1.3548319494369028,19.83042516283968,-2.866994577563915,22.69741974040359,23408.849999999995,23436.49999999999,23383.69999999999,23461.65,23356.05,23489.29999999999,23330.89999999999,23290.642619079383,23441.195,23591.747380920617,1.2845111430591911,0.9934495193348843,66.67112001828136,23441.195,23422.1125,23463.505,23468.462993369714,23448.28076246111,23438.793913772523,36.71178485244437,28.537241047438386,115.08780256264608,0.7568582268289614,259.87147105342945,0
1677505620,0.3020449527665158,0.3922522735426665,0.3930209311766511,0.33077480256934827,0.09637452699475116,0.13146733478754885,-1.3497701631234114,43.46775557622459,16.6162686686568,26.85148690756779,23599.67769608432,23790.09730391568,23399.35539216864,23990.419607831365,23208.935784337267,24180.83921566273,23008.613480421584,23236.83506351353,23517.28,23797.72493648647,2.3850116721531607,0.9352815263109278,75.24614491472614,23517.28,23455.255,23476.935,23566.11699557981,23505.21607837727,23469.520683889423,55.45072269041081,39.5716094476039,131.75892065627994,1.414532650448156,266.7476565863751,0
1677508080,0.3485227509495987,0.41539167373031083,0.4105419145265655,0.3776640728827535,0.012878449268980212,0.048505526924005886,-1.3472213564092783,66.6928121043602,31.87306015743393,34.819751946926274,23702.98051470883,23906.44448529118,23557.96102941766,24051.46397058235,23354.49705883531,24254.9279411647,23209.47757354414,23257.978229740813,23600.98,23943.981770259183,2.906673962345519,0.8289268738022744,77.60329517330275,23600.98,23496.13,23494.49375,23652.95299705321,23563.65406412685,23503.5306187571,75.17534072188306,55.77928275491277,141.4425140334571,1.7454615331237198,216.6733226592885,0
1677510540,0.3833319234461372,0.3723069623379768,0.4062144427353218,0.31941842534973097,0.7411612949620577,0.7778580690828686,-1.3195340797183752,74.44471893290392,31.699973588782115,42.74474534412181,23784.96525735441,23939.459742645584,23672.130514708824,24052.29448529117,23517.63602941765,24206.788970582344,23404.801286772064,23366.51266529764,23658.88,23951.247334702355,2.47152303661338,0.5792581702863323,65.16130217242382,23658.88,23528.5875,23502.78875,23670.37699803548,23589.394234285606,23522.7396074469,78.81891951471744,69.8149943090038,161.17519160249594,1.3882206012236489,112.5461287225146,1
1677513000,0.3791930865139384,0.27315711682534766,0.34689164505480347,0.2131466718654579,1.7426705137365825,1.7567161931872075,-1.3102645723584236,57.38345255717286,11.710965770440836,45.67248678673202,23686.175,23904.55,23486.85,24103.875,23268.475,24322.25,23069.15,23379.166266432498,23661.78,23944.3937335675,2.388778304654182,0.0825928255116991,46.632357056922174,23661.78,23532.355,23496.088750000003,23588.867998690315,23559.65891896095,23513.51202578529,62.78063450868094,72.25829824842717,188.6545667034472,0.1610856768431024,-29.04773695115492,0
1677515460,0.32754628871469504,0.23579514819414654,0.2956944093891548,0.2123947490813716,0.26342933862420026,0.2787940090181621,-1.310283153163605,34.964415339065454,-8.566457158133254,43.53087249719871,23437.912147671934,23704.824295343868,23158.93785232805,23983.798590687747,22892.02570465612,24250.71073835968,22613.05140931224,23211.37418503237,23607.94,24004.50581496763,3.359596940416041,0.1376830917417076,41.80796730706203,23607.94,23524.5675,23482.90875,23499.43699912688,23516.189115513505,23495.1370709486,40.586386513827705,60.72864684574205,203.92697061805103,-0.3328211911472768,-72.04244635481506,1
1677517920,0.28304097980417364,0.2463001519603176,0.25157649916514796,0.24855865441126246,-0.43517186925403784,-0.4157188032122864,-1.3102599754263595,19.362441275432506,-19.334744977412967,38.69718625284547,23353.6144071693,23538.3288143386,23135.8605928307,23756.082628677203,22951.1461856614,23940.797035846503,22733.3923713228,23120.08882199271,23525.69,23931.291178007286,3.448155425046302,0.2836359834279843,43.57552536150316,23525.69,23521.485,23471.93625,23449.68299941792,23486.004730874687,23481.331159429683,26.914362189953128,43.42712773748728,201.93730205633,-0.1318378170309101,-67.4113895713014,0
1677520380,0.2660410875082329,0.2165951244188143,0.23472458328162976,0.21028220411655568,-0.26666335115809664,-0.2510724865983627,-1.3090026868732954,0.2410947438074799,-30.76487320723039,31.00596795103787,23355.34887025132,23440.797740502632,23264.72612974868,23531.420481005272,23179.27725949736,23616.869351256588,23088.65451899472,23104.44508185916,23413.66,23722.87491814085,2.6413206490642285,0.2620021037714627,39.8861666051701,23413.66,23507.32,23459.93625,23388.613666278616,23446.090234352014,23460.868668055427,19.92016089424065,29.14030319934052,204.3041594363764,-0.6051317651456709,-102.8237514552004,1
1677522840,0.24268789160568907,0.21127164278055233,0.22020352110681005,0.21414923557757345,-0.3509110847213085,-0.33424831481903927,-1.3097740238934727,-15.939345926195529,-37.55625110178672,21.616905175591192,23275.849435125663,23388.698870251326,23153.625564874343,23510.922740502643,23040.776129748683,23623.772175628303,22918.552259497366,23197.58372342238,23322.91,23448.23627657762,1.0747053140248783,0.2150039004160528,39.24489514197605,23322.91,23490.895,23448.65375,23342.90077751908,23410.70564628801,23440.926413954912,16.997473703984486,21.27733226272611,202.7824337623496,-0.7014516953884623,-101.992862017803,1
1677525300,0.22834942093854182,0.22298330238472863,0.2123225968690982,0.23355600457638642,-0.4619513691942751,-0.44396620548235016,-1.3173907661659492,-25.802205756812327,-37.93528874592282,12.133082989110488,23260.691666666666,23347.58333333333,23164.58333333333,23443.691666666666,23077.691666666666,23530.58333333333,22981.58333333333,23222.43210808563,23294.635,23366.83789191437,0.6199100515150412,0.4296427073028264,41.474224109750494,23294.635,23478.2075,23441.3,23323.42551834605,23387.75461969019,23426.02627929254,14.218154599890918,17.04526306603871,195.8979742078961,-0.5419379916151782,-83.92486753487562,1
1677527760,0.22703630557989218,0.20217736164852146,0.20113449906734446,0.1879751615219797,-0.13493587614003824,-0.12222229982258698,-1.303989450226775,-37.91211353570907,-40.036157219855646,2.124043684146577,23282.291666666668,23336.583333333336,23230.18333333333,23388.69166666667,23175.891666666663,23442.983333333337,23123.783333333333,23191.878308686737,23275.69,23359.50169131326,0.7201650418377431,0.2026667806182676,38.75366735198015,23275.69,23441.815,23431.963750000003,23290.90034556404,23358.317416110152,23406.96187174087,14.757688521179375,15.324438941684951,196.3266903359033,-1.5427234893084096,-107.74145371388448,0
1677530220,0.21597626203602768,0.22191860605707625,0.22252557914113685,0.22202652188705463,-0.43493801848828956,-0.41708187675485087,-1.2980222833567578,-42.53056420537905,-35.723686311620504,-6.806877893758548,23209.716666666664,23318.733333333326,23116.83333333333,23411.61666666666,23007.816666666666,23520.633333333324,22914.93333333333,23218.849999990915,23261.95,23305.05000000908,0.3705622272344544,0.7265081206019361,42.60096646463182,23261.95,23393.82,23424.5375,23287.75856370936,23344.34606772649,23395.01074109888,18.30382030273435,15.759887807934907,194.27478388333896,-2.0198704412719537,-67.82414623919793,1
1677532680,0.22031735158545981,0.24851826930959212,0.2328692922031339,0.24832365957954253,-0.6482648784177879,-0.6280115258185225,-1.2955712017058734,-39.68541228895992,-26.302827516161106,-13.382584772798824,23280.224999999995,23364.64999999999,23197.04999999999,23447.825,23112.625,23532.25,23029.449999999983,23192.263950814424,23279.94,23367.616049185574,0.7532326044274583,0.936179553655028,47.39589153257009,23279.94,23346.8,23421.465,23310.64737580624,23346.54223723076,23391.33590861328,23.48722452222618,18.849577782046666,189.22346381716983,-1.973422589225292,-37.9194366675106,0
1677535140,0.23578838703048927,0.2622705968751035,0.24775157324131414,0.26393166149376185,-0.4970850954268134,-0.4766544052356695,-1.288650653028488,-33.91288116026772,-16.424237109975113,-17.488644050292603,23339.48956568101,23409.735434318995,23286.179131362023,23463.045868637982,23215.93326272404,23533.29173727597,23162.62282840505,23188.85421646071,23308.68,23428.50578353929,1.028164473829411,0.8609198181109374,49.7338542631582,23308.68,23315.795,23422.19125,23338.82325053749,23355.38455773425,23391.701536364395,30.568101032910945,24.119715285957184,184.44076293583527,-1.307939494351965,-18.87834264912985,0
1677537600,0.25040040926901214,0.28808948282067404,0.2936649934654881,0.2786730452802461,-0.25143214032701333,-0.2287128347245966,-1.2795571140810555,-23.20035242798258,-4.5693667021519815,-18.6309857258306,23381.03644950717,23449.238550492828,23326.97289901434,23503.302100985657,23258.770798028683,23571.504201971315,23204.70724753585,23175.687754609327,23345.370000000003,23515.05224539068,1.45366936048283,0.8611308882606736,53.87832401091733,23345.370000000003,23320.0025,23426.17875,23381.857167025,23375.84645632803,23398.9609138535,38.36511520930055,30.80681358814592,186.3803745646499,0.1796092777850296,22.110001447799828,0
1677540060,0.2706165030602587,0.3044414439195343,0.2983091095341404,0.2990681139692775,-0.6149197693225062,-0.5924022509813525,-1.279045682085564,-10.86745553028959,6.210824156432807,-17.078279686722396,23462.509891420254,23571.015108579748,23359.41978284051,23674.105217159493,23250.91456568101,23782.610434318987,23147.82445710127,23239.207344484414,23403.0,23566.792655515583,1.3997577705045197,0.8388430319131047,56.33390773157313,23403.0,23339.345,23431.95625,23425.904778016666,23400.965282450205,23409.917017296026,44.95462719023146,37.96261447748101,185.05571658643336,0.8294177995182335,53.95915989664163,1
1677542520,0.28890093564813857,0.2939453126227622,0.2859248000177346,0.3099656817783543,-0.6348052444274,-0.6126222351764699,-1.2805110112481515,-3.440343083035259,10.91034928294971,-14.350692365984967,23501.254945710127,23591.545054289872,23423.70989142025,23669.090108579745,23333.41978284051,23759.38021715949,23255.87472855064,23326.42684196445,23443.590000000004,23560.75315803556,0.9995325633621244,0.6742655314378249,54.33419773893412,23443.590000000004,23352.77,23437.1275,23445.41151867777,23416.139776550164,23417.013015648787,48.93840332072796,44.08604857342001,179.13745111597362,0.5749421578210869,75.50920258404011,0
1677544980,0.2927948262372839,0.27917265107658523,0.26344305632176057,0.29417530331252995,-0.7406137628467744,-0.7192505692984575,-1.2789012335332994,-0.9026869709887252,10.758404315996996,-11.66109128698572,23489.80833333333,23538.216666666667,23436.01666666667,23592.00833333333,23387.608333333337,23640.416666666664,23333.81666666668,23380.516928455803,23460.865,23541.2130715442,0.6849540419264022,0.387582865071868,51.5600799492921,23460.865,23370.402500000004,23438.86125,23444.541012451853,23420.98708990468,23419.46891892033,52.08799709147541,48.66034253414497,172.56513317911862,0.7578500825759139,67.27907471298599,0
1677547440,0.28735507474530547,0.26793123235045435,0.2558530418511757,0.2760933506475845,-0.6195450826724838,-0.5986767542723458,-1.2784945112103718,-1.4309884561880608,8.184082264638128,-9.61507072082619,23439.93333333333,23482.56666666667,23400.166666666668,23522.333333333336,23357.533333333333,23564.96666666667,23317.766666666663,23393.75406543385,23464.055,23534.355934566145,0.5992223813500681,0.1235469675712531,49.489409568451855,23464.055,23386.3675,23438.63125,23433.40234163457,23419.19398264928,23418.67425997553,56.44747284498973,52.491291085731056,168.19097042641715,0.68662310670614,40.79537884978544,0
1677549900,0.27901421111429775,0.27364510264218833,0.2614728252623316,0.2905589127795414,-0.6996141183484326,-0.6782374069240029,-1.277027808156038,-0.5442618311280967,7.256647111758474,-7.800908942886571,23405.350618213764,23463.90123642753,23352.57438178623,23516.677472855063,23294.023763572462,23575.228091068828,23241.247527144933,23380.08386786504,23455.915,23531.74613213496,0.6465843019550598,0.3108296738274917,50.5759102539101,23455.915,23400.6425,23439.425,23431.34322775638,23420.65416762214,23419.488616168343,62.91472573708998,57.15006522451839,162.38447253881577,0.6130694378979986,54.26604070336022,1
1677552360,0.2777008560138291,0.28477117926615664,0.2779735103850429,0.29875845171077325,-0.5952001645713486,-0.5733450572583291,-1.2722592106210762,2.65752412105212,8.366746451150952,-5.709222330098833,23429.50833333333,23471.816666666666,23384.916666666664,23516.40833333333,23342.608333333334,23558.71666666666,23298.016666666663,23394.18004046532,23444.83,23495.479959534685,0.4320778571197415,0.635686189350131,52.70906241943759,23444.83,23423.915,23432.865,23440.42048517092,23427.54886441811,23423.21112891422,69.35961793209229,62.90727217139069,158.70701021461474,1.0020085379006676,71.51668478656052,0
1677554820,0.2826074924397724,0.28573827843044036,0.2678408935079841,0.30935698238171233,-0.7619143246920351,-0.7402114421955842,-1.2730759636809539,5.353139620670845,8.849889560615743,-3.4967499399448974,23463.225,23516.35000000001,23405.450000000004,23574.125000000004,23352.325,23627.250000000007,23294.550000000003,23402.22272254244,23440.205,23478.18727745756,0.3240780313786391,0.7776953017571508,52.89935578570505,23440.205,23441.8975,23417.85875,23447.38032344728,23433.685434523908,23426.8386404462,72.85784006135391,68.37739457684542,151.1207951992851,0.7723952198045902,64.44770049786746,1
1677557280,0.2855443841961275,0.2714624751705017,0.25405811254841093,0.2908453595544313,-0.7270077104407897,-0.7058771515678399,-1.2735170726545835,4.195252737230476,6.153602141740299,-1.9583494045098229,23464.4,23489.099999999995,23436.599999999995,23516.9,23411.9,23541.599999999995,23384.099999999995,23395.18426274964,23435.86,23476.535737250368,0.3471239139538049,0.3182577502038218,49.71895435352652,23435.86,23448.3625,23397.58125,23438.611882298188,23431.392628246835,23426.289722308466,72.4290594715193,71.54883915498853,145.56216697076468,0.2767974979047584,21.51463577836512,0
1677559740,0.27987457474123756,0.2704510136592312,0.24975698699823234,0.2914898647979341,-0.8188051004192154,-0.7974835715597459,-1.2754571704381212,3.0129168286948698,3.977012986563754,-0.9640961578688844,23420.70003863836,23453.40007727672,23388.37496136164,23485.72515455344,23355.67492272328,23518.4251931918,23323.34984544656,23399.786155160324,23437.28,23474.77384483968,0.3199504792337264,0.2458916245922488,49.49191595509306,23437.28,23450.667500000003,23383.23125,23431.81625486545,23428.99851402014,23425.521653517186,69.61584047967642,71.6342466708499,138.80772647285292,0.0985245889376575,9.848039977888964,1
1677562200,0.2765339141977769,0.2643023923670396,0.24512607463665162,0.28346935510100857,-0.5303246629448386,-0.5100024913671269,-1.2742546248888422,0.6701987598571577,1.3074359341808337,-0.637237174323676,23416.275,23442.75,23391.75,23467.275,23365.275,23493.75,23340.75,23384.34080781115,23432.015,23479.68919218885,0.4069150023064572,0.1736704014119057,48.055328899740886,23432.015,23443.965,23381.98375,23421.510836576974,23423.8896932892,23423.176734134595,62.32496123963287,68.12328706360957,133.19556950898962,-0.2856025831001311,-34.08459999030631,1
1677564660,0.2717891209392121,0.25918297752491,0.2404225826682283,0.28261001477633735,-0.8292884573448009,-0.8081397003737859,-1.2800134747602783,-2.323613958003989,-1.3491014269442505,-0.9745125310597388,23398.645842992923,23429.891685985844,23369.65415700708,23458.88337197169,23338.40831401416,23490.12921496461,23309.41662802831,23367.23778203819,23417.595,23467.952217961803,0.4300801851070178,0.1910075530423228,46.83631772330866,23417.595,23431.2125,23385.27875,23409.83222438465,23417.08702178208,23419.68133088368,52.61186566676376,61.51755579535771,127.20079772187476,-0.5423364803946646,-74.6603596156017,1
1677567120,0.26685689004816554,0.2569382427674439,0.2388855334738885,0.27605754480072375,-0.8081725711306638,-0.7872116261858306,-1.2914039593882185,-5.147272196118138,-3.3382077320467194,-1.8090644640714184,23388.581254829794,23412.16250965959,23362.893745170208,23437.850019319176,23339.312490340413,23461.43127414897,23313.624980680823,23368.565631090743,23401.365,23434.164368909253,0.2803201343960453,0.1765943872473327,46.28193834854888,23401.365,23420.785,23386.7775,23399.93814958977,23410.37119963988,23415.91644222809,38.91052367222705,51.28245019287459,122.62931217031232,-0.4440176840608251,-105.42220408441368,1
1677569580,0.26326835160744955,0.2293359904730551,0.2319759827991214,0.22532065979829247,-0.07352757848289752,-0.058860127054685976,-1.2773105570283445,-13.505155178165296,-9.3568725712751,-4.148282606890194,23378.916666666668,23411.13333333333,23347.93333333333,23442.11666666667,23315.716666666667,23474.333333333336,23284.733333333334,23297.9388845166,23377.625,23457.311115483404,0.6817297777973951,0.0278349337051573,40.010558479304606,23377.625,23406.7425,23388.5725,23367.41709972652,23390.73552697808,23405.1029715397,29.74356131027816,40.42198354975635,127.1029999526004,-0.5990112102649977,-217.2484912535223,0
1677572040,0.24767227235528788,0.2176686932158643,0.21651566039855719,0.23731561849682062,-0.6890607519243075,-0.6698200752205957,-1.277863911621941,-22.521956315918946,-14.698938967222997,-7.823017348695944,23299.21198037411,23393.423960748223,23208.16301962588,23484.472921496457,23113.95103925177,23578.68490187057,23022.90207850353,23243.74095160402,23347.88,23452.01904839598,0.8920642764651896,0.1236762232454469,37.68599213158934,23347.88,23392.58,23389.47375,23334.778066484345,23368.69270389116,23392.18840282164,22.87171586740685,30.508600283304048,125.72549785321272,-0.6049474341792631,-185.73968131651125,1
1677574500,0.23404029502691728,0.21986906562634617,0.20514532658118087,0.2421852136699539,-0.6889731272008673,-0.6695038126274724,-1.2916704295926789,-28.83515428633837,-16.809709550113936,-12.02544473622443,23284.77265685372,23331.045313707444,23223.22734314627,23392.59062741489,23176.95468629255,23438.863284268617,23115.40937258509,23221.56808582432,23322.84,23424.111914175686,0.8684355265112319,0.267260249874308,38.41271529223888,23322.84,23377.4275,23389.035,23315.08537765624,23351.78493954731,23381.09426921958,21.39511265082862,24.670129942837903,121.16653372084048,-0.6467902194988857,-153.79897923986212,1
1677576960,0.2283245470852931,0.21825427619607363,0.19863652754556999,0.24003686285827722,-0.7598759837210065,-0.7400743267639847,-1.2944348885078234,-33.81574922855725,-17.432243593866257,-16.383505634690994,23280.6,23309.10000000001,23247.200000000004,23342.500000000004,23218.7,23371.000000000007,23185.300000000003,23215.953892868227,23299.775,23383.596107131776,0.7195014297929883,0.3292494517222326,38.061900276339735,23299.775,23358.685,23391.3,23300.440251770822,23337.1240414478,23370.62338643676,19.6896185013366,21.31881567319072,116.04035274078056,-0.7989615737528782,-131.2831544036597,1
1677579420,0.2246592383906662,0.23801326554342236,0.23012504179893065,0.2492031596547652,-0.643442296870427,-0.6236486533993733,-1.2935149085142714,-32.89124954820727,-13.206195130813018,-19.68505441739425,23270.916666666668,23295.733333333337,23246.333333333336,23320.31666666667,23221.516666666663,23345.13333333334,23196.93333333333,23244.52010651739,23289.11,23333.69989348261,0.3829248389707544,0.9229097341834664,44.71527293363564,23289.11,23345.2375,23393.5675,23309.23516784722,23335.25148845729,23366.45211153802,26.788618000154823,22.62444971744004,115.88389897358184,-0.5731779568907032,-52.71820949042928,0
1677581880,0.23270656827377056,0.2508339838222366,0.2288232819918082,0.2608225591182259,-0.6490651630048141,-0.6288573873050872,-1.2909794145516322,-28.910331000373844,-7.380221266383671,-21.530109733990173,23327.841666666664,23383.983333333326,23270.683333333327,23441.141666666663,23214.541666666664,23497.28333333333,23157.383333333328,23226.243175530355,23301.225,23376.20682446964,0.643586974244002,0.9115997472493595,48.575281004807465,23301.225,23339.425,23393.89375,23327.140111898145,23340.28758146505,23366.118577105823,36.489978902953865,27.65607180148179,113.11711167832064,-0.2481739202833345,-23.13310546671501,0
1677584340,0.24314091000605112,0.2705397383532022,0.262211661909618,0.2713492770169543,-0.13262534364245798,-0.11240789396270488,-1.2764414236781834,-21.03257053127527,0.398031362171924,-21.4306018934472,23349.46704105336,23394.78295894664,23317.63408210672,23426.615917893283,23272.31816421344,23471.931835786567,23240.485205266792,23220.276262475883,23331.02,23441.76373752412,0.9493261548283533,0.8948530271562884,53.90277775993169,23331.02,23339.45,23395.05875,23357.585074598763,23354.50347574413,23371.104903095747,52.03059071729955,38.43639587346944,115.22656358843784,0.0010675446153583,48.76587587970177,0
1677586800,0.25821144637544763,0.2887371730866615,0.2705499612146981,0.2865532342011792,-0.3761058961456833,-0.3541004217935562,-1.2707995628603561,-10.530535171936208,8.720053377208789,-19.250588549145,23409.40852052668,23485.26647947332,23342.61704105336,23552.05795894664,23266.75908210672,23627.91591789328,23199.967602633395,23231.30967874413,23369.83,23508.350321255864,1.1854628061553405,0.8606691028944257,58.20845506694484,23369.83,23346.335,23395.15,23394.973383065844,23375.457389245195,23380.49967422949,69.10525076082406,52.54194012702586,115.84518184711972,0.2942194530979515,97.7330415039519,0
1677589260,0.27484588279390654,0.27524214713366696,0.26456890264143407,0.285367064984656,-0.49974038651467456,-0.4791731606000087,-1.2696570880536033,-5.215772025196202,11.227853219159035,-16.44362524435524,23448.55426026334,23521.095739736666,23397.20852052668,23572.441479473324,23324.667041053355,23644.982958946646,23273.321301316693,23300.27403363868,23401.945,23503.61596636132,0.868910394937842,0.646452822599161,54.16776209391959,23401.945,23350.86,23391.03625,23407.223922043897,23385.687863927888,23385.37827668382,78.07118965450574,66.40234371087648,115.4419545723255,0.1934879027301036,80.57554001707294,1
1677591720,0.2764152536683975,0.2663430603283734,0.25049582364551864,0.28815992103983545,-0.6635469543178932,-0.6425960977962561,-1.269661173053514,-2.992629707659944,10.760796429356237,-13.75342613701618,23429.108333333337,23485.51666666668,23375.31666666668,23539.30833333333,23318.908333333336,23595.716666666674,23265.116666666672,23348.4783170242,23417.91,23487.3416829758,0.5929793305705138,0.4189130990536486,51.62287583451347,23417.91,23353.51,23387.1475,23407.03261469593,23389.499161395543,23387.40415509489,78.34576692664139,75.17406911399043,111.6532435314452,0.1133440119075369,58.43225517247324,1
1677594180,0.2727501752156117,0.28191424412028965,0.29619814768475305,0.26760736494146137,0.32314798576687415,0.34490306848750996,-1.2455596363927663,2.283252503602853,12.829342912495228,-10.546090408892375,23410.016666666663,23439.533333333333,23377.13333333333,23472.416666666668,23347.616666666665,23501.93333333333,23314.73333333333,23390.38982484922,23435.425,23480.46017515078,0.3843341876734095,0.6676467333528342,55.5573633456987,23435.425,23368.325,23387.53375,23421.53007646396,23400.594768414536,23393.41566413347,70.67204512234532,75.69633390116418,121.51372613634204,0.6357721047747341,100.67822615647616,0
1677596640,0.27870361368314384,0.2954625048896661,0.2846582229081027,0.2964310716647902,-0.09675475640933276,-0.07398041590399983,-1.2339272903156009,9.436057626346155,15.985718428190824,-6.54966080184467,23448.80833333333,23574.516666666663,23324.816666666666,23698.50833333333,23199.10833333333,23824.216666666664,23075.11666666666,23392.19996070485,23449.47,23506.74003929515,0.4884548716465826,0.8425002015261767,58.70437779628988,23449.47,23390.245000000003,23391.4125,23443.92005097597,23416.61390143007,23402.490362787423,70.75615119898556,73.25798774932412,122.5770314123177,0.9420056296869324,118.24884516495742,0
1677599100,0.2884547989788088,0.30517785887949417,0.30400870652748635,0.31706433392704325,-0.39271083362041465,-0.3691249339947201,-1.2316876988878553,17.11633448745488,18.93279623143964,-1.8164617439847603,23477.43333333333,23551.26666666667,23414.86666666667,23613.833333333336,23341.033333333333,23687.66666666667,23278.466666666667,23380.271922053285,23458.735000000004,23537.198077946723,0.6689455160026219,0.8653947914134456,60.84549492061394,23458.735000000004,23414.2825,23395.855000000003,23467.97170065065,23434.697737533694,23413.307947283865,74.55072084884516,71.99297239005871,123.37685778288862,1.0327294130788762,139.3909899660855,1
1677601560,0.2981883093331089,0.28882589778063256,0.2744200579385748,0.3062418737047809,-0.6750963599832096,-0.6534386482723283,-1.2587522445102393,19.2630889001448,16.863640515303643,2.3994483848411505,23524.100133133223,23586.974866866763,23453.200266266453,23657.874733733537,23390.32553253292,23720.749467467074,23319.425665666146,23392.634006339307,23466.390000000003,23540.1459936607,0.6286096298637823,0.5244725873845877,55.61850545437866,23466.390000000003,23434.1675,23396.42625,23468.64780043377,23441.116330709385,23418.707190399688,74.9486168625648,73.4184963034652,120.64101079839662,0.8544915055766412,74.99372387631799,0
1677604020,0.2948786788180024,0.2949035393176483,0.2834268284959601,0.31322401384273013,-0.5940238341423183,-0.5716624166957753,-1.2709902077269726,22.09159348102912,15.753716076950376,6.337877404078745,23470.63333333333,23510.266666666663,23430.36666666666,23550.533333333333,23390.73333333333,23590.166666666664,23350.46666666666,23438.980878346018,23482.485000000004,23525.98912165399,0.3705240024979183,0.5533282804431771,57.09384739825135,23482.485000000004,23450.1975,23397.7175,23474.80686695585,23449.48154330768,23425.223172266386,72.48402380695511,73.99445383945506,118.16665288422544,0.6871916773928697,84.6569732803761,1
1677606480,0.29626283491107125,0.29823958781095966,0.28919679088428596,0.3098224583909087,-0.5254232958498184,-0.5028567969496058,-1.2695092783831188,24.80575982239316,14.77430593465153,10.031453887741629,23491.375,23532.25,23446.25,23577.375,23405.375,23618.25,23360.25,23461.77525909692,23491.685,23521.59474090309,0.2546410860105383,0.5809100957390866,57.92072452182292,23491.685,23463.555,23401.49,23482.04624463724,23458.03489906992,23432.01382252673,69.82161043452466,72.41808370134822,117.71903482106656,0.571738586094653,82.52367305005072,1
1677608940,0.2986230198595526,0.28871055567847,0.26872046094522883,0.3080321660478448,-0.6862871292417133,-0.6645446511760682,-1.2811273448310545,24.507676359673496,11.580977977545494,12.926698382128002,23496.80833333333,23552.61666666667,23440.716666666667,23608.708333333336,23384.908333333333,23664.51666666667,23328.816666666666,23452.99297661181,23487.88,23522.767023388187,0.2970640465481449,0.2390863674806016,54.67923266480885,23487.88,23468.675,23404.0625,23477.922496424824,23460.1512810572,23435.600601333703,68.53202632034895,70.27922018727627,113.63374661956192,0.218630803244023,44.627710208664936,0
1677611400,0.29503836017238083,0.24788832398239857,0.2634694477361149,0.22664547613216002,0.013125953406847824,0.02866539523160861,-1.27093277616662,14.819061950307514,1.5138908545436074,13.305171095763908,23466.791666666668,23497.583333333336,23438.88333333333,23525.49166666667,23408.091666666667,23556.283333333336,23380.18333333333,23352.580246683447,23455.595,23558.60975331656,0.8783810712672567,0.0100459072604615,43.45855952268111,23455.595,23457.165,23401.75,23436.83166428321,23440.96922995589,23427.891020254305,57.87902098581808,65.41088591356392,124.87955132396752,-0.4904185174533114,-120.63671568691524,0
1677613860,0.2728339030525718,0.21196369539352664,0.241458270423447,0.21253797246881592,-0.36620099789529875,-0.35006175618801794,-1.2628846169478336,-1.0155397886555877,-11.456568707535595,10.44102891888001,23347.708337493747,23486.71667498749,23215.64166250625,23618.783349974987,23076.633325012503,23757.791687468733,22944.56665002501,23223.4958735464,23412.28,23601.064126453603,1.6126932229889617,0.0792681223147034,36.38280297782445,23412.28,23439.335,23395.0975,23375.69610952215,23406.87027905482,23411.27520880151,40.54101724736623,55.65068818451112,133.66761953229985,-0.7609341608438955,-193.37191360550148,0
1677616320,0.24376847011504818,0.19762578484780852,0.21394100095362797,0.19416957302898055,-0.3564048132700856,-0.34067203694913684,-1.252452893081286,-16.632785711903125,-21.659051704626503,5.026265992723383,23279.97916874687,23390.658337493744,23142.745831253123,23527.89167498749,23032.06666250625,23638.570843734364,22894.833325012503,23131.85161894818,23357.46,23583.068381051817,1.9317886538332296,0.1798988598592355,34.00324555558717,23357.46,23419.9725,23386.74125,23321.4724063481,23371.625682863032,23392.3942365347,25.821489927902302,41.41384272036223,139.90564670856415,-0.8272221783125735,-209.40077753364108,0
1677618780,0.22206644313153512,0.16642130997819526,0.1911327183954805,0.15940209572668007,0.41796727681613277,0.41852710577037394,-1.2183490438244247,-35.69293239579565,-32.57535871081523,-3.117573684980424,23223.341666666664,23328.683333333327,23107.683333333327,23444.341666666664,23002.341666666664,23549.683333333327,22886.683333333327,23045.37724349085,23283.175,23520.97275650915,2.0426574684006766,0.1676272259239784,29.48367342310262,23283.175,23387.43,23377.8775,23256.0149375654,23326.80283143339,23366.93764257901,19.277700295267312,28.546735823511977,148.00323455510625,-1.3877088039606913,-197.1517442720381,0
1677621240,0.19561241907023497,0.18297733787319048,0.17801946681655448,0.1872948504316149,-0.3555691850221928,-0.34138313677485743,-1.2064884692456155,-46.49797116641639,-34.704317985148776,-11.793653181267617,23140.05729218672,23259.214584373432,23005.94270781328,23393.32916874687,22886.785415626564,23512.486460933585,22752.670831253126,23067.21574188584,23223.59,23379.964258114163,1.3466846264006835,0.3342438179238119,34.46104876884381,23223.59,23355.735,23372.99,23227.9266250436,23298.61140753641,23348.34834328577,21.449147275272026,22.18277916614724,147.2958606583131,-1.3493722513378803,-131.97900407842178,1
1677623700,0.19066383118595004,0.18634887624408972,0.1748882067399628,0.1966043706155472,-0.46640518242550916,-0.45119897302160283,-1.2025656803820208,-53.67573121557507,-33.50566242744596,-20.170068788129107,23169.15,23239.5,23101.4,23307.25,23031.05,23377.6,22963.299999999992,23103.26619928601,23188.91,23274.55380071399,0.7386617198824038,0.4552798922038705,35.46011785388048,23188.91,23322.2525,23368.2675,23212.36775002907,23277.27296980252,23332.434215353795,24.11891075886865,21.61525277646936,144.1461563255765,-1.423813285167702,-102.2717191906473,1
1677626160,0.18987538996386266,0.1731466417811998,0.16401675321561765,0.18844063753117604,-0.48670730183339633,-0.47176084200348256,-1.202601428353902,-61.65516451658914,-33.188076582768026,-28.467087933821112,23178.016666666663,23231.233333333334,23128.033333333333,23281.216666666667,23074.816666666666,23334.43333333333,23024.83333333333,23106.199273648395,23167.035,23227.870726351604,0.5251921650880619,0.3110896230024682,33.318298374278456,23167.035,23289.6575,23361.9125,23189.59516668605,23253.050611656603,23314.49286151058,25.2191836497704,23.59574722797039,140.64285944517806,-1.388794205368559,-98.5061666502849,0
1677628620,0.18287972501744965,0.179969570747573,0.17144030238596378,0.19510052504737324,-0.48603471120381087,-0.47042693125281826,-1.1954000624129077,-65.67061608271979,-29.76282251911894,-35.90779356360085,23147.716666666664,23193.433333333327,23098.33333333333,23242.816666666666,23052.616666666665,23288.53333333333,23003.23333333333,23116.78336726977,23157.085,23197.386632730224,0.348071726041726,0.5767958961047259,35.48699137344655,23157.085,23257.2725,23353.735,23180.8217777907,23236.727773173585,23300.091160414333,24.72710909829861,24.688401168979244,137.56836948480836,-1.3788405349739423,-75.74713213267705,1
1677631080,0.18279352607508853,0.17319987659758293,0.16359456084574123,0.16051207697937916,-0.07671207084890357,-0.06891407763521315,-1.1780106018771812,-69.589894476896,-26.945680730636127,-42.64421374625988,23167.358333333337,23214.11666666668,23116.51666666668,23264.95833333334,23069.75833333333,23311.71666666668,23018.91666666667,23131.236188080344,23160.905,23190.57381191965,0.2561973456534201,0.2184754137571092,34.2951804079571,23160.905,23222.04,23342.7975,23168.61451852713,23219.90454168748,23285.244383232017,22.57591592637738,24.174069558148823,140.02062880732217,-1.4994770503297858,-85.28796772668505,1
1677633540,0.17936541180022222,0.19672966543870057,0.20004383544516152,0.1973562933996348,-0.4578181944493598,-0.44129978545781007,-1.1680243113934168,-66.57861806804067,-19.147523457424622,-47.43109461061604,23121.36666666667,23218.733333333337,23046.833333333336,23293.26666666667,22949.466666666667,23390.63333333334,22874.93333333333,23118.518901221498,23168.655,23218.7910987785,0.4327924843155638,0.9173140812657804,41.63258280086562,23168.655,23196.1225,23332.39875,23182.57634568476,23218.194625017022,23278.12587054325,27.30529293098612,24.86943931855406,142.3477267496562,-1.104297353925861,-35.764962595977934,1
1677636000,0.1894168320669505,0.2163733126838867,0.19751068122589652,0.2171495749806854,-0.5351727152180735,-0.5171495935184808,-1.1655425195902136,-59.045240618725074,-9.291316806487224,-49.75392381223785,23212.3,23297.7,23125.1,23384.9,23039.7,23470.3,22952.5,23091.77164184724,23185.575,23279.378358152764,0.8091527439174003,0.9278897983016025,46.95800161201219,23185.575,23187.2425,23322.20375,23210.33423045651,23226.859238650293,23276.95674001532,34.38647513663066,28.08922799799808,140.0457842828502,-0.3802240667276234,-10.187280199145958,0
1677638460,0.2042648525218858,0.25149941902701933,0.26833345127284036,0.23212904629703188,0.09454545352503424,0.11311270815816765,-1.141038412237438,-44.574699988996144,4.143379058593368,-48.71807904758951,23246.77648926188,23311.373510738125,23201.25297852376,23356.89702147625,23136.655957047504,23421.494042952498,23091.13244630938,23070.590427923293,23229.73,23388.869572076703,1.3701370793092027,0.9244544528964928,54.88481452008083,23229.73,23198.3825,23318.85875,23261.83115363767,23251.943922532057,23285.325145728148,48.77662907268135,36.82279904676607,149.29860441316,0.4790692123848485,73.05425074571015,0
1677640920,0.22925278621959355,0.2740975985814411,0.26646876830588184,0.25733820042068245,-0.21546126637020593,-0.19416185517929946,-1.1251867846686388,-27.649920863263105,16.854526547461134,-44.50444741072424,23360.813244630936,23497.61175536906,23228.026489261872,23630.398510738123,23091.227978523748,23767.197021476248,22958.441223154685,23077.48274003684,23282.775,23488.06725996317,1.7634690019825163,0.8549208334160865,59.1177499763729,23282.775,23219.93,23319.95125,23317.38743575845,23284.045027526223,23298.96084613499,65.57288311005426,49.57866243978879,152.48299931604788,0.9282504111377062,117.31162713151768,0
1677643380,0.2530464027473284,0.2904051973333172,0.28004928953694097,0.2813424639769657,-0.4491787219728106,-0.4269668840999098,-1.1193422189525617,-10.409140398787711,27.27624560954922,-37.68538600833693,23403.739955648805,23513.0600443512,23319.17991129761,23597.620088702395,23209.859822595216,23706.94017740479,23125.29977824402,23152.042068827555,23348.825,23545.60793117245,1.6855917261142297,0.8191968918531657,61.89611559249692,23348.825,23254.865,23321.1475,23369.741623838967,23318.664113430543,23315.67409888404,80.1032678664117,64.8175933497158,153.40850411681564,1.510696169962518,157.92954543237852,0
1677645840,0.27309741443082075,0.3453612727789744,0.3936894024289576,0.30157098907148544,0.9767748710697955,1.0203446511580831,-1.0780251227600726,15.569922818664054,42.60424706160079,-27.034324242936737,23454.2699778244,23547.0800221756,23381.639955648803,23619.7100443512,23288.82991129761,23712.5200887024,23216.199889122006,23191.159012167576,23432.585,23674.010987832426,2.06060055117626,0.9074022887224196,69.43475352431507,23432.585,23300.620000000003,23328.1775,23456.261082559315,23375.14336553408,23345.543232323656,83.01729108791535,76.2311473547938,173.30397048442885,1.974602695092081,214.12241055007007,0
1677648300,0.3106023196094327,0.36161563671446734,0.34724824174243685,0.3394079285510896,-0.44078259513190926,-0.41394925443825203,-1.0735436097572284,39.40001596260481,53.14747216443324,-13.747456201828427,23632.384988912203,23846.815011087805,23414.869977824404,24064.330022175604,23200.4399556488,24278.76004435121,22982.924944561004,23277.160497364548,23514.435,23751.70950263545,2.0181178296263824,0.8385635586956466,71.24671929864695,23514.435,23350.005,23336.12875,23529.20738837288,23429.680935436973,23376.929591149976,80.64612268380533,81.25556054604415,174.80172378066274,2.130385548665402,157.32898137693357,0
1677650760,0.33748235689120715,0.37908552895736447,0.3718409472877982,0.3665259372221262,-0.6323532196387821,-0.6066258889153996,-1.079722646477319,61.54809445472347,60.23644052524152,1.3116539294819525,23638.87582778944,23754.12417221057,23559.851655578863,23833.148344421137,23444.60331115773,23948.39668884228,23365.579138947163,23356.21051716313,23586.335,23816.459482836868,1.95133735560755,0.7998159915427603,73.09297838497824,23586.335,23408.0325,23348.845,23594.246592248583,23483.252583539343,23410.01486818332,79.05207076799331,80.90516151323801,175.7756191046045,2.5072318803321005,142.7181204238088,0
1677653220,0.3596577544946839,0.38644967855696016,0.37613323638155266,0.38889765561637496,-0.2996979237967777,-0.26972051464936525,-1.067520006002308,79.8544454732837,62.8342332350414,17.0202122382423,23703.829580561385,23808.29541943862,23619.85916112277,23892.265838877232,23515.39332224553,23996.731677754466,23431.422902806924,23456.903220517263,23649.65,23842.396779482737,1.6300180297191311,0.7475398039232782,73.85507443540666,23649.65,23466.2125,23361.7425,23644.522728165728,23530.85665925945,23441.92535692776,83.69145723155718,81.12988356111863,173.088476965556,2.5117346316529043,126.39216714763248,1
1677655680,0.37442771055338175,0.3796799844069701,0.35797896447682237,0.396651637029508,-0.3272647892202928,-0.29827862940238403,-1.0598731607903742,91.76535358784533,59.79611307968241,31.969240508162905,23735.639790280693,23809.43520971931,23671.279580561382,23873.79541943862,23597.484161122768,23947.59083887724,23533.12395140346,23615.49484386452,23699.96,23784.42515613548,0.7127873307421646,0.6541464030341295,71.84067488534693,23699.96,23524.3925,23373.21625,23671.68181877716,23566.33726666683,23468.9800848394,85.71940028333786,82.82097609429614,165.36072861087354,2.513804754538931,101.21678545459704,1
1677658140,0.37842767377904424,0.3887476481308107,0.3711021106405132,0.40783374668545475,-0.542402416101542,-0.5151490584116413,-1.0573238570457968,102.08967927773485,56.09635101565753,45.9933282620773,23719.3,23755.1,23690.2,23784.2,23654.4,23820.0,23625.3,23670.76201214396,23724.41,23778.05798785605,0.4522598273764937,0.7529451810273676,72.90663100838236,23724.41,23578.4975,23387.31,23698.30454585144,23600.01230909104,23495.891505330885,86.7992493037898,85.40336893956163,158.61854494505977,2.331057064690562,94.43956041050296,0
1677660600,0.3849617119179137,0.41345747540174205,0.44649863136112955,0.41442563125203175,0.2783037656369161,0.32221338926860105,-1.0325660886086656,114.56925434215007,54.86074086405823,59.70851347809186,23750.659947570177,23786.59005242984,23715.61989514036,23821.63010485965,23679.689790280696,23857.560209719315,23644.649737850872,23682.846239054248,23753.625,23824.403760945752,0.5959407117503274,0.9771911735765816,75.61551081608101,23753.625,23634.03,23410.63625,23739.26136390096,23640.223707438123,23526.870885775563,84.92257628621068,85.81374195777947,166.3500830664654,2.386867447353098,107.02717620530474,0
1677663060,0.4005842568435266,0.3923853605836218,0.3796515061305315,0.4061401864477467,-0.49800806317895524,-0.47017466015049525,-1.0261520013806942,118.30459942860398,46.87686876040969,71.42773066819429,23851.438307118424,23969.736692881583,23702.876614236848,24118.298385763163,23584.578228473685,24236.596771526325,23436.01653559211,23696.68704724274,23761.120000000003,23825.552952757265,0.5423393573809877,0.5052768030246759,69.2562210739409,23761.120000000003,23673.7275,23436.055,23746.77424260064,23662.32848790392,23549.24508713027,81.78793578474087,84.50325379158046,162.40900570457495,1.6990283470986771,70.04742302735974,1
1677665520,0.3978589498059997,0.3826167717774118,0.36539503040661403,0.39396619851491216,-0.507326505338444,-0.48021393787276906,-1.0274020714211087,117.68722478775088,37.00759529564528,80.67962949210562,23760.6,23811.200000000004,23711.200000000004,23860.6,23660.6,23911.200000000004,23611.200000000004,23691.85178439998,23758.96,23826.06821560002,0.5649086963404065,0.3160806409521745,66.46558661318353,23758.96,23704.305,23462.1175,23742.60782840043,23675.40967192139,23566.866983594056,75.61245685792034,80.77432297629065,157.4854146070204,1.3051411742109031,52.67954592436694,1
1677667980,0.39161175985361096,0.3902293505201254,0.3701873605057779,0.4174190282090493,-0.5400398833775261,-0.51236356773792,-1.02701000357753,117.57347286357252,29.51507469717353,88.058398166399,23726.58457677961,23777.16915355921,23683.690423220407,23820.06330711842,23633.1058464408,23870.64788389803,23590.2116928816,23705.732173457563,23764.905,23824.07782654244,0.4979849617950418,0.4224306110050362,67.56250941298731,23764.905,23732.4325,23493.64875,23746.98021893362,23690.01245884477,23584.853461347004,71.76352717691385,76.3879732731917,149.72395642080443,1.198217636621935,61.198337074318175,1
1677670440,0.392294642861115,0.3824570673282637,0.36234161896555533,0.40363377716745724,-0.7388053336661142,-0.7143418807709876,-1.0270513353100974,114.39747380202608,21.07126050850164,93.32621329352445,23760.108333333334,23778.716666666667,23737.11666666667,23801.70833333333,23718.50833333333,23820.316666666666,23695.51666666667,23697.475388386407,23761.36,23825.244611613594,0.5377184775079686,0.2844942678328751,65.21694531995371,23761.36,23742.885,23521.7525,23742.595145955747,23697.97837541845,23599.041226933005,68.46492196368631,71.94696866617352,143.15795953360407,0.4423533494432821,42.34915758812937,0
1677672900,0.3887497501996942,0.38512768061679103,0.3840141606192658,0.4023805725273125,-0.565597473782275,-0.5388297821118866,-1.025134109153737,111.20576543412608,14.303641712481308,96.90212372164476,23732.541666666668,23762.083333333336,23704.283333333336,23790.341666666667,23674.74166666667,23819.88333333333,23646.483333333337,23722.596504413406,23745.395,23768.193495586595,0.1920245638077957,0.4112880061616779,65.65812209876408,23745.395,23749.51,23549.7575,23742.18009730384,23705.86412534237,23612.59444341557,66.39054861129706,68.87299925063243,141.71096242406102,0.2798298634430267,50.35513547161009,0
1677675360,0.38831267668144265,0.364250760125408,0.3559318532937485,0.37323461318223167,-0.4649869691247708,-0.4384674020069798,-1.024616108070421,102.74524445717908,4.674496588427431,98.07074786875164,23754.416666666668,23809.333333333336,23686.43333333333,23877.31666666667,23631.516666666663,23932.233333333337,23563.533333333333,23679.93095242797,23729.54,23779.14904757203,0.4181206005007282,0.0261449039942198,59.32361735281737,23729.54,23745.33,23576.68125,23722.295064869224,23701.6206480074,23619.25449642361,59.773927898576936,64.87646615785346,140.4802853327836,-0.1761904711725171,-28.70438373016561,0
1677677820,0.37765516242156866,0.36296425206282806,0.34536710789958636,0.386411164827183,0.4573590510957215,0.4933207213837505,-0.9936101790982934,94.65657139025645,-2.731341182796172,97.3879125730526,23681.0688277154,23744.037655430788,23619.55617228461,23805.55031086157,23556.587344569216,23868.519138576965,23495.07468913844,23655.18762172784,23718.465000000004,23781.742378272167,0.5335706022473489,0.1873685266334148,58.94620957083987,23718.465000000004,23738.7125,23602.4625,23707.83004324615,23697.48962109696,23624.93502057375,52.81859480664451,59.66102377217286,134.56406792137673,-0.2786893703220532,-68.14568199450049,1
1677680280,0.37168311938529625,0.3739661141152361,0.40537005799556636,0.35640586515743095,1.6408384804950842,1.693556242362171,-0.9396297301830083,89.71351902853712,-6.139514835612388,95.85303386414952,23682.11774719103,23709.33549438206,23651.68225280897,23739.77098876412,23624.464505617943,23766.988735955147,23594.029011235885,23658.15238029982,23709.3,23760.44761970018,0.4314561771134478,0.5058653755885347,61.2184127941775,23709.3,23737.1025,23630.7475,23708.520028830768,23699.74605362478,23633.02692337625,44.7386142907255,52.44371233198234,147.2380630698498,-0.0678580460254511,-16.857130892683546,0
1677682740,0.37419830147996697,0.36756906367992415,0.3643822154199628,0.35726520548210217,1.2776829580851308,1.319877563611962,-0.9231617701249456,83.38048918355707,-9.978035744473956,93.35852492803104,23721.36666666667,23871.63333333334,23559.63333333334,24033.36666666667,23409.36666666667,24183.63333333334,23247.63333333334,23655.125345354696,23700.91,23746.694654645304,0.3863535589587388,0.4013315698240547,59.167827690090505,23700.91,23731.135,23654.81625,23702.97168588718,23698.314952965728,23638.63150210232,37.36465741302335,44.97395550346448,150.5139157077176,-0.2512467607377325,-118.95877541967144,0
1677685200,0.3722572088137243,0.3562921550762054,0.3648395904873311,0.35085595889393284,0.9128453361463665,0.9515768950740184,-0.8920001155350694,74.93375082428611,-14.739819282995953,89.67357010728206,23677.325,23781.15,23588.050000000003,23870.425,23484.225,23974.25,23394.950000000004,23652.04045676313,23684.660000000003,23717.27954323688,0.2754486932628081,0.1235385667165772,55.63028272286984,23684.660000000003,23715.0275,23674.52875,23688.681123924787,23691.36677969923,23640.67612094972,30.258792114872147,37.45402127287368,154.92720744288084,-0.6761841093061142,-133.9887113886154,1
1677687660,0.3656479287774783,0.35141229690779857,0.35565690644249554,0.3577306814912985,0.9197724672006504,0.9597969647692394,-0.872817730258301,66.36512389523705,-18.646756969636016,85.01188086487306,23661.2,23766.800000000003,23554.5,23873.500000000004,23448.9,23979.10000000001,23342.2,23632.42353334636,23677.425,23722.42646665364,0.3801212898246932,0.1547334752534211,54.12230660388295,23677.425,23703.4825,23688.605,23674.5707492832,23683.181910663006,23641.21649038308,24.031629381170813,30.55169296968879,155.78954976838935,-0.4858638655320755,-120.15229633339705,1
1677690120,0.35990323876980534,0.3718633388681216,0.35597355071990416,0.38914531318587764,0.48749548641173707,0.5251980240774037,-0.8516449419801011,63.492380587347725,-17.21560022202027,80.707980809368,23654.316666666666,23733.83333333333,23566.83333333333,23821.316666666666,23487.316666666666,23900.83333333333,23399.83333333333,23632.573051015923,23682.44,23732.30694898408,0.4211301621292358,0.7159245796937714,59.12325554402792,23682.44,23700.4525,23702.37875,23684.3721661888,23686.96247236064,23647.19349129897,25.774452445244417,26.68829131376248,151.54386764207595,-0.1276634740264992,-32.84015908588952,0
1677692580,0.36725692144944844,0.3754655614433461,0.3557272718374754,0.39656409868011594,0.46179087347832964,0.4997612659236866,-0.8240586804735005,61.32778249042531,-15.504158655154155,76.83194114557946,23703.07034626639,23743.604653733622,23663.440692532786,23783.23430746723,23622.90638506555,23823.768614934463,23583.276731331945,23631.47991722831,23683.285,23735.090082771683,0.4374822392390837,0.7976541909596054,59.95134745361579,23683.285,23696.292500000003,23714.3625,23694.2897774592,23691.901113749613,23653.56792069907,29.826732673267315,26.544271499894204,144.91533999624343,-0.1751156826407047,-11.904810459840348,1
1677695040,0.37273496332701117,0.3642596325948044,0.34562983765790584,0.3840479789343379,0.16991533353250463,0.2024994685402577,-0.8182082542654805,56.414176773570944,-16.334211497606816,72.74838827117776,23713.12683979986,23742.998160200143,23684.25367959972,23771.87132040028,23654.38235919944,23801.742640800563,23625.5091989993,23630.31955576533,23681.42,23732.520444234666,0.4315657104571223,0.5110566553473757,56.14116590533449,23681.42,23691.165,23717.025,23690.376518306133,23690.20091124968,23656.32811872773,35.940921573073425,30.51403556386174,139.2660299965118,-0.216041872728064,-57.57523645112174,0
1677697500,0.36987074219887833,0.349407118824054,0.33765044755191703,0.36754148353128924,0.7287932769179042,0.7642492950790322,-0.7944672909764122,48.583127545000025,-19.3322085809422,67.91533612594222,23681.38333333333,23714.466666666664,23649.466666666664,23746.38333333333,23616.38333333333,23779.466666666664,23584.466666666664,23618.261853934368,23677.54,23736.818146065634,0.5007120339835417,0.1892615369649841,51.47184972503975,23677.54,23681.1,23715.305,23673.81767887076,23681.20074556792,23654.839726467948,33.47326125742379,33.08030516792153,135.63417998603896,-0.4239438785073208,-119.5815143006207,0
1677699960,0.36101200675752554,0.2952229482159445,0.32886882341611784,0.2608042540378185,2.8034827337248602,2.8209842127751434,-0.7044772395600308,29.71483396084659,-30.5604017320765,60.27523569292309,23644.50670994996,23686.81341989992,23598.39329005003,23732.926839799853,23556.08658010007,23775.233549749813,23509.973160200137,23480.17133377332,23645.875,23811.57866622668,1.4015439583156053,0.0236979253553081,38.79514478047508,23645.875,23661.65,23703.49,23611.88678591384,23646.077882737387,23638.95260966148,32.17135580781157,33.86184621276962,151.77174319596094,-0.821280670029906,-315.2584778269489,0
1677702420,0.32948921124378805,0.2661922283486216,0.29762041965195435,0.28783766841808345,0.12110157867854023,0.14060244732540508,-0.68904295069997,8.067996150348336,-41.76579163405981,49.83378778440815,23485.92835497498,23667.756709949965,23306.19664502502,23847.488419899928,23124.368290050035,24029.31677487491,22944.636580100072,23348.589632414663,23586.325,23824.06036758533,2.015874601790125,0.1212174868441617,33.96813316178056,23586.325,23634.3825,23686.5475,23543.33285727589,23602.468267694225,23616.788075408007,25.129625967382925,30.258081010872782,155.0196567149979,-1.151552648138228,-238.885721030058,0
1677704880,0.2992117342763541,0.2889589848215891,0.30045525408101825,0.28611898776874234,-0.41602448646706314,-0.3936329231100449,-0.6800008273034782,-3.866341121698497,-42.96010312488532,39.09376200318682,23454.222510820822,23528.845021641653,23331.60248917917,23651.465043283304,23256.979978358348,23726.08755410413,23134.359956716697,23326.14864166001,23537.575,23749.00135834,1.7965007724032336,0.3410794176099456,40.2470974629666,23537.575,23610.43,23673.76625,23519.013571517266,23578.451309931635,23602.8439729882,26.040587219343923,27.78052299817949,158.95396694964106,-1.0102320127879132,-151.51748896194297,1
1677707340,0.2954569381075212,0.3019039176719623,0.2978869171642627,0.3100730993189379,-0.43607491971603923,-0.41274817154277266,-0.6742295310873286,-10.262857889010776,-39.48529591375808,29.2224380247473,23476.691666666666,23578.58333333333,23368.48333333333,23686.791666666668,23266.591666666664,23788.68333333333,23158.383333333328,23348.477711764288,23502.435,23656.392288235715,1.3101390407905678,0.5143383923248821,43.53484374773407,23502.435,23591.9275,23661.53125,23514.959047678178,23565.432889944062,23593.701689846464,27.12435233160628,26.09818850611106,157.30725502466657,-0.7809639380589398,-94.41186234665632,1
1677709800,0.30005232717720387,0.3017087233452276,0.2890912427918156,0.3187381142593675,-0.673145425491626,-0.6507841042578787,-0.6718730272906229,-15.201292873207422,-35.53898471836378,20.33769184515636,23508.716666666664,23575.733333333326,23439.83333333333,23644.61666666666,23372.816666666666,23711.633333333324,23303.93333333333,23401.18503697136,23475.555,23549.924963028643,0.6335949290966097,0.7067030743861034,43.495980375191394,23475.555,23576.5475,23645.7875,23512.07269845212,23554.681455408783,23585.3777193849,32.885722510075155,28.68355402034181,152.26387966576158,-0.6500395180070906,-77.34763933080302,1
1677712260,0.3022524197124633,0.3325671719083517,0.33176785484692994,0.33098410623884034,-0.5173153571842214,-0.4927631544129566,-0.6669501229652457,-11.961020648599517,-25.838969995004696,13.87794934640518,23508.266666666663,23550.63333333333,23463.93333333333,23594.966666666664,23421.56666666667,23637.33333333333,23377.233333333337,23375.28795195492,23496.6,23617.91204804508,1.0325923584269894,0.8983528493562634,50.950648974871726,23496.6,23571.2375,23637.36,23539.131798968083,23561.693918061734,23586.12746039586,39.95970063327608,33.323258491652524,153.80209570542843,-0.2245589699890196,-12.657930706193282,0
1677714720,0.31878245482310447,0.36742710416957,0.3749722073643899,0.3476604832380211,-0.3369885249638663,-0.30870012695091925,-0.6571191555407871,-1.4504253655213688,-12.26269976954124,10.812274404019872,23589.083698592967,23678.06630140703,23504.267397185933,23762.882602814065,23415.28479437187,23851.865205628128,23330.46849296484,23393.822896538422,23553.65,23713.47710346158,1.357132363447526,0.9311690477239016,57.734444017439785,23553.65,23569.9875,23635.22,23589.912865978724,23585.290478414143,23596.160559405776,54.50022859915719,42.44855058083616,160.6751211629373,-0.0527337714455065,59.61855156727309,0
1677717180,0.34447830221287146,0.3526189527458051,0.34172455823653985,0.35565394237334463,-0.5307975963456044,-0.5058291849315356,-0.654761694305445,3.472410544192826,-5.871891087861638,9.344301632054464,23678.28351596315,23809.89148403685,23559.8670319263,23928.307968073703,23428.2590638526,24059.915936147405,23309.842579815748,23440.4041496774,23589.525,23738.6458503226,1.2642971854889045,0.7019335319967352,54.298944949815805,23589.525,23563.55,23629.92125,23609.85857731915,23597.01039142975,23601.264315652843,66.24896657052874,53.56963193432068,158.71261250844185,-0.2714626831055331,32.674951199251375,1
1677719640,0.34992178330309953,0.3206070831610575,0.3179762374309326,0.3103595460938279,-0.5227376879824291,-0.4995242589564954,-0.6507730636790907,0.094320039905142,-7.399985273719457,7.494305313624599,23640.316666666666,23711.63333333333,23578.43333333333,23773.516666666663,23507.116666666665,23844.83333333333,23445.23333333333,23469.51486556522,23600.065,23730.615134434785,1.106354024319705,0.3448297270033112,47.69207255873281,23600.065,23551.25,23621.2075,23593.089051546103,23590.1994111698,23597.291523685904,66.88827987549067,62.54582501505888,162.1795687578389,-0.5193697469233522,-37.5242922725766,0
1677722100,0.3366367959167629,0.3045834034298885,0.3047057878167901,0.3216383878551305,-0.7728338786689848,-0.7507163527943868,-0.6622208895185274,-6.155116338552034,-10.919537321741306,4.7644209831892725,23545.58333333333,23648.666666666664,23456.466666666664,23737.783333333333,23353.38333333333,23840.866666666665,23264.266666666663,23475.708281512256,23601.685,23727.661718487747,1.0675230898789263,0.1535669405911277,44.75647636700718,23601.685,23538.620000000003,23609.86,23566.859367697405,23576.417700048016,23589.397092858675,54.90594126404147,62.68106257002031,159.379693738435,-0.5342481398604917,-44.32341522229542,0
1677724560,0.3219820653488148,0.29361703125506833,0.2901786200837538,0.3045231930554398,-0.5556051033600942,-0.5336898152963182,-0.6565387673854396,-13.446211890466657,-14.568506298924744,1.1222944084580866,23528.4604394954,23582.920878990783,23459.9395605046,23651.44175798157,23405.479121009208,23705.90219747697,23336.958242018416,23421.43098994046,23579.735,23738.03901005954,1.3427123761953983,0.1960437074089087,42.81414722636307,23579.735,23538.1675,23599.90875,23539.07291179827,23559.52357276656,23579.31165544356,43.656110434429934,55.150110524654046,157.2447627030534,-0.019265136170459,-67.86211667320033,0
1677727020,0.30917124227014076,0.29662479838068584,0.2774793094550624,0.32031357152126294,-0.8444978875534724,-0.8227132579085227,-0.6580819890667384,-18.329307130392408,-15.561281231080397,-2.7680258993120126,23488.46355308104,23550.727106162067,23421.23644691897,23617.954212324126,23358.97289383794,23680.21776540516,23291.74578767588,23417.913256242333,23539.835000000003,23661.75674375768,1.0358759418464054,0.3037265604766523,43.5378993992312,23539.835000000003,23546.7425,23590.5625,23523.37360786552,23547.242014081727,23570.99387873465,39.083434835566486,45.88182884467932,149.5340889115171,0.3663555314878841,-56.72856467737356,1
1677729480,0.30426978881527256,0.3003423630580729,0.277797596897594,0.32149516446768484,-0.8486134940042313,-0.8268206389066775,-0.662424878035091,-21.11060047072897,-14.674059657133563,-6.436540813595403,23493.95677654051,23517.613553081024,23468.31822345948,23543.252106162057,23444.661446918966,23566.90888270257,23419.022893837933,23457.02324275719,23510.375000000004,23563.726757242817,0.4538571353524868,0.4257287818662206,44.47330954474333,23510.375000000004,23549.95,23580.19,23516.399071910346,23539.09801152141,23564.46589028373,38.27480037894173,40.33811521631274,142.20308256069455,0.1366616426026458,-45.94240424538192,0
1677731940,0.30367793653442243,0.3016111261818589,0.2859951654127144,0.32217547555804965,-0.756789792983046,-0.7346425271101026,-0.6644883715441456,-22.76391462090396,-13.061899045846848,-9.702015575057114,23498.85,23524.10000000001,23477.200000000004,23545.750000000004,23451.95,23571.000000000007,23430.300000000003,23478.022473561843,23499.67,23521.31752643816,0.1842368547146306,0.6467835139999504,44.80936975583064,23499.67,23549.8675,23570.8975,23512.941047940232,23533.084736699337,23558.90009120909,39.79902557856288,39.052420264357046,136.9242909492163,-0.0035096152823414,-28.35572258569403,1
1677734400,0.3040164233912813,0.28547210434852727,0.2723693609548561,0.29911651017938606,-0.8127869086197137,-0.7912163431129504,-0.6706710554676114,-27.427463717238425,-14.180358513745048,-13.247105203493376,23508.44166666667,23541.38333333334,23473.08333333334,23576.74166666667,23440.14166666667,23609.68333333333,23404.78333333334,23456.413618224164,23488.9,23521.38638177584,0.2766104992216561,0.0636633190543877,41.37873953589101,23488.9,23545.2925,23560.92,23495.47736529349,23519.896602754,23549.53341585584,33.860778055154846,37.311534670886495,133.9243415957011,-0.1946286740150667,-91.6939521089743,0
1677736860,0.2961157560360896,0.2764842928492614,0.2645374653536621,0.28586834684071316,-0.6514015070908582,-0.6302313551511936,-0.6685935160748318,-32.78890573040917,-15.633440421532631,-17.155465308876536,23458.907097067564,23506.71419413513,23412.74290293244,23552.878388270256,23364.935805864872,23600.68548533782,23318.771611729742,23424.802687403266,23479.245000000003,23533.68731259674,0.463748409258789,0.0957188636890995,39.56219167117382,23479.245000000003,23529.49,23550.36375,23475.393243529,23504.50176588964,23538.64690006005,25.26014349886921,32.97331571086233,132.12336331039026,-0.6697890286416728,-124.37830553356034,1
1677739320,0.2876712939231953,0.27330794880509945,0.26080435401002644,0.289448931526841,-0.6722597128393073,-0.6510424631892662,-0.6682013398296663,-37.32976308283469,-16.13943821916652,-21.190324863668167,23430.711881867115,23487.32376373423,23378.61311813288,23539.422527468465,23322.001236265765,23596.03440933558,23269.90247253153,23399.860442481106,23466.105,23532.349557518894,0.564597810492146,0.1993715295883895,38.91204416751759,23466.105,23502.97,23536.47875,23459.020495686,23490.278717546065,23527.944814340044,15.71164797684869,24.94418984362427,128.97883735964825,-1.1193899915475802,-118.10959241720836,1
1677741780,0.28186081214627307,0.25820700589122864,0.25040660433562967,0.2740524173764914,-0.48124679731148645,-0.4612559427199311,-0.6608901566354862,-43.85630644347111,-18.132785263842354,-25.72352117962876,23427.525000000005,23470.95000000001,23382.85000000001,23515.625000000007,23339.425000000003,23559.05000000001,23294.750000000007,23361.70365740462,23442.36,23523.01634259537,0.6881247672621312,0.1365133967569692,35.89214666553935,23442.36,23476.3675,23519.95875,23433.921997124,23470.90531435587,23514.209593926706,12.055338996396472,17.675710157371476,127.0193783625546,-1.12485332825929,-139.4833020653097,0
1677744240,0.2714047256537866,0.2682151513711627,0.2558435936639655,0.2772749435940064,-0.5803192160560385,-0.5597173278756655,-0.6562141791782752,-46.22033549874686,-16.397451455294483,-29.82288404345238,23389.157137133443,23437.214274266888,23335.66786286655,23490.70354853378,23287.610725733102,23538.760685667225,23234.121451466213,23372.67624472325,23423.54,23474.403755276748,0.4342960566741561,0.3858224295787697,39.256797990611325,23423.54,23461.605000000003,23506.4275,23426.58966474933,23460.18162083662,23504.468204028926,12.415806466401795,13.394264479882338,125.66085133665784,-0.6266036490510217,-102.10009863650492,1
1677746700,0.27118100311338666,0.2778506531364161,0.257250901563557,0.2996376115921809,-0.734684817981588,-0.7132882394612375,-0.6556254504447004,-45.37995557910836,-12.44565722852478,-32.934298350583575,23406.70833333333,23463.316666666666,23355.316666666666,23514.70833333333,23298.70833333333,23571.316666666666,23247.316666666666,23379.11258914729,23419.245000000003,23459.37741085272,0.3427301849629351,0.7470571737239445,42.39166802370638,23419.245000000003,23454.0725,23496.34625,23430.751443166228,23456.34405341178,23498.240279835696,15.468612818262018,13.313252760353448,120.26900481261056,-0.3203356241281969,-62.425069271668775,1
1677749160,0.2758871314589152,0.27134713306833913,0.25922113262298596,0.29202695250085325,-0.786044738184306,-0.7646897749796153,-0.6981871008692131,-45.66621113404108,-10.185530226765998,-35.48068090727508,23437.9101176167,23463.264882383308,23413.7202352334,23487.454764766608,23388.36547046679,23512.809529533217,23364.17558808349,23379.274266684937,23416.35,23453.42573331506,0.31666534976682,0.5593380036830455,40.85893085214677,23416.35,23447.7975,23492.9825,23427.417628777486,23449.87240733691,23490.86025318468,19.70254855684,15.86232261383462,117.13550446885274,-0.2672088913492452,-65.09206482180521,0
1677751620,0.27498827446378804,0.25981292285210483,0.24359388900100357,0.2822519563077246,-0.6067408990066671,-0.5861886435746013,-0.7165599311408546,-47.962665359315,-9.985587561631933,-37.977077797683066,23426.58333333333,23461.866666666665,23385.466666666664,23502.983333333334,23350.18333333333,23538.266666666663,23309.066666666666,23367.56066558938,23408.745000000003,23449.929334410623,0.3518713575684958,0.2511796622028711,38.219579827456464,23408.745000000003,23437.425,23492.08375,23414.361752518325,23438.66833327565,23481.08784811947,19.873825127983142,18.348328834361737,113.00315330768623,-0.4415337578045207,-102.95055262171653,0
1677754080,0.2687714550818315,0.25360219427413255,0.23743118423417553,0.2737659706016014,-0.6585898971602345,-0.6381956742961301,-0.7341058041305598,-50.61130994767154,-10.10738571999078,-40.50392422768076,23391.84419607084,23419.68839214168,23360.40580392916,23451.12678428336,23332.56160785832,23478.970980354203,23301.12321571664,23357.94928422892,23406.15,23454.350715771085,0.4118636834428831,0.1327855361305776,36.83962543753472,23406.15,23424.255,23487.1025,23399.82450167889,23426.31954540735,23470.579481631903,16.659941748006904,18.74543847761004,109.6076633647272,-0.560367110662934,-118.69301477041084,1
1677756540,0.26255752722233494,0.26367244703984477,0.24525360171953967,0.28676349301224513,-0.6606733005184707,-0.6397690314093081,-0.7707365878386483,-49.84615901322104,-7.473787828432222,-42.37237118478882,23372.27209803542,23404.24419607084,23338.777901964582,23437.73839214168,23306.80580392916,23469.7104901771,23273.311607858323,23355.528637130818,23403.590000000004,23451.65136286919,0.410717867380058,0.453548966015002,40.585504426603,23403.590000000004,23413.565,23481.71625,23399.59133445259,23421.375082606013,23463.77429290505,18.411021417084303,18.314929431024805,105.86783026724667,-0.454777019934257,-66.45518746598826,0
1677759000,0.26448593918011376,0.25523472864319907,0.24106686071825434,0.266855442157375,-0.38767436889565776,-0.36842614080083264,-0.8264037848609798,-50.57521558579174,-6.562275520802331,-44.01294006498941,23401.24166666667,23425.88333333334,23374.483333333337,23452.64166666667,23349.841666666667,23477.28333333334,23323.083333333336,23354.917233567365,23390.845,23426.77276643263,0.3071951135808285,0.2843589855626949,38.52388515721832,23390.845,23405.045,23475.168750000004,23391.51088963506,23413.006885768555,23455.352931676003,21.189291783341528,18.753418316144263,105.09869953387182,-0.3631628414508642,-109.38243595335076,1
1677761460,0.26123107690434366,0.24060402660737756,0.23670420622952135,0.24146909673272834,-0.2255323321132855,-0.20779298032630503,-0.8391806483084043,-53.85866201061799,-7.876577556502866,-45.982084454115125,23370.816666666666,23420.63333333333,23325.533333333333,23465.916666666664,23275.716666666667,23515.73333333333,23230.43333333333,23329.37862031121,23373.52,23417.661379688787,0.3777041685530155,0.0537633816869045,35.186274838532135,23373.52,23394.935,23462.2125,23372.382259756712,23398.66472471973,23443.807414373525,26.771347046995004,22.123886749140297,108.56307813859544,-0.4314018747419532,-156.6851532731119,0
1677763920,0.2522879322523342,0.22561842579566935,0.23892071617137775,0.22353036745522856,-0.12702211422933318,-0.11129080764855191,-0.8311285093025604,-59.185764913134335,-10.562944367215366,-48.62282054591897,23329.30833333333,23408.51666666667,23254.916666666668,23482.908333333336,23175.70833333333,23562.116666666672,23101.316666666666,23279.289937294445,23354.25,23429.210062705555,0.6419393703977235,0.084111874046112,32.11701019350795,23354.25,23381.497500000005,23442.23375,23345.55483983781,23379.25295658887,23429.340041576044,26.57795257344014,24.846197134592245,115.8085725572672,-0.5736080533503513,-177.67397802814463,0
1677766380,0.24032318823114687,0.21962950895262465,0.21425764523103658,0.2282925450877783,-0.15958103837939047,-0.14404155386964906,-0.8283303838667886,-64.03109322806631,-12.326618145717866,-51.704475082348445,23300.63333333333,23401.266666666663,23191.266666666663,23510.63333333333,23090.63333333333,23611.266666666663,22981.266666666663,23240.46691358226,23335.105,23429.74308641774,0.8111220105308363,0.1825802260265508,30.954894977360688,23335.105,23370.6275,23423.4975,23322.044893225207,23360.30241902725,23414.64337094976,26.644131551456297,26.66447705729717,116.57938880317684,-0.464853225908178,-180.87797072205427,1
1677768840,0.23134620941519438,0.24045319462762577,0.22766225297464546,0.25052797598863275,-0.44214591234412143,-0.42329518165729585,-0.8307144049546336,-62.41696477705409,-8.569991755764512,-53.84697302128958,23276.075,23338.85,23212.25,23402.675000000003,23149.475,23465.450000000004,23085.65,23251.350137959627,23322.02,23392.689862040374,0.6060355152801783,0.5826377727561404,39.19357354651344,23322.02,23362.805,23412.205,23325.929928816804,23355.465615567755,23406.93447847835,32.86623926770051,28.69610779753233,115.60764674580696,-0.3341245967599938,-78.83807405831502,0
1677771300,0.23727007878080866,0.24760440496169023,0.2272752433022583,0.26470709134569836,-0.4193438453369097,-0.40017198769995876,-0.8296010446510796,-58.83362237495385,-3.989319482931407,-54.84430289202244,23329.033333333336,23382.66666666667,23280.06666666668,23431.63333333333,23226.43333333333,23485.26666666667,23177.466666666674,23258.936350906028,23317.72,23376.50364909397,0.5041972293515276,0.8073133478175092,41.76353327661072,23317.72,23354.2825,23404.1775,23335.2366192112,23355.17186728271,23401.878813861364,42.7963336430361,34.102234820730985,111.7713862639637,-0.3636022325966455,-39.35400432232255,1
1677773760,0.2438077958119393,0.23485466643805436,0.23072314765625732,0.24290133060717947,-0.5478090211985382,-0.5288741592731675,-0.8403896690182306,-58.22150371376483,-2.701760657393912,-55.51974305637092,23348.58333333333,23382.166666666664,23320.266666666663,23410.483333333334,23286.68333333333,23444.066666666666,23258.36666666666,23257.926826783976,23314.480000000003,23371.03317321603,0.4851334725546274,0.5304580610078251,38.62884092633679,23314.480000000003,23344.000000000004,23395.89875,23329.466079474136,23348.399709594945,23393.88321254124,49.28252176047888,41.64836489040518,113.25914438796646,-0.439033762795799,-73.85531495457731,0
1677776220,0.24070146917298865,0.22036592391258317,0.20960553492107298,0.23677853079390146,-0.4873423384602882,-0.4694611432250909,-0.8417590255146764,-60.33512580299066,-3.852306197295789,-56.48281960569487,23319.575,23385.050000000003,23252.45,23452.175000000003,23186.975,23517.650000000005,23119.85,23249.285432428587,23311.52,23373.754567571414,0.5339383066519318,0.2234655807601983,35.37903262245151,23311.52,23332.885,23385.155,23312.010719649425,23335.436126032226,23382.76100182302,43.124337900408015,45.067731101307686,111.57472535441008,-0.4752386347845668,-114.03549397095472,1
1677778680,0.23190357561181055,0.22081841985183595,0.20088422306426068,0.23685014248762426,-0.6396501413831561,-0.6208309561482315,-0.8415339172386822,-61.20180834237544,-3.775190989344452,-57.42661735303099,23280.2590926394,23323.518185278783,23233.84090736061,23369.93637055757,23190.581814721216,23413.195463196964,23144.16362944243,23251.48818288716,23312.19,23372.891817112846,0.5207731844399334,0.2214663282884868,35.56136386076046,23312.19,23323.6475,23373.95125,23300.798813099616,23325.061375844547,23372.81947783988,34.04308305316904,42.14998090468533,108.2257191833156,-0.3952590310537744,-108.20236167685552,0
1677781140,0.22773088801207164,0.2520850020072274,0.2544011030668847,0.24984766489826793,-0.26981867595983083,-0.250601669961192,-0.8355953085879567,-54.15545639070115,2.6169287698638755,-56.77238516056502,23272.48787965303,23307.775759306056,23243.08712034697,23337.17651861212,23207.79924069394,23372.464398265143,23178.39848138788,23244.581778651384,23318.745,23392.90822134861,0.6360824422464887,0.8217902292541842,46.7431995196557,23318.745,23320.3825,23366.97375,23322.690875399745,23332.591125691,23372.215241855127,40.0884074212422,39.085276124939774,113.38816781307877,-0.1395351321897782,37.73354602334976,0
1677783600,0.24127860996342956,0.2822425254879835,0.27047959581971825,0.2694704898644482,-0.24090059413313747,-0.2192403489961201,-0.8353201129322188,-41.23902159789941,12.426690850132497,-53.665712448031904,23364.658333333336,23455.81666666668,23275.31666666668,23545.158333333336,23184.158333333336,23636.31666666668,23094.81666666668,23207.579627441275,23338.265000000003,23468.95037255873,1.1199236323585149,0.9330438739390582,54.876542435180106,23338.265000000003,23327.9925,23366.51875,23365.61058359983,23354.20183011081,23379.76140929749,58.45496432388904,44.19548493276678,117.531626559304,0.3255566226816104,139.2494522415967,0
1677786060,0.26313197987453346,0.287619241942626,0.27047959581971825,0.29151732962618104,-0.6148433315414378,-0.5931249227105015,-0.8353181155668844,-29.44080036025844,19.37992967021878,-48.820730030477215,23426.48446991325,23524.665530086742,23353.26893982651,23597.881060173488,23255.087879653023,23696.06212034697,23181.87234956628,23205.5595155116,23368.0,23530.4404844884,1.3902814488908004,0.8034957704987606,56.161980280910505,23368.0,23341.24,23368.0875,23399.27372239989,23374.637860999752,23388.03175126916,78.34777977246738,58.96371717253289,116.98103145721905,0.5677307377070916,157.49264867560333,1
1677788520,0.27674715627311647,0.292729784315358,0.2918003104985295,0.3052530424067882,-0.389067962263975,-0.36652559965579334,-0.8288968521304115,-18.71295408734295,24.086220754507416,-42.799174841850366,23452.0589016233,23514.24109837671,23404.4178032466,23561.882196753413,23342.235606493185,23624.064393506826,23294.594508116483,23256.00621494233,23408.78,23561.553785057666,1.3052690918336354,0.7363625407747167,57.40406553291858,23408.78,23360.15,23370.82375,23426.51581493326,23393.976431727067,23396.885870195907,83.61558431407654,73.47277613681099,118.0582183220646,0.811870220978102,166.85134061245878,0
1677790980,0.28611014227964665,0.27498484552115143,0.2597488730853328,0.28955634906742583,-0.6376045999103983,-0.61632019212243,-0.8262051605573552,-14.08329727423552,22.972702054091883,-37.0559993283274,23489.846117478315,23551.453882521688,23419.39223495663,23621.90776504337,23357.78446991326,23683.515530086745,23287.33058739157,23359.28413771484,23439.305,23519.32586228516,0.6827921074038718,0.448107282508374,51.90485146614127,23439.305,23375.7475,23373.1875,23428.01054328884,23400.70798959487,23400.13483493916,77.01980822528499,79.66105743727631,116.52548844191702,0.6701389149957886,85.10218038453341,0
1677793440,0.2819187262300005,0.28447838777605194,0.27269610576157466,0.2984361990890225,-0.6825643832022628,-0.6611064420301074,-0.8278518928998039,-8.161676725227153,23.1154580824802,-31.277134807707352,23428.2,23472.0,23387.2,23513.0,23343.4,23556.8,23302.4,23424.406333522995,23457.56,23490.713666477008,0.2826693524561504,0.5028654447635598,54.420588005925694,23457.56,23388.152500000004,23375.47875,23437.923695525897,23411.079264213982,23405.62199351638,71.21380331205489,77.2830652838055,115.11652498178005,0.53163450288638,100.02737250271112,1
1677795900,0.284570024548485,0.2957020615633889,0.2898300794391019,0.3074592724980649,-0.5689079988215279,-0.5466423065918709,-0.8244364631414363,-0.90642784238662,24.296565572256583,-25.20299341464321,23457.65,23506.099999999995,23409.3,23554.45,23360.85,23602.9,23312.5,23424.538025218902,23465.145,23505.75197478109,0.346104614150855,0.7983477608295525,57.26651423445151,23465.145,23401.705,23377.99375,23455.0741303506,23425.314852538715,23413.59847032434,71.98862059394995,73.40741071042996,115.48677319736711,0.5803111692504881,110.2933949690463,1
1677798360,0.29150778868369354,0.28717561847277084,0.26882600903769793,0.30617026201105807,-0.6865496851061336,-0.6647611177438074,-0.8268234812242653,2.871689405903453,22.45974625643733,-19.58805685053388,23492.825,23551.25,23430.95,23613.125,23372.525,23671.55,23310.65,23424.31155016054,23464.895,23505.478449839466,0.3459077898235771,0.50560573339376,54.48336564608552,23464.895,23416.4475,23380.22375,23458.499420233733,23432.593970258946,23418.52718743631,74.82983680746388,72.67742023782291,111.8234322546981,0.6322389320661921,71.27212283533078,0
1677800820,0.2907132379513737,0.2791903960153779,0.2606284405225775,0.3008709966755892,-0.7028164055910823,-0.6813210644151358,-0.8252792169443248,4.004155177004577,18.873769622030764,-14.869614445026189,23463.716666666664,23496.633333333328,23432.433333333327,23527.916666666664,23399.516666666663,23560.83333333333,23368.233333333326,23417.32207070246,23457.265000000003,23497.207929297547,0.3405591342174268,0.3195550469943757,51.93758376464006,23457.265000000003,23433.0225,23382.95375,23453.282946822488,23434.458702939137,23420.843645775705,72.2078051333971,73.00875417827034,107.81461566507686,0.7120732393640101,45.21472945766395,0
1677803280,0.2863231535114057,0.27062846304717325,0.25483010302724873,0.2955001196463975,-0.7311939441868291,-0.7099782275706317,-0.8253886057576679,2.9212818617488665,14.232717045420044,-11.311435183671176,23443.516666666663,23471.03333333333,23415.333333333325,23499.216666666664,23387.816666666666,23526.733333333326,23359.633333333324,23407.8236764487,23454.81,23501.7963235513,0.4006540539130379,0.1160052833181907,49.27877760014603,23454.81,23447.057500000003,23385.3525,23441.76363121499,23431.59802967748,23420.641869987543,64.17260105545775,70.40341433210627,103.98638235019996,0.6029200921456009,21.701777719702218,0
1677805740,0.2798469326733908,0.051735770551239076,0.24841025477730563,-0.19611415775895039,5.847654024526231,5.635818861264746,-0.6511900069415343,-47.16183862013713,-28.680322749172763,-18.48151587096437,23424.98144975227,23448.962899504542,23394.743550247746,23479.20079900907,23370.76210049547,23503.182248761343,23340.52420099094,22799.846638994364,23323.65,23847.45336100564,4.491607111285217,0.002007777309407,20.452310042840185,23323.65,23390.605000000003,23355.49375,23228.49242081,23317.11656973612,23361.71883475064,56.79665141943261,64.39235253609584,197.1996532272144,-2.4159613292120348,-344.75685848171975,0
1677808200,0.1671570526321967,-0.1315605747235183,0.13670128943101253,-0.21960279329994828,2.2624632567513383,2.118605117921269,-0.5782127737081894,-127.06357872851004,-86.86565028603653,-40.197928442473504,22755.64072487613,23483.28144975227,22074.30927512387,24164.612899504536,21346.66855024773,24892.25362438067,20665.337100495468,22143.325444696377,23082.870000000003,24022.41455530363,8.14062164110118,0.0756481182830571,13.389227871353391,23082.870000000003,23274.0075,23301.0,22914.15328054,23129.54537523864,23259.219421917245,42.31238876907978,54.42721374799007,265.7611842334276,-4.971867411183554,-274.1301948631082,1
1677810660,0.019159398549552894,-0.11377127358232622,-0.010008111672326831,-0.1051673067313041,0.029204442962832942,0.002641631635161249,-0.5557798362935451,-184.21806367121096,-115.21610818298998,-69.001955488221,22455.7786957714,22949.1573915428,21792.0963042286,23612.8397830856,21298.7176084572,24106.218478857,20635.035216914403,21852.81464526845,22856.92,23861.025354731548,8.786007517474355,0.2404057265786735,16.40649788064096,22856.92,23160.9075,23251.07375,22721.302187026668,22985.1916706498,23171.25566744894,31.361139190754344,43.49005979308893,276.81167419226136,-4.819615964818082,-180.4545918342096,1
1677813120,-0.04594433716622552,-0.11559900227812872,-0.07454514866561829,-0.10355604362254658,-0.1052421112178437,-0.12490860800889661,-0.5374118392973894,-227.30869359872304,-126.64539048840165,-100.6633031103214,22440.02268121904,22598.045362438068,22177.57731878097,22860.490724876134,22019.55463756193,23018.513406095168,21757.10927512387,21764.196632544405,22634.44,23504.6833674556,7.689550679898399,0.3253419610144216,16.34350015597509,22634.44,23045.8525,23203.00125,22591.018124684448,22866.147730531648,23091.178937215707,22.202578384129044,31.95870211465441,273.64898473771046,-4.899919083514328,-139.13287732801192,1
1677815580,-0.07941011465656225,-0.11748883825971197,-0.10771962162262376,-0.11411876844662362,-0.3344238119222982,-0.34442243437972436,-0.5442292152761135,-258.903532503773,-126.5921835147613,-132.31134898901172,22378.66134060952,22470.82268121904,22238.288659390484,22611.195362438066,22146.127318780967,22703.356703047582,22005.75463756193,22027.86949864625,22415.72,22803.570501353748,3.4605223597881034,0.3832088656791858,16.27391795437146,22415.72,22935.265,23155.50625,22502.387083122965,22767.77996134408,23018.22141938564,23.02970565533921,25.531141076740884,266.08420089317974,-4.719708932610644,-113.70483725393538,0
1677818040,-0.09708796821586839,-0.1029734783260505,-0.11149895082691509,-0.0915968907708792,-0.29250664898330064,-0.30304007366841185,-0.5338670173247868,-277.44417799913936,-116.10626320810208,-161.33791479103726,22335.622336971428,22414.244673942856,22246.502663028576,22503.36434788571,22167.880326057148,22581.986684857136,22078.76065211429,22276.96079520432,22328.535,22380.10920479568,0.4619578023876712,0.8634568884631755,19.122122777527007,22328.535,22826.0925,23107.1225,22456.93305541532,22694.73360473606,22956.107474682245,23.664392848947543,22.96555896280529,253.7996151150953,-4.6540056058232295,-89.84349816782425,0
1677820500,-0.09866885539023981,-0.10528032036929735,-0.12388326034332088,-0.08636923712913312,-0.649439069008011,-0.6435934009908176,-0.5328339685332716,-289.3270862590507,-102.39133717441076,-186.93574908463995,22366.641666666663,22413.38333333333,22319.283333333333,22460.741666666665,22272.541666666668,22507.48333333333,22225.18333333333,22310.67196218112,22343.345,22376.01803781889,0.2924632620486115,0.7476047695608967,19.011434895544586,22343.345,22713.1075,23057.40625,22424.46370361021,22633.78658569314,22899.29009614108,24.27091807997996,23.655005528088925,238.8353568925885,-4.81004709576139,-77.66816179275222,1
1677822960,-0.10061277715430333,-0.10101266258929145,-0.11540423024828109,-0.08790888854416781,-0.5425751697735968,-0.5414099563494535,-0.527155767167032,-294.3806230865157,-85.95589920150059,-208.4247238850151,22357.608333333337,22380.716666666674,22336.416666666675,22401.908333333336,22313.30833333333,22425.01666666668,22292.11666666668,22312.467000311048,22350.535,22388.602999688952,0.3406450869203096,0.7760192310038591,19.93478049838808,22350.535,22603.7275,23010.0875,22406.825802406805,22586.107206476205,22849.02913460384,25.269394203780298,24.401568377569287,226.96854568597504,-4.661341083768192,-66.88514556158714,1
1677825420,-0.0994508034091097,-0.09893650475036851,-0.11614306689556742,-0.08500861494840481,-0.6068088143677502,-0.6027397567616506,-0.5261985121682216,-294.5185152096092,-68.87503305967525,-225.643482149934,22368.21666666667,22406.23333333334,22333.53333333334,22440.91666666667,22295.51666666667,22478.93333333334,22260.83333333334,22323.16713008997,22359.925000000003,22396.68286991004,0.3287834812508007,0.7377041983494842,20.41017439130624,22359.925000000003,22497.182500000003,22965.1025,22397.01720160454,22548.16044166235,22804.112074165376,25.53713152482777,25.02581460286269,215.2207924226911,-4.54488255480881,-59.37610157278946,1
1677827880,-0.09783168617732381,-0.10213059373332568,-0.11477094169346516,-0.08547409095760117,-0.5812705164007537,-0.5782820728481816,-0.5244269971518809,-291.9881627110699,-53.07574444890875,-238.9124182621612,22372.166666666668,22406.033333333336,22343.533333333336,22434.666666666668,22309.666666666668,22468.533333333336,22281.033333333336,22356.742204583297,22368.58,22380.4177954167,0.1058430657350697,0.4923972330294411,20.21134696810661,22368.58,22392.15,22919.60375,22387.478134403027,22515.476724996468,22762.615686149624,25.752056773221074,25.51952750060973,204.68359296392748,-4.484979434192072,-53.82991832034185,0
1677830340,-0.0986192511909549,-0.09942449056720919,-0.11670599005540352,-0.07723874617950721,-0.5548153635980968,-0.5529726228702084,-0.5354590770809736,-286.069930266789,-37.726009603702266,-248.34392066308675,22370.033333333336,22403.06666666668,22335.366666666672,22437.733333333337,22302.333333333336,22470.76666666668,22267.66666666667,22357.80293459637,22370.58,22383.35706540364,0.1142309712455894,0.7130770966567292,20.91427311985167,22370.58,22349.5575,22870.08125,22383.660422935354,22490.1218659062,22725.797525563943,26.183028852309803,25.824072383452904,192.863336323647,-1.867932347891296,-47.3840888445616,1
1677832800,-0.09765991506719954,-0.08627549092070239,-0.08789136081126755,-0.07246868843278491,-0.3957810456694516,-0.40008587924715466,-0.5359732006080665,-275.2175267247803,-21.49888484935485,-253.71864187542548,22378.408333333336,22396.81666666668,22357.616666666672,22417.608333333337,22339.208333333336,22436.01666666668,22318.41666666667,22348.86583308188,22381.29,22413.71416691813,0.2897435037759514,0.9901436647587218,24.399463394044155,22381.29,22362.3175,22818.1625,22393.465281956906,22476.113344832345,22696.014427891187,27.44867584335181,26.46125382296092,186.78581173640293,0.5725702503536595,-33.62677078777259,0
1677835260,-0.09060542139711607,-0.09607956960450151,-0.11329326839889378,-0.07956612622549028,-0.5449680335487909,-0.5434715753534795,-0.5371550263109518,-265.7822529898767,-9.650888891560951,-256.13136409831577,22422.499002632587,22471.675997367405,22363.89800526517,22530.276994734817,22314.72101053036,22579.453989469635,22256.120013162945,22353.11255500956,22384.07,22415.02744499044,0.2766024676516773,0.522288661102801,23.56558009579329,22384.07,22367.3025,22764.105000000003,22390.793521304604,22459.62910031737,22666.436863330124,28.39577158725353,27.342492094305072,177.69932518380278,0.2231863034796566,-40.076097470704674,1
1677837720,-0.09198045681380713,-0.09934463834263578,-0.1186058557198526,-0.0782771157384848,-0.7994603667982626,-0.7864352466413664,-0.5407065257757582,-256.094990058089,0.0290992321814087,-256.12408929027043,22382.61666666667,22411.733333333337,22356.333333333336,22438.01666666667,22327.216666666667,22467.13333333334,22300.93333333333,22352.67138436927,22383.84,22415.00861563073,0.2784921231632251,0.3782429080276981,23.28022709967466,22383.84,22371.8825,22708.8675,22385.945680869736,22444.46926389603,22638.800019203445,28.754877129618663,28.19977485340802,167.6279448135312,0.2051011063368596,-38.87951390783676,1
1677840180,-0.0943005897878891,-0.10664668065645203,-0.12191302928389196,-0.09764807889043571,-0.46856079327672945,-0.4714330287208279,-0.5613943538108483,-247.2281032590217,7.116788824998963,-254.3448920840207,22375.716666666664,22394.33333333333,22357.633333333328,22412.416666666664,22339.016666666663,22431.03333333333,22320.933333333327,22344.01935915595,22381.295,22418.570640844053,0.3330963721630132,0.1563439364169713,22.62053117579208,22381.295,22374.9375,22655.10125,22375.85545391316,22428.32485227857,22611.83573166026,30.131297607367674,29.09398210807998,161.46880589827907,0.136841339074246,-93.87256447061836,1
1677842640,-0.09911185835020189,-0.1085808789850208,-0.1272498705032669,-0.08647665466971668,-0.7790325421632989,-0.7671795514523526,-0.579222683971455,-237.8984557297299,13.157149083432644,-251.0556048131625,22347.691666666666,22392.38333333333,22310.98333333333,22429.091666666667,22266.291666666664,22473.783333333333,22229.58333333333,22331.04588157513,22376.135,22421.224118424867,0.4030107829155348,0.212680122110023,22.439144979173705,22376.135,22373.3575,22599.725,22367.31196927544,22414.12487913701,22586.92042388309,27.66077498392293,28.84898324030311,152.43753854794556,-0.0706428612147348,-85.18361492876231,0
1677845100,-0.10248463971812638,-0.11042635261961725,-0.1287736552944007,-0.08887564640942258,-0.6995789329585601,-0.6915184968701287,-0.5872413325409849,-228.2926241243913,18.21038455101703,-246.50300867540832,22351.21868766453,22368.237375329063,22333.206312335453,22386.249750658146,22316.18762467092,22403.26843832268,22298.175249341843,22331.30457398875,22362.525,22393.745426011254,0.2792209378078024,0.2197347660519936,22.255771881466217,22362.525,22371.9075,22542.5075,22359.88297951696,22401.561264748463,22563.88276446565,29.503174459767862,29.098415683686174,144.2205715088067,-0.0648493203679416,-100.063100446825,0
1677847560,-0.10509381294359152,-0.10732986080002872,-0.12103346184664725,-0.09238461940182757,-0.6944882794204524,-0.686691358166322,-0.5877480550950442,-217.469050939304,23.22716618888348,-240.69621712818747,22345.80833333333,22364.11666666667,22326.716666666667,22383.208333333336,22308.408333333333,22401.51666666667,22289.316666666666,22334.85219426985,22356.185,22377.51780573016,0.1908447772296699,0.4429282760363837,23.387072822224475,22356.185,22370.1275,22486.9275,22357.83865301131,22392.868307521472,22543.87012023083,32.56436129858396,29.909436914091604,138.8619592581777,-0.0795653408011482,-58.82550333364599,1
1677850020,-0.1048500769265907,-0.10447292565416172,-0.08254359079281946,-0.14168927052980773,0.84474762694031,0.7778349801494112,-0.5501520888047257,-205.86859843316407,27.862094956018662,-233.7306933891828,22352.783333333336,22387.866666666672,22318.66666666667,22421.983333333337,22283.583333333336,22457.06666666668,22249.46666666667,22342.122739695184,22353.295,22364.46726030482,0.0999607467697119,0.8806302291546757,24.4789979595669,22353.295,22368.5675,22432.875,22359.159102007543,22387.21952433575,22526.53010878028,44.74757851290588,35.60503809041925,151.53610502545067,-0.0697131927748629,-96.75307464924953,0
1677852480,-0.10329967056057494,-0.09227328023314472,-0.10766403680052763,-0.07815837318912183,-0.40579810780991804,-0.4104421679040631,-0.5470262104712499,-191.6916786812508,33.63121176634564,-225.3228904475964,22346.033333333336,22512.06666666668,22195.76666666668,22662.333333333336,22029.733333333337,22828.366666666672,21879.466666666674,22324.942244269834,22361.395,22397.847755730167,0.3260329306840315,0.9770558398581766,29.124357437896908,22361.395,22371.345,22381.7475,22371.4977346717,22388.84779263834,22514.11533651549,56.331565063076646,44.54783495818885,145.531266885269,0.1241707051018303,99.61089098367394,1
1677854940,-0.09642434240368672,-0.10774686686169231,-0.1117100470118533,-0.12271217169333036,0.408942300562924,0.3641627209998976,-0.5184072047174686,-181.87794749463865,34.755954362366225,-216.63390185700487,22392.835542979035,22428.239457020976,22360.77108595807,22460.303914041942,22325.36717191613,22495.707828083883,22293.30271489516,22325.94371661085,22361.865,22397.786283389145,0.3212726969700156,0.3706894753821066,26.86700531069113,22361.865,22369.0,22359.27875,22365.190156447803,22382.25273943137,22498.730542561632,60.12751607124042,53.735553215741,148.02189067917843,-0.1047996683950823,-126.31675199838882,0
1677857400,-0.10072385501938223,-0.10779122920867783,-0.12258150053619844,-0.09460458190722708,-0.6132030697552778,-0.6092466565179102,-0.5347735599576072,-172.1264151120267,35.60598939598253,-207.73240450800927,22332.99166666667,22432.983333333337,22252.583333333336,22513.39166666667,22152.591666666667,22613.38333333334,22072.18333333333,22329.80058867395,22363.35,22396.89941132605,0.3000392278084471,0.337553036414468,26.860577449197542,22363.35,22362.9375,22362.6275,22360.94343763187,22376.83405953475,22484.799062317667,59.1421646116558,58.53374858199098,142.52032705923713,-0.2704894352961385,-58.549151427167374,0
1677859860,-0.10289579359986355,-0.1112869821511373,-0.12937176115172735,-0.09012885104956732,-0.6176872159619573,-0.6135581382847425,-0.5413450465575702,-163.3105260360535,35.53750277756461,-198.8480288136181,22348.816666666666,22386.13333333333,22315.13333333333,22419.816666666666,22277.816666666666,22457.13333333333,22244.13333333333,22324.020223716,22361.120000000003,22398.219776284008,0.3318239541132572,0.2504028075771903,26.326081556597885,22361.120000000003,22358.6525,22362.9775,22354.828958421247,22370.609685073887,22471.256294477887,53.496153440826326,57.58861137457419,135.1403036978631,-0.1914189797390813,-67.67390977103712,0
1677862320,-0.10572972597352552,-0.09749029223864171,-0.10713629633818081,-0.084937003254682,-0.3806932260071726,-0.38649013685624106,-0.5419797174356135,-151.44126221828628,37.92541327626546,-189.3666754945517,22343.266666666663,22362.53333333333,22323.333333333325,22382.466666666664,22304.066666666666,22401.733333333326,22284.133333333324,22324.489652715336,22365.055,22405.620347284665,0.3627565171171214,0.702389491266673,32.071234616441686,22365.055,22359.175,22365.52875,22363.71097228083,22372.58519687863,22462.7056950038,56.54178522499725,56.39336775915981,131.76599629087298,0.0233506508016246,55.88790769160016,1
1677864780,-0.10024800537171868,-0.0854326063279763,-0.1008034107900189,-0.0750796913336984,-0.6264744823845874,-0.6208133248644265,-0.5692716107162634,-137.7058986890588,41.32862144439437,-179.0345201334532,22382.125,22425.75,22337.85,22470.025,22294.225,22513.65,22249.95,22315.589604274464,22368.910000000003,22422.230395725543,0.4767366467614123,0.9364183664311158,36.71591751421983,22368.910000000003,22365.1525,22370.045,22380.95731485389,22380.378797446152,22458.20515262249,63.18105174412506,57.739663469982894,127.95200408050482,0.2673817721898582,119.06097810110398,1
1677867240,-0.09147800336936107,-0.10997385668036576,-0.11325808570140451,-0.12346409447741667,0.05807577636990796,0.029552337156188744,-0.558462818322678,-130.89151531214884,38.51440385704348,-169.40591916919232,22408.62663155144,22451.223368448584,22372.853263102865,22486.996736897152,22330.25652620572,22529.593473794303,22294.483157757146,22312.588963277467,22367.655,22422.72103672253,0.4923720141653818,0.30609645008952,31.93044600377324,22367.655,22364.76,22369.05875,22369.404876569264,22374.182652455944,22447.54751903939,63.57097692064532,61.097937963255895,131.99471807475467,-0.0175613444607348,-102.44933680464258,0
1677869700,-0.09936423558836002,-0.11676129576914847,-0.12750005091113753,-0.1014076928108699,-0.6202028311603082,-0.6163265255141892,-0.5624816436703899,-125.58661078252408,35.0554467093346,-160.64205749185868,22328.733333333334,22426.566666666666,22248.466666666667,22506.83333333333,22150.63333333333,22604.666666666664,22070.36666666667,22298.913211728614,22362.6,22426.286788271384,0.5695830383889621,0.2218810921266666,30.737203685017825,22362.6,22362.975,22367.44125,22355.32825104618,22365.635806554863,22436.08346960707,57.84856149225499,61.5335300523418,127.9965220453843,-0.0798835534979197,-92.65420205101522,0
1677872160,-0.10670123941059803,-0.10986738704760078,-0.1175151920976684,-0.09840000167452202,-0.6867628392534421,-0.6792531771000396,-0.5677092155568774,-118.44958745267286,33.753976031348685,-152.20356348402154,22329.398324554524,22366.29664910905,22290.27667544548,22405.418298218094,22253.378350890955,22442.31662277261,22214.25670178191,22300.644546051164,22363.4,22426.15545394884,0.5612335686777268,0.3661470920623135,33.45720412272531,22363.4,22362.26,22366.19375,22352.41883403079,22362.17475081761,22427.5612344064,50.59279165349369,57.33744335546468,125.7110561849997,-0.0319856847285196,-23.29319033128487,1
1677874620,-0.10692261615465858,-0.1147561176854039,-0.12704970311740182,-0.10620567629028169,-0.6721745214589058,-0.6657005329376102,-0.5725731610971725,-112.60691005803164,31.677322740791936,-144.28423279882358,22348.13333333333,22395.36666666666,22299.36666666666,22444.13333333333,22252.13333333333,22491.36666666666,22203.36666666666,22290.06138894521,22353.67,22417.27861105479,0.5691111218407323,0.3361463986216672,32.48302093956999,22353.67,22359.3625,22363.965,22345.887556020527,22356.838432487137,22418.538735891503,49.17272631468048,52.53802648680974,123.21026645749976,-0.1295736479174241,-94.71484067409598,1
1677877080,-0.10947779097076679,-0.1402910846102674,-0.1375255723450773,-0.1525742479756368,-0.19370535005525866,-0.21268883214348241,-0.575630266064994,-112.48564531798183,25.438869984673403,-137.92451530265524,22327.241666666665,22375.38333333333,22284.68333333333,22417.941666666666,22236.541666666664,22466.08333333333,22193.98333333333,22259.049259283,22322.755,22386.460740717,0.5707695194163618,0.0143294834692304,27.91152424281402,22322.755,22345.8325,22358.58875,22317.55003734702,22339.390535671293,22403.52314199708,44.36115255947547,48.04222350921657,128.0112739753892,-0.6041210162003078,-276.00396988759746,0
1677879540,-0.12352349450596221,-0.14625338404511926,-0.15144901435161676,-0.15139265502921356,-0.30559565928961907,-0.31935439752461847,-0.5716525993852656,-112.44892057500329,20.38047578212155,-132.82939635712484,22250.166457235984,22350.73291447197,22160.30854276401,22440.590828943936,22059.742085528032,22541.15728617992,21969.884171056063,22219.271637779348,22302.310000000005,22385.348362220662,0.7446615370395019,0.1493488163624114,26.95753104295391,22302.310000000005,22334.9825,22351.99125,22293.05835823135,22322.060438276512,22388.33760466402,35.88724232266586,43.14037373227396,129.40687482385923,-0.485402688504552,-219.1800002489708,0
1677882000,-0.13352764371533601,-0.12746149386205555,-0.13869517598652129,-0.11522874969932272,-0.6961713176175938,-0.6889043216493479,-0.5758595899965794,-106.91474682394984,20.731719626540013,-127.64646645048984,22232.474895284657,22312.049790569312,22164.500104715346,22380.024581138627,22084.925209430687,22459.59947642328,22016.95041886137,22217.04833713543,22296.28,22375.511662864574,0.7107164321991942,0.5047014032841416,34.55046553553488,22296.28,22329.44,22346.18875,22294.38057215424,22317.508540408056,22379.641166124587,33.95586962792128,38.06808817002089,126.7795980507262,-0.2479593959498814,-73.92776578421993,1
1677884460,-0.12913330763299175,-0.11061267447695694,-0.12662751074752412,-0.1042207177755712,-0.710973773180794,-0.702368190905504,-0.5969082933609401,-97.57327454806727,24.05855352193805,-121.63182807000533,22295.875,22337.85,22255.05,22378.675,22213.075,22420.65,22172.25,22217.684533258285,22295.86,22374.03546674172,0.7012554504891523,0.8110950406007909,40.5206045831695,22295.86,22329.63,22344.14125,22311.087048102825,22322.41607851568,22376.29438839844,45.29491867301736,38.37934354120152,123.89222165685354,0.0085039341885074,1.917372822892901,0
1677886920,-0.11851131244607939,-0.10672653288102545,-0.12768299167221778,-0.09350468510928825,-0.6494890969672595,-0.643808130190939,-0.6082497024238555,-88.2690068157026,26.690257003442184,-114.95926381914478,22333.381223821165,22382.11877617884,22295.76244764233,22419.73755235768,22247.024895284656,22468.475104715348,22209.40611910582,22212.1968681438,22300.385,22388.57313185621,0.7909112946364665,0.8122018736590476,41.8384001958547,22300.385,22327.027500000004,22343.10125,22325.874698735217,22328.42224605829,22374.309208550967,59.48732456708532,46.24603762267467,118.85907470052504,-0.1162791996505941,37.42795455686792,0
1677889380,-0.11125714777003617,-0.10306220302002153,-0.12068163487174936,-0.08618629866049232,-0.4399286385576865,-0.44353005987782557,-0.6080079921636342,-79.14977703318436,28.64758942876834,-107.7973664619527,22346.00727857725,22377.442721422754,22324.0145571545,22399.435442845504,22292.579114308995,22430.87088569101,22270.586392886245,22230.87547242747,22321.365,22411.854527572534,0.8107884761754677,0.7453875116344425,43.11812342168473,22321.365,22322.06,22343.60625,22339.17479915681,22335.21365586587,22373.496426784208,69.75633197648126,58.17952507219466,114.14693237435397,-0.2216105409438708,66.14141920516678,1
1677891840,-0.10579780971258955,-0.10279602893810844,-0.1202946251993622,-0.08171447703716697,-0.7401392361525966,-0.729881797871434,-0.6528719936013152,-71.04326051374301,29.403284758567764,-100.44654527231076,22362.895305955288,22390.779694044704,22337.89061191057,22415.78438808941,22310.00622382116,22443.668776178834,22285.001529776444,22294.45597860548,22345.855,22397.25402139452,0.4600318170374031,0.701073867159317,43.21586123941795,22345.855,22324.0825,22344.421250000003,22348.29153277121,22340.906627526623,22372.83248137619,72.24672094075096,67.1634591614392,108.9578657761858,0.0905071533095061,70.75121985876429,0
1677894300,-0.10293504704807,-0.10764039722892733,-0.1294421265467072,-0.08697793652577511,-0.8120914928646782,-0.7986968404794862,-0.6625745191100936,-64.97128021487515,28.380212045948497,-93.35149226082363,22367.675,22387.85,22346.35,22409.175,22326.175,22429.35,22304.85,22340.450531673046,22357.025,22373.59946832696,0.1482707858219504,0.3748074472695955,41.80786095774344,22357.025,22326.652500000004,22344.81375,22349.819355180807,22343.082695249053,22370.93176886417,71.95556309362287,71.31953867028504,103.58408964931556,0.1151063670168621,32.947611626123454,0
1677896760,-0.10392596988725653,-0.11094982831404583,-0.13202207736575924,-0.08690632483205228,-0.8050530472171127,-0.7920069127749679,-0.66708726979469,-60.21749188710237,26.507200298977025,-86.7246921860794,22349.55833333333,22366.31666666667,22336.11666666667,22379.75833333333,22319.358333333334,22396.51666666667,22305.916666666668,22339.678992296544,22356.835,22373.99100770345,0.1534743867229466,0.1128178469714615,40.82920209246207,22356.835,22326.3475,22344.30375,22347.72957012054,22343.167659749222,22368.3239813533,69.44255992763483,71.21494798733625,97.80429679816676,-0.01364860873688,29.48593324539163,0
1677899220,-0.10607622884521657,-0.11297275133658692,-0.13387514643042003,-0.09077335629307005,-0.8672169285690848,-0.8512844700878541,-0.6819168837741609,-56.26147548343943,24.370573362111983,-80.63204884555141,22344.07232991108,22355.14465982216,22332.477670088927,22366.73931964431,22321.405340177847,22377.81164955539,22309.81068035569,22330.25905498968,22353.315,22376.370945010327,0.2062865844312098,0.1646201230728468,40.20959864813324,22353.315,22326.85,22343.10625,22344.43638008036,22342.200812522093,22365.42169741489,69.10507086422523,70.167731295161,92.83256131258346,0.0225005121385127,27.58049519692332,1
1677901680,-0.10816286995622924,-0.11013356112951388,-0.1287736552944007,-0.08744341253497145,-0.8239860863922627,-0.8100374788473551,-0.6948965109417087,-51.8826993781986,22.99947957388225,-74.88217895208085,22336.81666666667,22351.43333333333,22323.233333333337,22365.01666666667,22308.61666666667,22379.63333333334,22295.033333333336,22329.62123544417,22349.33,22369.038764555826,0.1763700706537871,0.4117144052803855,41.55027882797998,22349.33,22335.3475,22340.590000000004,22344.90758672024,22342.86430115444,22363.55772623252,72.57291366141426,70.37351481775812,88.58737836168474,0.3817235396182699,48.54221627615904,1
1677904140,-0.10778652506326979,-0.11230731613180418,-0.135212088935033,-0.08869661717511619,-0.8364196314609376,-0.821938024658696,-0.7025793581599236,-48.34938249371044,21.226237166696336,-69.57561966040677,22347.416666666668,22363.333333333336,22329.93333333333,22380.81666666667,22314.016666666663,22396.733333333337,22296.533333333333,22333.44444061753,22343.97,22354.495559382467,0.0942138696253698,0.2983480095568981,40.79603380570791,22343.97,22344.9125,22339.9475,22343.180057813493,22342.29351912636,22361.287942781804,76.26956065107298,72.64918172557084,83.58827990727858,0.4300021466390226,25.252790499293937,0
1677906600,-0.10868528397577104,-0.11949401634345783,-0.13673996376684197,-0.10896272649859906,-0.6948524197131125,-0.687395225124395,-0.7280085163891983,-46.64550878086084,18.34408870363676,-64.9895974844976,22338.108333333334,22348.216666666667,22329.61666666667,22356.70833333333,22319.50833333333,22366.816666666666,22311.01666666667,22318.61213608814,22337.29,22355.96786391186,0.1672348249215566,0.0230985704770541,38.31940518666588,22337.29,22347.1575,22338.29875,22335.278371875665,22338.14469746701,22357.30575775497,75.73200338087356,74.85815923112028,82.67892504663914,0.1006860780754252,-30.09419552686338,0
1677909060,-0.11272819159845071,-0.10536017259387076,-0.11434874932358743,-0.09438974682605993,-0.5763156902707963,-0.5737517402980461,-0.7300547419281761,-41.60206916218158,18.71002265785281,-60.3120918200344,22311.044103952776,22350.68820790555,22279.830896047224,22381.901415811102,22240.18679209445,22421.54551976388,22208.973584188898,22314.645143917594,22340.44,22366.234856082403,0.2309252287099474,0.8655767634398508,45.34650789222668,22340.44,22348.637500000004,22339.13375,22343.28558125044,22341.991116109377,22357.495685587823,76.5523785845894,76.18464753884534,83.47328754330798,0.0662355389469574,69.40686542787967,1
1677911520,-0.10768237334914663,-0.09788068089211373,-0.11417283583613849,-0.08257987643992452,-0.8135339041487569,-0.7998154274497242,-0.7380561259943125,-35.49536212005842,19.853383759980787,-55.3487458800392,22359.1,22406.10000000001,22312.300000000003,22452.900000000005,22265.3,22499.90000000001,22218.5,22308.36777239243,22348.945,22389.52222760757,0.363124322938461,0.8872861929351866,48.67864126262742,22348.945,22351.13,22339.07875,22355.64872083363,22348.97000408949,22359.6746679128,80.83685208179125,77.70707801575143,81.89069000703009,0.111494065205573,113.40220011776,1
1677913980,-0.10141953305869432,-0.10512948838954556,-0.1253257509404017,-0.07981676715351949,-0.8195736883666277,-0.8056920093399005,-0.7453605129616958,-31.93574421389349,18.73040133291658,-50.666145546810064,22377.2860259882,22409.48897401181,22348.17205197639,22438.60294802361,22315.96910395278,22470.805896047223,22286.855129940974,22310.486354185028,22351.765000000003,22393.04364581497,0.369354686889155,0.599143271761982,45.76638092442848,22351.765000000003,22350.5475,22336.30375,22357.08248055576,22350.966366982306,22359.700890016346,80.36429774513071,79.25117613717048,78.01099786367084,-0.0260442573530185,72.69937796169427,0
1677916440,-0.10191269626157905,-0.10934391135317091,-0.12747189548727955,-0.08604698450738109,-0.7970084610469644,-0.78427017539922,-0.7468813957941608,-29.73022312827743,16.74873793482611,-46.47896106310354,22362.483333333337,22372.166666666675,22350.26666666668,22384.38333333334,22340.583333333336,22394.06666666668,22328.366666666672,22313.589114386563,22353.435,22393.28088561344,0.3565079426355586,0.4327408599723422,44.11394773644074,22353.435,22348.7025,22336.3925,22354.07998703717,22350.440663894613,22358.59366239574,72.0236692378351,77.74160635491903,74.81021230197986,-0.0824893451262577,8.927969998964956,0
1677918900,-0.1042665937630904,-0.10766701463711761,-0.1262053183776464,-0.08697793652577511,-0.7496292140297761,-0.7392041946749257,-0.7516902561933568,-27.28652172925285,15.353951467080556,-42.64047319633341,22350.691666666666,22365.98333333333,22332.783333333333,22383.891666666663,22317.49166666667,22399.183333333327,22299.583333333336,22338.016001260585,22360.1,22382.18399873942,0.1975304112183526,0.3347219612232272,44.96541105458262,22360.1,22348.695,22337.67375,22353.65332469145,22350.86963409559,22358.041885024715,62.21119206638412,71.53305301644998,72.28091142326711,-0.0003355273091138,12.792107523689433,1
1677921360,-0.10460505260834688,-0.10589252075769826,-0.12673305883999322,-0.08346896353337012,-0.8085972204395175,-0.7953317692298086,-0.7606689993606118,-24.66212294963043,14.382680197362385,-39.04480314699281,22352.6,22372.400000000005,22333.000000000004,22392.000000000004,22313.2,22411.800000000007,22293.6,22337.640058657067,22359.800000000003,22381.95994134294,0.1982123394926231,0.4548735267604576,45.90464835888576,22359.800000000003,22350.120000000003,22338.233750000003,22355.035549794306,22352.129700623664,22358.01884835569,60.36419753086381,64.86635294502769,69.12513203589104,0.0637767946454183,33.74776402142867,1
1677923820,-0.1038869911256827,-0.1103731178032354,-0.1319752807659722,-0.08482958571409842,-0.8493920450599451,-0.834246255005011,-0.7948151938673739,-23.33204273255251,12.570208331552244,-35.90225106410475,22357.033333333336,22371.466666666674,22343.366666666672,22385.13333333334,22328.93333333333,22399.56666666668,22315.26666666667,22341.56783308208,22352.76,22363.952166917927,0.1001412525157933,0.1611469407298091,43.86881791619324,22352.76,22350.8525,22338.85125,22351.74869986287,22350.86520960118,22356.79562470277,59.648148148147406,60.74117924846513,65.54476546189882,0.0327918756729082,-20.96382212479536,0
1677926280,-0.10576836992020874,-0.1137624011129286,-0.13384844013551137,-0.0911672206085449,-0.8403704304484426,-0.8257206595296315,-0.8596506796260905,-22.785888229340344,10.493090267811525,-33.27897849715187,22346.591666666664,22354.383333333328,22337.383333333328,22363.591666666664,22329.591666666664,22371.383333333328,22320.383333333328,22332.924315302367,22347.895,22362.86568469764,0.1339784771463554,0.0901991041885939,42.339195603124416,22347.895,22349.83,22342.588750000003,22346.37413324192,22348.09426240097,22354.77937473108,55.40740740740595,58.47325102880574,62.961275605205934,-0.0457579371561097,-75.30196081301429,0
1677928740,-0.10840378494658091,-0.1108256137424869,-0.1324326558333392,-0.0854382851107404,-0.8985309111460057,-0.8810800710856547,-0.9165164609410558,-21.438207199993485,9.47261703772671,-30.910824237720195,22335.733635822733,22350.367271645468,22320.99136417727,22365.10954329093,22306.35772835453,22379.743179113662,22291.61545670907,22331.76050326594,22347.06,22362.35949673406,0.136926259955986,0.3967286292180778,44.15618613049509,22347.06,22350.247500000005,22347.58,22345.54942216128,22347.33166923715,22353.74324380431,51.97530864197439,55.67695473250927,59.81225591911979,0.0186886812617564,-14.221501752274394,1
1677931200,-0.10825302601150864,-0.10903337492427229,-0.12961804003415614,-0.08429249801117925,-0.848949938048859,-0.8338031851012813,-0.9625532343485886,-19.73517269324293,8.940521235581816,-28.675693928824742,22345.166666666668,22353.233333333337,22335.833333333336,22362.56666666667,22327.766666666663,22370.63333333334,22318.43333333333,22331.860772705542,22346.29,22360.719227294456,0.1291420391882044,0.5921740279544312,45.28924566137602,22346.29,22353.195,22350.17625,22346.68294810752,22347.62591119403,22353.286744394376,52.90740740740684,53.43004115226241,57.125666210611286,0.132059557852513,16.794827001129132,1
1677933660,-0.10728148272962797,-0.10418013416405705,-0.11807811525750578,-0.08221575889322538,-0.797838875919936,-0.7848994388254965,-1.0074354549809326,-17.08510095498059,9.272474379075328,-26.35757533405592,22350.58333333333,22360.866666666665,22338.666666666664,22372.783333333333,22328.38333333333,22383.066666666666,22316.466666666664,22329.592627556987,22347.255,22364.917372443007,0.1580719640332569,0.93510576083694,48.34561273160786,22347.255,22353.5275,22351.0825,22351.99696540501,22350.35301824966,22354.176102071106,59.57407407407351,54.8189300411516,56.55954719556768,0.0148707696573555,108.72227450905972,1
1677936120,-0.10436897046271718,-0.10740971302460213,-0.1274015300922997,-0.0854382851107404,-0.8291376234303818,-0.8148671565874233,-1.0418398724671498,-15.540057844318651,8.65401399178981,-24.194071836108463,22368.00833333333,22389.916666666664,22340.716666666664,22417.20833333333,22318.80833333333,22439.116666666665,22291.516666666663,22330.7923498816,22348.925000000003,22367.057650118408,0.1622686560396516,0.6268430143956037,46.48463582980849,22348.925000000003,22350.8425,22350.98625,22352.50631027001,22350.929742204265,22354.11409235005,61.95061728395006,58.14403292181015,54.78386525302718,-0.1199711801075654,15.95725965822839,1
1677938580,-0.10452758377689136,-0.11012468866011625,-0.12930139575674754,-0.08626181958854955,-0.8056282131500709,-0.792529489787819,-1.0749582978359244,-14.762715716657112,7.545084895561082,-22.307800612218195,22353.141666666663,22369.183333333327,22337.483333333326,22384.841666666664,22321.441666666666,22400.883333333328,22305.78333333333,22337.63659678531,22350.975,22364.313403214688,0.1193541061603765,0.3088226934697136,44.91925091139498,22350.975,22349.435,22349.99125,22350.295873513343,22350.010698167127,22353.329416888137,61.19135802469061,60.90534979423808,52.913589163525394,-0.0629473679503056,-21.21931167550981,0
1677941040,-0.10596444551907414,-0.11055056719117617,-0.13380478103544147,-0.08457894478606921,-0.8871740809778405,-0.8702573537916073,-1.1025806819801574,-14.081177403339098,6.581298567103278,-20.662475970442376,22348.025,22361.25,22332.65,22376.625,22319.425,22389.85,22304.049999999992,22338.10984637888,22351.13,22364.150153621125,0.1165055513624978,0.2521150599358022,44.66516234464618,22351.13,22349.095,22348.89875,22348.422249008898,22349.040571227648,22352.50518670832,50.1813361611885,57.774437156609736,49.92690422327348,-0.0152138383283473,-73.43968485746161,1
1677943500,-0.10689582620743358,-0.11821638075027419,-0.13450843498523724,-0.10061996417992153,-0.6958388052254395,-0.6882484671429597,-1.1398071777684913,-15.109816304266133,4.442127732940996,-19.55194403720713,22344.925,22350.35,22339.25,22356.025,22333.825,22361.45,22328.15,22319.720168185893,22345.955,22372.18983181411,0.2348060918775543,0.0639385043113428,40.25156621162563,22345.955,22346.122500000005,22347.40875,22339.973166005933,22344.31955827717,22349.70231178372,38.37117998890156,49.91462472492691,50.210696778753785,-0.1329811030385552,-209.4969134212488,1
1677945960,-0.11119461326247264,-0.12079826934483047,-0.13672494492709367,-0.09854322506196767,-0.7745791897406566,-0.7631730648016083,-1.2333040944769027,-16.323880214626115,2.5824510580648123,-18.906331272690927,22322.125,22349.55,22295.65,22376.025,22268.225,22403.45,22241.750000000004,22307.562399336,22336.590000000004,22365.61760066401,0.2599107622426265,0.1418925518397922,38.85880381991856,22336.590000000004,22341.9225,22346.02125,22331.91544400396,22339.13418404496,22346.473520185264,26.973676123208023,38.50873075776605,49.60993272312847,-0.1878539033357323,-189.66440404482432,1
1677948420,-0.114635015057191,-0.11948514387406022,-0.14105241671833738,-0.09549972807875902,-0.41483688517622147,-0.42092675413833164,-1.247308489869627,-16.793886067876883,1.6899561638512353,-18.48384223172812,22319.533333333336,22338.56666666668,22296.76666666668,22361.333333333336,22277.733333333337,22380.366666666672,22254.966666666674,22304.06363533354,22329.785,22355.50636466646,0.2303771815667766,0.3000689284303204,39.99598064309482,22329.785,22339.355000000003,22345.10375,22327.776962669304,22335.56433240041,22343.90461350096,23.67636912040205,29.673741744170567,47.566366100047865,-0.1149017629085441,-144.7657132008617,1
1677950880,-0.11569862068463461,-0.13001676504842155,-0.14369225253568202,-0.11769935313275143,-0.7123421955813378,-0.7043117233100055,-1.2550514503775465,-19.33797742221577,-0.6833081523901221,-18.65466926982565,22319.5,22330.0,22309.0,22340.5,22298.5,22351.0,22288.0,22283.51415288676,22318.575,22353.635847113248,0.3141853555905544,0.0899984973674925,34.46012667582912,22318.575,22334.775,22342.3025,22315.126308446204,22327.24809014579,22338.75417411992,24.834506112349047,25.161517118653062,49.561395537898015,-0.205053585919352,-218.2879426787045,0
1677953340,-0.12149649502125975,-0.12679605865727278,-0.14203753224805118,-0.10813919202078992,-0.7571575371078462,-0.746721379612837,-1.2634415328794515,-20.38690395428057,-1.3857877475639349,-19.001116206716635,22286.440592743314,22325.88118548663,22250.38440725668,22361.937370973264,22210.943814513364,22401.37796371658,22174.88762902673,22283.754392656847,22309.42,22335.08560734316,0.2300876252556542,0.2950564765652016,37.3174256770047,22309.42,22330.275,22340.261250000003,22309.71753896413,22322.093891937464,22334.958538489445,29.508663907765364,26.006513046838844,49.84272442804816,-0.2013972493611231,-127.73139557738897,1
1677955800,-0.12278499919646815,-0.12578459714600354,-0.14319856126521396,-0.10606245290283606,-0.7375860566353408,-0.7281216756359874,-1.2651254054483327,-20.749032673655165,-1.3983331735508244,-19.35069950010434,22299.93333333333,22326.166666666668,22272.666666666668,22353.43333333333,22246.43333333333,22379.666666666668,22219.166666666668,22283.15821841064,22305.155,22327.15178158937,0.1972349583705539,0.4226023137482953,38.2282257918864,22305.155,22325.555,22339.375,22307.06169264276,22318.39500249429,22331.79582053807,33.59743762643353,29.313535882182663,49.45395839747339,-0.2111956042677652,-99.4264480801998,1
1677958260,-0.12292349546805668,-0.14527741241143918,-0.15085423803533443,-0.1373567630595936,-0.592251416182959,-0.5908632154762529,-1.2670835298789673,-25.17777702446256,-4.66166201948657,-20.516115004975987,22301.716666666664,22323.933333333327,22279.53333333333,22346.116666666665,22257.316666666666,22368.33333333333,22235.133333333324,22242.84290404113,22291.36,22339.87709595887,0.4352995596398658,0.0410380699851104,29.3708878289571,22291.36,22313.975,22333.75125,22286.982795095177,22305.382274768053,22323.70336143921,32.94887719172568,32.01832624197488,53.78154867470709,-0.5178282960967207,-206.7963933448472,0
1677960720,-0.13273963419847443,-0.15248185756188679,-0.1605849316954022,-0.13986317233988307,-0.4084863042445833,-0.41725406624803124,-1.2689518099862525,-29.980037960001937,-7.571138364020758,-22.40889959598118,22247.02174075958,22301.943481519163,22191.90325924042,22357.061963038326,22136.98151848084,22411.98370379791,22081.86303696168,22211.93584087158,22272.765000000003,22333.594159128425,0.5462200955150511,0.1199191254445871,26.89097571652757,22272.765000000003,22301.275,22326.05875,22266.83019673012,22291.044588446588,22314.448279397377,27.852474874224868,31.46626323079471,56.32448170789744,-0.5681430557372942,-186.7733925247651,1
1677963180,-0.14125010463916318,-0.15190514705107508,-0.16849492076037237,-0.13707031628470234,-0.6824021213844312,-0.6767389385631037,-1.2729133276886753,-33.271210625051026,-8.689848823255875,-24.58136180179515,22228.70253704645,22272.30507409291,22182.92246295354,22318.085148185823,22139.319925907083,22361.68768523228,22093.539851814166,22193.71312507121,22260.43,22327.14687492879,0.599421259416718,0.2580821940891752,27.41927802671449,22260.43,22289.5025,22319.46875,22253.936797820083,22279.609208729027,22306.229395645245,22.37317025280377,27.724840772918128,56.52273301447608,-0.5268310146727239,-149.99727706693326,1
1677965640,-0.1452169703152899,-0.15727299103632256,-0.17166136353445333,-0.14945913929870533,-0.337287705409823,-0.3500749890388163,-1.2680674077618974,-36.677158318463626,-9.67663721333478,-27.000521105128847,22224.35,22255.800000000003,22196.700000000004,22283.45,22165.250000000004,22314.9,22137.60000000001,22180.924803463706,22243.255,22305.585196536293,0.5604413251234612,0.2575011657279725,25.56735065301661,22243.255,22276.3375,22312.716250000005,22240.299531880057,22267.50298896012,22297.35278653617,21.09287785660012,23.772840994542943,58.53539494201356,-0.5891784060408193,-145.88172642393772,0
1677968100,-0.14988445814185825,-0.13428442282842745,-0.13021614589148278,-0.1263285622263189,-0.5676254954417245,-0.5664149694048551,-1.2627051889057508,-33.76042607463023,-5.407923975601104,-28.352502099029127,22204.775000000005,22251.25000000001,22166.55000000001,22289.47500000001,22120.075000000004,22335.95000000001,22081.85000000001,22193.624944243453,22238.465000000004,22283.305055756555,0.4032657447944451,0.9386145304274336,43.24637406635553,22238.465000000004,22271.81,22308.96625,22252.79968792004,22269.375172785545,22295.49061638987,33.44693608866518,25.63766139935638,64.90965244615529,-0.2028170402151039,-8.175524780867038,1
1677970560,-0.14072334837709632,-0.12033690093618264,-0.13869517598652129,-0.11591336619348837,-0.7394263630160398,-0.7297944017194538,-1.2675085493201064,-27.95546005938013,0.3176336317192003,-28.27309369109933,22287.166666666668,22351.43333333333,22213.533333333336,22425.066666666666,22149.26666666667,22489.33333333333,22075.63333333334,22174.34508458426,22252.52,22330.69491541574,0.7026162916895753,0.9130480964165836,50.87075665713636,22252.52,22271.94,22306.93125,22274.23312528003,22278.052414097263,22297.548652924168,52.428653175144326,35.656155706803226,66.32410757884347,0.0058254689502309,25.315229154951275,0
1677973020,-0.12916868697912728,-0.11239604082577521,-0.1323271077408701,-0.10425641033824219,-0.825969111998278,-0.8119563303149604,-1.2670243812364206,-21.303928736215312,5.575331963907217,-26.87926070012253,22301.929325232068,22351.870674767924,22267.15865046413,22386.641349535857,22217.21730092828,22436.58269907172,22182.446626160345,22177.240543067463,22275.110000000004,22372.979456932542,0.8787337699570654,0.8288308835940467,54.60954421153818,22275.110000000004,22273.9375,22306.64625,22295.980416853352,22289.22015698867,22301.54163835996,74.5547926761076,53.47679397997239,66.60495790548997,0.0894957324312755,76.09741198376142,0
1677975480,-0.11942072947896498,-0.10677089522801096,-0.12131492342656658,-0.09442215329301362,-0.5706785830609531,-0.5687135574949833,-1.2597617743350693,-14.585447742443648,9.835050366143104,-24.420498108586752,22326.272995949363,22368.00200405062,22297.74599189873,22396.529008101257,22256.016983797468,22438.258016202515,22227.48997974683,22198.69198138845,22300.545,22402.39801861155,0.9134576631337888,0.7689169194332898,57.10010880376813,22300.545,22280.4875,22307.63125,22315.761944568905,22301.239219354367,22306.66386327806,84.46170807813867,70.48171797646354,67.13963991766546,0.2938560531542979,121.99310572150796,0
1677977940,-0.11173403855911125,-0.056029242745976544,-0.0256531689518313,-0.08666741140664332,0.6721093660303717,0.6290840322917003,-1.2224237772537887,2.249948452023091,21.336357248487875,-19.086408796464784,22351.14483130802,22390.280168691985,22316.18966261604,22425.235337383965,22277.05432523207,22464.37067476793,22242.09915654009,22207.564080966204,22357.6,22507.6359190338,1.342146912314368,0.9688877200409098,72.01620999521555,22357.6,22300.4275,22315.35125,22376.60796304594,22337.06845219903,22324.914923918244,81.333434234262,80.11664499616944,85.5105765691162,0.894214512823509,287.7796102276312,0
1677980400,-0.08251860966238372,-0.02348502499740276,-0.03863558432556374,-0.057193335688500956,-0.4247142885317768,-0.4237004485476433,-1.2122832055662995,22.729532952511363,33.45275339918092,-10.723220446669554,22496.65574898734,22659.64425101265,22335.31149797468,22820.98850202532,22172.32299594937,22983.97700405064,22010.978744936707,22207.839296418813,22420.04,22632.24070358119,1.89295561989352,0.9004699257158042,77.43526220670987,22420.04,22329.2525,22327.40375,22447.73864203063,22383.05600634466,22350.16112164032,80.30766733379264,82.03426988206445,94.05384799410682,1.292499467530575,231.03897063679364,1
1677982860,-0.0516379800109813,-0.0802954465470553,-0.05277902871645767,-0.1402570366553566,0.2732099620730649,0.23628347667057464,-1.1881225500580428,25.746249778218044,29.17557617991008,-3.429326401692035,22542.361207827005,22668.738792173,22463.62241565401,22747.47758434599,22337.24483130802,22873.85516869198,22258.506039135027,22256.612318960222,22442.605,22628.597681039773,1.6574963649698753,0.4659126371825117,56.76882664234716,22442.605,22347.562500000004,22330.76875,22441.80076135376,22391.577641554723,22357.757681484098,69.59675805483306,77.07928654096258,116.33571599452776,0.8230387931760983,70.70587927090212,0
1677985320,-0.06460428351817547,-0.09075608796623955,-0.09304266858161854,-0.07219012177206752,-0.5282764861878685,-0.5269334432342868,-1.1843601814804192,25.46508774960239,23.11553132103554,2.3495564285668507,22398.275,22612.55,22215.65,22795.175,22001.375,23009.45,21818.75,22290.753046354497,22454.8,22618.8469536455,1.461130392125533,0.3343462076185626,53.91547543227161,22454.8,22364.955,22333.115,22428.01717423584,22393.19079763568,22361.82361658085,63.0695083716897,70.99131125343848,114.62305098565108,0.7825109863102724,70.66315924471637,1
1677987780,-0.07631801515846283,-0.08195459832431336,-0.09327431352720493,-0.07398041411513143,-0.6198975768711884,-0.6142978577505844,-1.187983209998465,26.932951257098463,19.66671586282529,7.266235394273174,22413.66946862341,22453.23893724683,22360.880531376577,22506.02787449367,22321.31106275316,22545.59734311709,22268.52212550632,22331.26618819457,22468.785,22606.30381180543,1.2240876558783969,0.3417125648904081,55.92290725665294,22468.785,22384.665,22337.08375,22427.094782823893,22399.019743520097,22367.86422452553,52.07958108198256,61.5819491695018,113.34283305810465,0.886713469182089,64.32701591497519,0
1677990240,-0.07777391808836331,-0.07692390817615476,-0.09309840003975599,-0.05826164734302983,-0.7923338136499456,-0.7791189087031397,-1.1935232793422081,28.906827779988816,17.312473908572514,11.594353871416304,22420.05,22471.0,22374.3,22516.75,22323.35,22567.7,22277.6,22321.54959766644,22457.01,22592.47040233356,1.2063974886555209,0.4350917327238643,57.07387576661544,22457.01,22407.305,22341.82125,22431.20485521593,22406.366153789168,22374.67953647548,52.71329464345303,55.95412803237512,109.05405926823995,1.0192218304350775,68.30915110449628,1
1677992700,-0.07598639983681271,-0.08556569336893413,-0.1041457670515488,-0.06499314655294985,-0.8820646649238434,-0.8650614228336228,-1.197374403657215,28.18143955399501,13.26966854606296,14.911771007932044,22439.575,22466.15,22412.85,22492.875,22386.275,22519.45,22359.550000000003,22395.35136132152,22422.025,22448.69863867848,0.2379235477480702,0.3697215613554814,54.44385053684164,22422.025,22421.0325,22346.421250000003,22425.828236810623,22407.949580372955,22378.52672347781,53.68887999466375,52.82725190669979,104.49484074908013,0.6161963928215434,41.993675931292834,0
1677995160,-0.0794137474198062,-0.0873046973707656,-0.10717147903567137,-0.06291640743499598,-0.7486558106409549,-0.7375522378259656,-1.1963974084237308,26.90107624811208,9.591444192144024,17.309632055968052,22414.725,22435.250000000004,22394.550000000003,22455.425000000003,22374.025,22475.950000000004,22353.85,22391.40136132157,22418.075000000004,22444.74863867844,0.2379654691889108,0.3519137172239622,53.90553402672424,22418.075000000004,22430.340000000004,22351.14,22420.610491207084,22408.35420212333,22381.54084505136,52.68327663264673,53.02848375692119,98.90949498128865,0.4170568756693494,32.72323715631445,1
1677997620,-0.08199696629848721,-0.08981560621014736,-0.10829732535534485,-0.06911081894199683,-0.7850307748198438,-0.7723885795253509,-1.2010562304411854,25.026990168025804,6.1738864896462005,18.853103678379604,22412.158333333336,22424.31666666668,22398.01666666668,22438.458333333336,22385.858333333337,22450.616666666672,22371.716666666674,22393.28213680588,22418.605,22443.92786319412,0.2259093569302831,0.1938537344465611,53.08930700062584,22418.605,22436.702500000003,22355.32,22414.773660804723,22407.39889264636,22383.5940979036,50.26015609365638,52.21077090698898,94.73024533976786,0.284809737023811,16.599706066086036,1
1678000080,-0.08454409236881544,-0.09706441370758048,-0.11280891036920049,-0.07487556028666338,-0.8322493705775676,-0.8176710904774952,-1.2055940572505106,21.644136513619745,2.2328262681921096,19.411310245427632,22402.966666666664,22423.233333333326,22382.83333333333,22443.36666666666,22362.566666666666,22463.633333333324,22342.43333333333,22373.365708307127,22410.09,22446.81429169288,0.3277478287046015,0.1267456942495524,50.70244754932671,22410.09,22439.4375,22359.9625,22404.074107203152,22402.90363943793,22383.506564769927,47.10306458136492,50.01549910255603,91.0835630899076,0.1223422160044577,-17.560879133742894,0
1678002540,-0.08944223875209364,-0.09920267883228161,-0.11766442059239603,-0.07412363750257575,-0.8639243797686784,-0.8479332116936642,-1.210905130572893,18.26646898935724,-0.9158730048563192,19.182341994213555,22386.517231280577,22406.43446256116,22362.75776871943,22430.1939251223,22342.840537438853,22450.11115640288,22319.081074877708,22367.13245733765,22397.535,22427.937542662345,0.2714811488169996,0.1565254388103266,49.98849472011449,22397.535,22427.2725,22363.85,22394.93273813544,22398.130250449216,22382.85355860136,43.84913683793956,47.07078583765364,86.56158336354704,-0.5407075201237491,-40.39457515823563,1
1678005000,-0.09296049748460816,-0.10717902882027823,-0.1211520544658733,-0.09263526032985678,-0.7754208123487781,-0.7637882098111559,-1.2210371790681318,13.61910589782201,-4.450588877113237,18.069694774935247,22380.60861564029,22392.517231280577,22364.74138435972,22408.38446256115,22352.83276871943,22420.29307820144,22336.965537438857,22345.49455092665,22385.355,22425.21544907334,0.356129702417866,0.1088854901931675,47.31215839803544,22385.355,22403.69,22366.47125,22381.34682542363,22390.13838673117,22380.122267306,39.48663853727142,43.47961331885865,85.34739337046734,-1.043935369632584,-98.79246525888718,1
1678007460,-0.0987079994701507,-0.10236127793765089,-0.11846512492989295,-0.0803180490095766,-0.8183900295789895,-0.8044924363530186,-1.2365289083745394,10.905711955478182,-5.731186255565653,16.636898211043835,22352.579307820142,22388.158615640285,22318.595692179853,22422.142231280573,22283.01638435971,22457.72153910072,22249.032768719426,22344.373886381243,22376.870000000003,22409.36611361876,0.2904437807321525,0.3596755275569659,49.08528114048553,22376.870000000003,22397.4725,22372.5175,22376.81455028242,22386.06777096187,22378.943956134,38.43706047819974,40.59094528447026,82.30829384400533,-0.2771966468902561,-78.5931947887734,1
1678009920,-0.0991727556550545,-0.09155461021197883,-0.10013493953771369,-0.07455330766491135,-0.7456664398985893,-0.734754123861467,-1.2526944578330033,11.08461172195166,-4.44182919127374,15.5264409132254,22371.11666666667,22390.833333333336,22348.033333333336,22413.916666666668,22328.31666666667,22433.63333333333,22305.233333333337,22346.4668696376,22375.89,22405.313130362403,0.2629895871172387,0.879123494427849,52.9131754484256,22375.89,22397.2475,22381.10125,22383.943033521613,22388.27363078698,22380.77786507361,39.95253164556959,39.2920768870136,82.05770142657633,-0.0100444410714963,-25.81945237279738,0
1678012380,-0.09400153213428464,-0.08804998480012305,-0.10998609483485444,-0.06877791750651001,-0.8454936509295502,-0.8301809907411585,-1.2706177682106894,11.886204282902328,-2.91218930425846,14.798393587160788,22404.0,22440.5,22361.7,22482.8,22325.2,22519.3,22282.9,22341.544558971065,22380.97,22420.395441028937,0.3523121743958005,0.8437501178503765,54.117917852559295,22380.97,22395.53,22390.0975,22391.987022347745,22391.8738797348,22383.37759220946,45.07323633808187,41.15427615395041,78.67288415092423,-0.0765877749411902,-17.472769613624973,0
1678014840,-0.08966352083594845,-0.08922115076054042,-0.10998609483485444,-0.06954048910433243,-0.6788850189697001,-0.6710538324953624,-1.27680390389175,12.115529459912068,-2.146291301798975,14.261820761711045,22403.33491347752,22423.04008652248,22388.36982695504,22438.005173044963,22368.66465391007,22457.710346089927,22353.699567387583,22343.395284719347,22386.595,22429.794715280656,0.3859427061654918,0.7104180534743205,53.624156846846,22386.595,22392.065,22399.685,22396.249681565165,22394.21953796484,22385.415440570465,50.69290958634669,45.2395591899994,75.6819638544296,-0.1544157214367188,6.064522171975952,1
1678017300,-0.08808012718427301,-0.08928325804632117,-0.10875470042271185,-0.06592409857134386,-0.8425898053210772,-0.8274233232502821,-1.2878635761708381,12.143171356881794,-1.6949195238633994,13.838090880745192,22401.525000000005,22421.55000000001,22384.75000000001,22438.325000000004,22364.72500000001,22458.35000000001,22347.95000000001,22367.05086905872,22396.68,22426.30913094128,0.2645850272565477,0.6336522494651318,53.59623020303433,22396.68,22391.0175,22406.025,22399.033121043445,22396.106894698503,22387.24254146852,55.16682669576661,50.3109908733984,72.43325215054182,-0.0467319426769804,22.433252596985223,1
1678019760,-0.08731948554012034,-0.08419933308177945,-0.1011200550674275,-0.06295221328185674,-0.8328618565543741,-0.8180289129838124,-1.2953121787313404,13.169179437332788,-0.5351291547299262,13.704308592062713,22406.0,22420.4,22390.2,22436.2,22375.8,22450.6,22360.0,22393.30689211015,22406.915,22420.52310788985,0.121463466879306,0.9412810398483232,55.63307915255463,22406.915,22391.8925,22411.11625,22405.663747362298,22400.25564111696,22390.25991847152,60.83501800456646,55.56491809555994,70.37373413978872,0.0390447642644468,80.57622336775533,0
1678022220,-0.08439707627438353,-0.07226586174267555,-0.084408273759778,-0.05908843253447903,-0.5650730328209811,-0.5614841231867023,-1.2973433286699891,16.505291985409713,2.2407867146776006,14.264505270732112,22420.775000000005,22441.65000000001,22398.05000000001,22464.375000000004,22377.175000000007,22485.250000000007,22354.45000000001,22381.4830083143,22417.785,22454.0869916857,0.3238677834201824,0.9788304771401368,60.06426153082322,22417.785,22396.8375,22416.77,22421.29249824153,22409.76370636842,22396.19230718852,68.26083677822372,61.42089382618561,71.0834016100152,0.2207283813401019,179.33318170884598,0
1678024680,-0.07696884030343362,-0.07409359043847934,-0.09021341884559309,-0.05693683100916228,-0.6897545751342571,-0.680859998038689,-1.2986525877519595,18.520134671391133,3.404503520527216,15.115631150863916,22451.41364042568,22492.136359574324,22411.827280851365,22531.72271914864,22371.104561702723,22572.445438297284,22331.518202128405,22384.46003762622,22425.65,22466.839962373782,0.3673468762223692,0.7640206344767722,59.09081977662897,22425.65,22403.31,22421.37375,22429.994998827693,22416.60666884689,22401.069230313416,73.70447144144093,67.60010874141038,70.13458720929978,0.2891745512991731,154.0205678404946,1
1678027140,-0.07416863195040878,-0.07859193242281172,-0.10006457414273384,-0.054895897738069174,-0.8874374074579048,-0.8701277647048167,-1.3147913378159886,18.8765483464922,3.0087337565026253,15.867814589989576,22446.2,22475.7,22417.9,22504.0,22388.4,22533.5,22360.1,22395.99782553832,22431.640000000003,22467.28217446169,0.3177848294791565,0.543277382014269,56.65708376712864,22431.640000000003,22409.1175,22418.195,22431.57166588513,22419.900910874727,22404.27454171214,73.50095785440665,71.82208869135712,66.91068812292123,0.2595339338104546,97.94129954424776,1
1678029600,-0.07501781021880988,-0.07595680901187102,-0.0932039481322251,-0.053678498944786504,-0.852514985724083,-0.8366780561429408,-1.3307731908558207,19.532980162064632,2.932132457660046,16.600847704404586,22434.541666666668,22446.68333333333,22422.583333333336,22458.641666666663,22410.44166666667,22470.783333333333,22398.483333333337,22415.736264707182,22439.15,22462.56373529282,0.2086864724628088,0.5640649593599889,57.75473572786144,22439.15,22417.915,22410.8025,22435.09777725676,22423.9461998066,22407.881728215743,71.50862068965542,72.90468332850101,65.0027818284269,0.3935506454610925,108.34094893578636,1
1678032060,-0.07412477235865259,-0.07863629476979725,-0.10083859348750945,-0.05554040298157322,-0.7741853805586135,-0.7618362995848779,-1.3349368947278533,19.222401326267573,2.097242897490389,17.125158428777183,22444.650000000005,22463.50000000001,22423.30000000001,22484.85000000001,22404.450000000004,22503.70000000001,22383.10000000001,22428.206235836755,22442.285,22456.363764163245,0.1254664056110602,0.2270712148135747,56.19629814161144,22442.285,22424.6,22411.03625,22434.931851504505,22425.88325438721,22410.426325528533,69.05651340996138,71.3553639846745,62.052583126396456,0.2988677895630922,63.44503740056404,1
1678034520,-0.07501806269556341,-0.07693278064555238,-0.0973203237385306,-0.05238948845777971,-0.7830803453415507,-0.7702622969764409,-1.3452326760057265,19.142917607889103,1.614207343289536,17.528710264599567,22433.166666666668,22445.733333333337,22422.033333333336,22456.86666666667,22409.466666666667,22469.43333333333,22398.333333333336,22430.01620337581,22439.655,22449.29379662419,0.0859085990777733,0.4867722076759381,56.99088483872735,22439.655,22428.72,22412.98375,22436.42123433634,22428.340844498627,22413.18572309724,69.95210727969373,70.17241379310353,59.39882718879655,0.1839433525908364,72.5098633652224,1
1678036980,-0.07461290859494076,-0.07933721985216788,-0.09876281433561142,-0.05715166609033073,-0.8147183627902135,-0.8005905313820103,-1.3498607654826824,18.32203529169056,0.63466002167279,17.687375270017764,22441.033333333336,22452.66666666667,22427.76666666668,22465.93333333333,22416.13333333334,22477.56666666667,22402.86666666668,22429.662457789786,22436.7,22443.73754221022,0.0627324179600281,0.2104813102162534,55.46164375171533,22436.7,22431.175,22413.3525,22435.15582289089,22429.11978186251,22415.037082802268,68.1273946360153,69.04533844189017,57.59176810388267,0.1095587193455898,43.91712104354652,0
1678039440,-0.07561261072129659,-0.07908879070904744,-0.10062749730256995,-0.05471686850376278,-0.876004616299373,-0.8592082718266456,-1.3549154754761914,17.52593620872358,-0.129151249035349,17.655087457758928,22432.975,22449.85000000001,22415.750000000004,22467.075000000004,22398.875,22483.950000000008,22381.65,22428.98996632845,22436.42,22443.850033671555,0.0662319003794121,0.2917236895004194,55.59422540551362,22436.42,22434.03,22413.0475,22434.54554859393,22429.88436697842,22416.778789202053,65.1605023658192,67.74666809384276,55.04949895360534,0.12742819332041,37.15869986108813,1
1678041900,-0.07598824105773297,-0.07985182307719885,-0.10073304539504034,-0.05543298544098835,-0.8042335925971222,-0.7905369008196564,-1.3610646752137092,16.530976115707745,-0.8992890736409471,17.43026518934869,22433.70833333333,22444.516666666663,22422.516666666663,22455.70833333333,22411.70833333333,22466.516666666663,22400.516666666663,22428.59694524201,22434.225,22439.85305475799,0.0501738282288613,0.2290360407678801,55.05216368027827,22434.225,22436.6875,22413.8525,22433.42203239596,22430.119027527795,22418.149856897096,58.8984613215645,64.06211944113302,52.810249028347606,0.1186140346179104,21.42556803508864,1
1678044360,-0.07655759131522853,-0.08908806371958387,-0.10489192821333042,-0.07294204455615384,-0.7422351607188432,-0.7316451370129885,-1.3625197702865708,13.486993409027493,-3.154617424256962,16.641610833284453,22432.225,22443.550000000003,22419.85000000001,22455.925,22408.525000000005,22467.25,22396.15000000001,22404.479631623995,22428.335000000003,22452.19036837601,0.2127252725269832,0.0140506817048423,48.84394819167045,22428.335000000003,22435.310000000005,22413.60125,22423.998021597305,22425.57920434092,22416.91177528785,46.03379246551674,56.69758538430017,53.3794584896708,-0.0614436240810005,-110.08339151871272,0
1678046820,-0.08146061560601557,-0.08824517912685906,-0.10938798897752779,-0.0657092634901754,-0.8296870429861604,-0.8150820073156805,-1.3658349765828839,11.137867431898483,-4.402994721108776,15.54086215300726,22403.309727162286,22434.619454324573,22373.8402728377,22464.08890864916,22342.53054567541,22495.398635811445,22313.061091350828,22396.366766512405,22421.960000000003,22447.5532334876,0.2282872102848983,0.2179918667370362,49.4046865176548,22421.960000000003,22430.807500000003,22413.8225,22418.507014398205,22422.29662173348,22416.017796689004,36.42292949568648,47.11839442758926,51.55235431183712,-0.2005340150673373,-98.26826154437668,1
1678049280,-0.08349066457139645,-0.07018083143435627,-0.06368566493829209,-0.06305963082244162,-0.42563694011609343,-0.4274193951350705,-1.3578505877236762,13.230855712707124,-1.848005152240109,15.078860864947234,22406.575,22420.95,22393.15,22434.375,22378.775,22448.75,22365.35,22388.116482205394,22427.120000000003,22466.12351779461,0.3478245784087153,0.9013099557436296,59.62031331784283,22427.120000000003,22431.910000000003,22417.61,22431.813009598805,22428.865417781937,22420.05657795672,35.43024910920081,39.29565702346803,58.60575757527754,0.0491148195336718,182.559372748812,0
1678051740,-0.07547306763822302,-0.07612538593041676,-0.07262207010069886,-0.08665568390402308,-0.44215322001685464,-0.4444128293341736,-1.5222070456704486,13.383700027148734,-1.3561286702387996,14.739828697387534,22469.30833333333,22539.01666666667,22388.716666666667,22619.608333333337,22319.00833333333,22689.31666666668,22238.416666666664,22388.18463581797,22428.79,22469.39536418203,0.3620825214559413,0.6586613032484634,55.6390906897212,22428.79,22432.605000000003,22420.86125,22435.10033973254,22431.19443273068,22422.115475294173,42.79192921139826,38.21503593876187,68.04820346275767,0.0309787617187227,-7.114384777650928,1
1678054200,-0.07443669370436284,-0.08123592830314746,-0.09886836242808053,-0.06993435341980596,-0.8093484126354175,-0.7955699222096644,-1.6024753378185086,12.202211099411215,-2.0300940783810546,14.23230517779227,22433.291666666668,22532.88333333333,22342.083333333336,22624.091666666667,22242.49166666667,22723.68333333333,22151.283333333336,22387.468076015623,22428.01,22468.55192398437,0.3615293910104007,0.4909353093320899,52.39955918851068,22428.01,22431.1175,22424.516250000004,22432.491893155027,22430.481808597822,22422.60685859949,47.26817669466504,41.83011833842139,68.15190321541783,-0.0662815282849459,-87.88582824851925,0
1678056660,-0.07647390454467017,-0.08604480671637847,-0.10270327645446797,-0.07580651230505608,-0.764209733303035,-0.7525477200762201,-1.623207728911884,10.056574918424303,-3.340584207494373,13.397159125918677,22419.19166666667,22457.983333333337,22388.483333333337,22488.69166666667,22349.69166666667,22527.483333333337,22318.983333333337,22392.61613313026,22429.725,22466.833866869736,0.3308900743966994,0.2844181007174854,49.480151859104765,22429.725,22429.03,22426.815,22426.23626210336,22427.435116125493,22421.760967304304,43.412735121800175,44.49094700928785,68.64105298574513,-0.093048237989534,-132.70464011119748,0
1678059120,-0.07989706831816328,-0.08278861044764055,-0.09696849676363271,-0.062271902191493235,-0.8063714846337132,-0.7926320267318361,-1.6415286624312775,8.99282492000566,-3.523467364730415,12.516292284736076,22405.575,22447.15,22372.15,22480.575,22330.575,22522.15,22297.15,22401.459323549767,22432.8,22464.14067645023,0.2794183200512858,0.3420582909925609,51.45250792953188,22432.8,22427.38,22428.050000000003,22425.12417473557,22426.610549557223,22421.869446608656,40.51803885291369,43.73298355645966,67.55954920104905,-0.0735313778443273,-16.36860754188017,1
1678061580,-0.0799804713937001,-0.08318787157051019,-0.09348540971214316,-0.07580651230505608,-0.7338363032355891,-0.7233228107343482,-1.6519655517952403,7.967176631555048,-3.639292522544821,11.60646915409987,22426.666666666668,22451.533333333336,22398.033333333336,22480.166666666668,22373.166666666668,22505.033333333336,22344.533333333336,22407.05124867552,22425.47,22443.888751324484,0.1642663571776494,0.3996946118956475,51.18861497443284,22425.47,22426.295,22428.735,22424.00778315705,22425.73135872864,22421.86045169355,39.67005858772714,41.20027752081369,69.96243854383131,-0.0483670546803976,-57.91038325703372,0
1678064040,-0.08022181338515902,-0.07938158219915341,-0.07895495564886078,-0.07745358126067435,-0.5094444719602101,-0.5083994001503336,-1.6576342679884277,7.928367555065051,-2.942481279227856,10.870848834292907,22416.99166666667,22469.983333333337,22368.783333333336,22518.19166666667,22315.791666666668,22571.18333333333,22267.583333333336,22411.17560192658,22423.635,22436.094398073423,0.1111273713955899,0.8557555488538968,53.6302751984616,22423.635,22426.2125,22430.12125,22426.8385221047,22426.962020777974,22422.87374200845,42.56475485661419,40.91761743241835,75.47226436212898,-0.0036775645162024,27.583705487117545,1
1678066500,-0.07843924538903799,-0.10455277787873514,-0.10576417113607983,-0.11265072872531173,-0.3238083889433701,-0.33347498944205356,-1.649125341865031,2.149775058609521,-6.97685902054671,9.126634079156233,22432.8,22506.2,22359.1,22579.9,22285.7,22653.3,22212.0,22360.144693145496,22410.495000000003,22460.84530685451,0.4493457806666646,0.0142035564811756,39.5431568837368,22410.495000000003,22419.2525,22427.97,22405.08401473647,22415.073471545613,22417.03576657908,40.40889422604665,40.88123589012934,82.32424547911988,-0.3102824528808775,-258.1584146354093,0
1678068960,-0.0901341828825345,-0.10536017259387205,-0.11586160531564937,-0.09367362988883436,-0.6443941286336573,-0.638802701885082,-1.6517859326875217,-2.583592567487358,-9.368181317314871,6.784588749827514,22350.991666666665,22440.88333333333,22271.68333333333,22520.191666666666,22181.791666666664,22610.08333333333,22102.48333333333,22335.19248219362,22399.61,22464.027517806386,0.5751664230438075,0.18711926993865,39.18758502904275,22399.61,22414.6675,22424.98875,22389.82267649098,22404.9328403555,22411.53712214297,38.163903310176615,40.37918413094584,82.69394223061133,-0.204640450967756,-173.7599251773828,1
1678071420,-0.09638536899119046,-0.09275239358058777,-0.11068974878465021,-0.07283462701557027,-0.7561722693276228,-0.7450282063851446,-1.6556888898767417,-3.428725692581793,-8.170651553927446,4.741925861345653,22358.33333333333,22402.566666666666,22315.066666666666,22445.83333333333,22270.83333333333,22490.066666666666,22227.566666666666,22333.92935757164,22393.995000000003,22454.060642428365,0.5364441889744325,0.5069091078230622,47.17542602713849,22393.995000000003,22413.3975,22422.1025,22391.49011766065,22403.095051199954,22409.94549146269,38.36565096952926,38.979482835250856,80.8586606427105,-0.0566773885112288,-54.55052360075389,0
1678073880,-0.09320676016342283,-0.09354204335693074,-0.11579123992066953,-0.07258398608754106,-0.8729210745293041,-0.85646429119587,-1.6633098949137075,-4.229286110330577,-7.176969577340984,2.947683467010407,22394.475,22416.650000000005,22372.650000000005,22438.475,22350.475,22460.650000000005,22328.650000000005,22334.71969124033,22388.16,22441.60030875966,0.4773979528434852,0.5415416761528308,46.76113756265811,22388.16,22406.815,22419.3625,22391.86007844044,22401.18686007269,22408.293539894818,41.94656048014762,39.49203825328451,77.14018488251683,-0.2930971339263744,-60.23340815627098,1
1678076340,-0.09201230020239459,-0.10266294189715189,-0.11726891321524091,-0.08644084882285594,-0.7942085299407525,-0.7815678565943653,-1.6695653827763726,-6.85845126827553,-7.84490778822875,0.9864565199532194,22389.13333333333,22405.266666666663,22376.466666666664,22417.93333333333,22360.33333333333,22434.066666666666,22347.666666666664,22344.119285255365,22375.04,22405.96071474464,0.2763857829495358,0.3683730297435713,42.1560803990656,22375.04,22399.3375,22415.97125,22383.540052293625,22394.952885514016,22404.35129800008,42.823753462604,41.04532163742698,76.1516002480513,-0.333197054141448,-107.69727021847449,0
1678078800,-0.09597574547507762,-0.11110953276319524,-0.12414105607945833,-0.09421071759175353,-0.8280744194527514,-0.813955469250714,-1.6808614694363453,-10.738755010046589,-9.380169223999848,-1.3585857860467423,22366.266666666663,22398.233333333326,22334.933333333327,22429.566666666666,22302.966666666664,22461.53333333333,22271.633333333328,22331.68942787808,22371.345,22411.000572121924,0.3545211262168,0.1438709809410634,38.38599429284309,22371.345,22390.92,22411.01875,22370.060034862418,22385.525088147828,22398.517841047687,36.853647276084885,40.54132040627886,75.38843348569334,-0.3753242424681683,-130.16531329464502,1
1678081260,-0.1021809728206041,-0.09922929624047318,-0.11645971117297475,-0.08060449578446786,-0.7559786227618528,-0.7449307309832788,-1.6863753034353774,-10.986129679415171,-7.702035114694743,-3.2840945647204283,22344.58908852501,22376.578177050025,22311.110911474985,22410.05635410005,22279.12182294997,22442.045442625065,22245.643645899945,22336.97629050028,22374.8,22412.62370949972,0.3380920455129903,0.5234641184521389,45.73664817339506,22374.8,22387.205,22408.1175,22372.23168990828,22383.897799393675,22396.4280466622,35.00403970452468,38.22714681440454,74.06068823671545,-0.1657466574609879,-50.842749460719936,0
1678083720,-0.09934317388244289,-0.08897272161742256,-0.10484942100134456,-0.0741668492898131,-0.8419918552602549,-0.8268132798608886,-1.687486676888178,-8.74933057787348,-4.372188810522441,-4.377141767351039,22375.691666666666,22400.783333333333,22351.48333333333,22424.99166666667,22326.391666666663,22450.083333333336,22302.183333333327,22333.9829465467,22376.93,22419.8770534533,0.3838511668338713,0.8323278048753465,51.15456632059937,22376.93,22385.4625,22406.421250000003,22383.312793272187,22387.820926776643,22397.2896612658,41.06328099201355,37.640322657541056,73.36497362025305,-0.077710733223637,21.61154697401604,1
1678086180,-0.09279573298077934,-0.08904370137259836,-0.10674928666579366,-0.06756144330457667,-0.8455412455457602,-0.8302036013425832,-1.6973374035386433,-6.913099594294181,-2.028766261554514,-4.884333332739667,22402.318105464587,22436.056894535413,22371.73621092917,22466.63878907083,22337.997421858345,22500.37757814165,22307.41552732293,22331.872389225613,22379.465,22427.057610774387,0.4253239366927416,0.7711555384338302,51.11652951651275,22379.465,22383.8125,22405.05375,22390.633528848128,22390.994394635432,22398.05016971667,51.18250330679802,42.4166080011121,71.01553563331491,-0.0735891783768234,40.30947877337474,1
1678088640,-0.08955750416615998,-0.0945889947457879,-0.11188596049930224,-0.07820550404476198,-0.8087376203346394,-0.7951966419587692,-1.698113615152363,-6.642114070473326,-1.4062245901869268,-5.235889480286399,22406.600719398964,22426.174280601048,22385.70143879793,22447.073561202084,22366.127877595845,22466.647122404167,22345.22859699481,22337.76642596441,22384.015,22430.263574035587,0.4132285833045395,0.5609207972084281,48.10697395303141,22384.015,22379.527500000004,22402.870000000003,22390.305685898755,22390.74995924717,22397.250153553177,55.31565157284357,49.18714529055173,69.91442594522114,-0.1910174969352437,-9.436068904955068,1
1678091100,-0.09071117383788442,-0.08975349892436661,-0.09922018940297841,-0.07043563527586437,-0.7583041177748107,-0.7468131036299529,-1.6996481396605732,-5.267215280349774,-0.0250606400506994,-5.242154640299074,22386.61666666667,22415.93333333333,22360.333333333336,22442.21666666667,22331.016666666663,22471.53333333334,22304.733333333334,22373.31029902718,22396.050000000003,22418.789700972826,0.2030688534167667,0.6588631268422004,50.825788462366575,22396.050000000003,22383.6975,22401.475,22394.62879059917,22393.02723938405,22397.823948452875,56.35696821515975,54.285041031600464,69.91339552056259,0.1864806034458696,59.34254759962986,1
1678093560,-0.08887014095682833,-0.09272577617239622,-0.10942317167501706,-0.07466072520549492,-0.7693870549898746,-0.7575290354306174,-1.7016052898527068,-4.7980812962887285,0.3552586752082769,-5.153339971497005,22410.391666666663,22441.783333333333,22371.88333333333,22480.291666666668,22340.491666666665,22511.68333333333,22301.98333333333,22387.026319992376,22399.715,22412.403680007625,0.1132932272363688,0.3102639519199237,49.122136726376944,22399.715,22387.2575,22400.9625,22394.71919373278,22393.36774131422,22397.545477171647,54.94770442814536,55.54010807204958,68.68386726909388,0.1592178646022111,20.04942599518228,1
1678096020,-0.0894358367826642,-0.0935242984181355,-0.11262479714658857,-0.06936145987002604,-0.7688815769355397,-0.7570818689518906,-1.7437703944540592,-4.555334370928904,0.4784044804544809,-5.033738851383385,22394.0,22420.8,22368.1,22446.7,22341.3,22473.5,22315.4,22384.98139283508,22397.15,22409.31860716492,0.1086621035704998,0.3150979837292847,48.650329199911255,22397.15,22387.04,22400.21875,22394.02946248852,22393.23724289345,22397.07924125054,55.35520239065554,55.5532916779869,65.8350196070157,-0.0097120651757683,30.72612773013925,1
1678098480,-0.09011796560296251,-0.09502374574624674,-0.11466539360099605,-0.07308526794359947,-0.7767829848356913,-0.7646799164785298,-1.753464453106282,-4.650272428032622,0.3067731386806098,-4.957045566713232,22395.150000000005,22408.30000000001,22379.50000000001,22423.950000000004,22366.35000000001,22437.10000000001,22350.70000000001,22383.2569110841,22393.78,22404.30308891589,0.093982247891149,0.245559500504233,47.723397263345774,22393.78,22386.6225,22396.71875,22392.16130832568,22392.362289640096,22396.255027798103,58.642591305148166,56.31516604131637,63.51823249222896,-0.0186445522181402,20.617960215768097,1
1678100940,-0.0912087908280811,-0.09891875981157455,-0.1169522689378323,-0.07723874617950721,-0.7763639499511573,-0.7643545387029896,-1.784437220528635,-5.5471581146157405,-0.4720900383220066,-5.075068076293734,22388.341666666664,22405.08333333333,22371.683333333327,22421.741666666665,22354.941666666666,22438.48333333333,22338.28333333333,22374.410422322748,22391.340000000004,22408.26957767726,0.1512154045024193,0.0897712197905702,45.30847050824698,22391.340000000004,22387.6775,22393.5075,22387.257538883787,22389.65096425099,22394.464072769715,56.32780555699318,56.77519975093231,61.73121588564118,0.0471679133004541,-29.329934623937323,0
1678103400,-0.0937018069777535,-0.09804038534126185,-0.11719854782026107,-0.07777583388242638,-0.8548440205338377,-0.8392885676769002,-1.7907514443547006,-5.989194956073334,-0.7313015038236799,-5.257893452249654,22378.65,22397.3,22358.8,22417.15,22340.15,22435.8,22320.3,22372.89823902593,22386.67,22400.44176097408,0.1230353685838557,0.2551148319848291,45.97243274822183,22386.67,22391.36,22391.14,22384.81335925586,22387.882607114447,22393.0793991726,54.92392574587086,56.63144086933742,60.1289861795239,0.1648159834579836,-40.87495400654869,1
1678105860,-0.09450910605447603,-0.09154573774258251,-0.11209705668424175,-0.07061466451017076,-0.7862843658680662,-0.7736937264405014,-1.7951569895965727,-4.80743812295259,0.3603642634376518,-5.167802386390242,22378.74166666667,22398.983333333337,22359.68333333333,22418.041666666668,22339.44166666667,22438.283333333336,22320.38333333334,22371.82627341373,22387.335,22402.843726586263,0.1385491090052831,0.8510926554616248,50.73481249289205,22387.335,22393.525,22390.365,22389.28390617057,22389.763042184542,22393.56945639426,53.26485693323506,54.838862745366384,58.24834430955786,0.0967529659923282,50.78663994949578,0
1678108320,-0.09166527087946674,-0.08082779471088149,-0.08525265849953342,-0.06749955583323931,-0.6062626173184541,-0.6012592544885537,-1.8010512538777705,-1.4176578334991063,3.0001156423129087,-4.417773475812015,22396.341666666664,22414.183333333327,22380.383333333328,22430.141666666663,22362.541666666664,22447.983333333326,22346.58333333333,22357.559584346607,22394.49,22431.42041565339,0.3298169831363948,0.959445140267268,57.40725415278756,22394.49,22395.82,22390.64125,22402.33093744705,22396.79248906008,22396.88903197576,59.341786583738575,55.84352308761485,61.33060543030357,0.1024303211603446,189.72802277275144,0
1678110780,-0.08488411622400618,-0.07577935962392895,-0.0927465730648581,-0.06051741569529009,-0.7036692419209636,-0.6943632629920646,-1.80306839951613,2.389066414176341,5.445471911990685,-3.056405497814344,22434.74166666667,22482.283333333336,22380.88333333334,22536.141666666663,22333.34166666667,22583.68333333333,22279.48333333334,22353.18636051305,22405.335,22457.48363948695,0.4655019841207448,0.8577753932520175,60.14537957748868,22405.335,22399.557500000003,22391.685,22415.7706249647,22405.130218321883,22401.24721940664,67.50756255697125,60.03806869131498,61.27841932813892,0.1668133955061921,171.9422569131196,0
1678113240,-0.07896919627072227,-0.07155606419090857,-0.08750435113887912,-0.058798735045949006,-0.7610587972207349,-0.7491165623505123,-1.824472880108743,6.293604597805825,7.4800080764961345,-1.1864034786903102,22438.88333333333,22471.066666666666,22410.466666666664,22499.48333333333,22378.283333333333,22531.66666666666,22349.866666666665,22365.221141856066,22420.755,22476.28885814393,0.4953790195194753,0.8042738351836864,62.327228332224806,22420.755,22406.0475,22392.7875,22428.6970833098,22414.11563317245,22406.323674701245,71.67593050065959,66.17509321378982,61.95138937612904,0.2898660765130219,171.87002974906414,1
1678115700,-0.0738999839394872,-0.04981851416800554,-0.04609431619339787,-0.05031274933982584,-0.2365223727001876,-0.24477112138791848,-1.814447078254384,14.16703360665997,12.282749668280225,1.884283938379746,22449.416666666668,22487.333333333336,22416.63333333333,22520.11666666667,22378.716666666667,22558.033333333336,22345.93333333333,22370.320352401464,22447.93,22525.539647598536,0.6914637349504917,0.9372523397547246,71.09768814047874,22447.93,22417.3,22400.49875,22457.7313888732,22432.603699868367,22416.74999139636,71.51733844864697,70.23361050209262,69.29057584926274,0.5022703153891465,257.02954134712627,1
1678118160,-0.060496064184053414,-0.04561296367377782,-0.05059770147209181,-0.03760167370407213,0.23947606816484068,0.2135842363290591,-1.790243896802706,21.119526036880416,15.388193678800535,5.7313323580798805,22516.96666666667,22598.73333333334,22434.03333333334,22681.66666666667,22352.26666666667,22763.43333333334,22269.33333333334,22393.49764446344,22473.815,22554.132355536563,0.7147638755286072,0.8351392712095347,72.43475635746793,22473.815,22430.575,22408.91625,22481.03759258213,22449.884845346845,22427.311896977662,70.2928121677002,71.16202703900228,72.65553471717239,0.592768889345342,191.60451219835312,1
1678120620,-0.05169122486079618,-0.05177932990476459,-0.06280609750104738,-0.03330497208071876,-0.6025260981212383,-0.5963119936916271,-1.7884239414819307,24.93991724532316,15.36686790979462,9.573049335528538,22528.483333333337,22586.26666666668,22469.86666666668,22644.88333333333,22412.08333333334,22702.66666666667,22353.46666666668,22420.944595607783,22490.185,22559.42540439222,0.6157388602380807,0.6450742537998385,67.50370274338425,22490.185,22442.3375,22414.68875,22490.78339505476,22460.8648734656,22435.21314488455,66.202940368233,69.33769699486008,72.44442509451727,0.5252839659441826,130.23583954847743,1
1678123080,-0.05037214109505485,-0.054139406764394576,-0.070018550486454,-0.03638427491078945,-0.6771415184733016,-0.6681203794467632,-1.8010564202202073,27.118401328909385,14.036281594704676,13.082119734204708,22515.125,22547.55,22477.85,22584.825,22445.425,22617.25,22408.15,22452.019227563444,22502.38,22552.74077243656,0.4476039639945415,0.5123608112004973,65.6613035424368,22502.38,22453.8575,22420.24,22495.063930036507,22468.639441926403,22441.72855965745,64.46433315961924,66.98669523185083,71.39839473062338,0.5145516042329942,93.82182069458888,1
1678125540,-0.05089269611622228,-0.0557896860722563,-0.06892788686427108,-0.03760167370407213,-0.6914386110105966,-0.6817480667527462,-1.8111387293281065,28.145209071568388,12.050471469890944,16.094737601677444,22503.20833333333,22532.316666666666,22474.516666666663,22561.00833333333,22445.40833333333,22590.11666666667,22416.71666666666,22491.276438260527,22511.265,22531.25356173947,0.1775871923632196,0.1925741791683938,64.3389544215913,22511.265,22466.01,22426.84375,22496.36762002434,22474.154997939782,22447.180601594835,60.455443571016296,63.707572366289526,70.8913665355788,0.5430690270785894,76.57321360795979,1
1678128000,-0.05197815416872507,-0.07302002164143061,-0.06864642528435302,-0.076988105251478,-0.38326688796121555,-0.38725190546038385,-1.8029623478056371,24.75601047596865,6.929018299432965,17.826992176535686,22501.55833333333,22532.41666666666,22468.11666666666,22565.85833333333,22437.25833333333,22596.71666666666,22403.816666666666,22446.610240399903,22498.19,22549.76975960009,0.4585236376801486,0.0369792301250781,52.45982904147562,22498.19,22473.06,22432.21,22481.05341334956,22469.840452859826,22447.489591919133,52.12993648163425,59.01657107075662,78.33484035446592,0.3150144605042242,1.1300300376951746,1
1678130460,-0.061136477885353764,-0.08873316494369973,-0.08960504863630533,-0.07441008427746572,-0.18354800940887253,-0.19829797546207645,-1.7891803944017977,18.286626841509133,0.3677077319787543,17.91891910953038,22448.975,22537.250000000004,22362.150000000005,22624.075,22273.875000000004,22712.35,22187.050000000007,22394.007038109587,22473.890000000003,22553.77296189042,0.7108957273566479,0.0760047049023583,44.407511023078925,22473.890000000003,22473.8525,22433.68875,22456.08560889971,22458.26037052167,22443.55248792684,38.67025683512806,50.41854562925956,80.47729278853609,0.0353822680145543,-48.57962662617631,1
1678132920,-0.07357260071001931,-0.09429620325568452,-0.10193292060808287,-0.07702391109834006,-0.6907286383864427,-0.6825429269520541,-1.7902580084989368,11.759199471591272,-4.927775710351284,16.686975181942557,22416.759724810487,22465.61944962097,22357.290275189524,22525.08889924193,22308.43055037904,22573.94862405242,22248.961100758075,22357.2352514952,22449.93,22542.624748504804,0.8257909802373906,0.1792968266324147,41.952328514052624,22449.93,22470.057500000003,22432.93875,22434.21540593314,22445.935757699543,22438.497489076664,23.688207677436896,38.16280033139975,80.48531381904999,-0.1692049263378981,-78.83782159959488,1
1678135380,-0.08257231911044093,-0.10055129418064233,-0.11085430050973497,-0.0911672206085449,-0.5504792587662155,-0.5491277350968896,-1.7931467629002826,5.105127321694454,-9.265478288198484,14.370605609892936,22397.42152907191,22434.243058143824,22353.653470928093,22478.01111628764,22316.83194185618,22514.832645359555,22273.06388371236,22332.65684044687,22423.775,22514.89315955313,0.8126924173394593,0.2205551547037738,39.31996006502232,22423.775,22463.0775,22431.3175,22413.760270622093,22432.64743811781,22432.24534725984,17.18212190406892,26.51352880554464,81.50295523253693,-0.3110149648103183,-117.67311179645056,0
1678137840,-0.09019987875180421,-0.08838713863721323,-0.10284400724442765,-0.07086530543819998,-0.725016730875452,-0.7150621161448432,-1.7927516027139685,2.567832875800377,-9.44221818727405,12.010051063074426,22369.92743120262,22418.754862405243,22324.022568797376,22464.659724810488,22275.19513759476,22513.48715601311,22229.29027518951,22353.922601062728,22405.405,22456.88739893727,0.4595533884548909,0.5167047382746958,46.36770256784924,22405.405,22458.335,22432.19125,22411.548513748065,22428.00699482366,22429.85293323509,20.887598426522533,20.585976002676137,80.37774414449858,-0.211204410687363,-67.04828918092394,1
1678140300,-0.08793127941671497,-0.08025108420006978,-0.10002939144524457,-0.06265392429530822,-0.752027477352763,-0.7406335380838142,-1.7911820937519631,2.3794359979510773,-7.704492052098679,10.083928050049757,22407.841666666664,22437.883333333328,22377.08333333333,22468.641666666663,22347.041666666664,22498.683333333327,22316.28333333333,22363.271158710053,22401.33,22439.388841289943,0.3397909078607843,0.8773104885301485,50.50821288160324,22401.33,22449.76,22433.53,22417.71567583204,22428.378450310265,22429.871701498418,29.49844571975124,22.52272201678092,77.91268574832262,-0.3808436742198812,-44.41806548907777,1
1678142760,-0.0827287509484094,-0.08108509632339697,-0.10119042046240734,-0.057760365486971416,-0.7597601585380218,-0.7480368235966813,-1.7899985632455344,2.017251139262953,-6.453341528629444,8.470592667892397,22425.794357800653,22450.85564219934,22404.988715601303,22471.661284398688,22379.927431202617,22496.722568797377,22359.12178900327,22361.91487449605,22405.640000000003,22449.365125503955,0.3903046331544366,0.7522577093346925,50.08139063188463,22405.640000000003,22439.765,22435.17,22421.04378388803,22428.2550957084,22429.664872784284,36.05631276901016,28.81411897176133,74.41177962344227,-0.4436769924958916,-39.19560120519281,1
1678145220,-0.08054451343974317,-0.08437678246972151,-0.10326619961430408,-0.06585248687762105,-0.7872217371893562,-0.7744531477983966,-1.7879082406336049,0.9706134164844116,-5.999983401126389,6.970596817610801,22428.466666666664,22442.53333333333,22413.633333333328,22457.36666666666,22399.566666666666,22471.433333333323,22384.73333333333,22369.59254810461,22411.23,22452.86745189539,0.3715766773656684,0.5864005801565411,48.34492312281276,22411.23,22430.58,22436.45875,22420.17085592536,22426.4678055796,22428.59440870959,37.40734098517501,34.320699824645494,72.35379536462513,-0.4080358858343513,-54.83352359050132,1
1678147680,-0.08109831931472535,-0.09033908190457594,-0.10776958489299802,-0.07351493810593376,-0.7855316713538409,-0.7729492227985064,-1.7869034035690647,-1.200633955115336,-6.5369846181809095,5.3363506630655735,22415.875,22439.95,22394.35,22461.475,22370.275,22485.550000000003,22348.75,22394.70086662342,22416.985,22439.26913337657,0.1988147235373132,0.1553601672447583,45.28226532659348,22416.985,22420.38,22437.11875,22413.98890395024,22421.95093183785,22426.02589359439,34.00884744141616,35.82416706520046,71.05709569572312,-0.453260308061479,-70.89391251413285,0
1678150140,-0.08435651969399512,-0.07674645878821398,-0.07772356123671818,-0.06685505058973656,-0.6044450690880092,-0.5991778181493886,-1.7808417683037796,0.167199402807455,-4.135321008206494,4.302520411013949,22398.875,22427.35,22373.15,22453.075,22344.675000000003,22481.55,22318.950000000004,22397.705739167883,22423.545,22449.38426083212,0.230465440073062,0.8169595312038177,52.64717858465654,22423.545,22414.475,22440.2425,22422.63426930016,22425.21894423097,22427.34961801397,36.15410027939343,35.856762901994884,74.62444600317147,-0.2624564007915884,5.119096639306981,1
1678152600,-0.07918897154910079,-0.06652537404275127,-0.08345834092755344,-0.053834219989333305,-0.44187104132865906,-0.4431704429130635,-1.774231212262681,3.5343942057079403,-0.614500964244808,4.148895169952748,22446.30833333333,22503.61666666667,22382.61666666667,22567.30833333333,22325.30833333333,22624.61666666667,22261.61666666667,22386.25244843037,22431.28,22476.30755156964,0.4014710847497806,0.9158009784530632,57.30125040926379,22431.28,22416.305,22444.6825,22437.99784620011,22433.12913618897,22431.29013058407,45.79260076621345,38.65184949567436,74.1751929998157,0.0815129334968013,45.58386954773143,0
1678155060,-0.07149440186217625,-0.061539046241578195,-0.07884940755639168,-0.04607152958445823,-0.8388510216352876,-0.8233683143396725,-1.7810914188590572,7.253029516177776,2.4833074769800216,4.769722039197754,22462.59669868127,22499.82830131873,22431.49339736254,22530.93160263746,22394.26179472508,22568.163205274923,22363.15849340635,22381.852511629942,22442.295,22502.737488370058,0.5386480159008318,0.8348637778789235,59.39780076775859,22442.295,22423.9675,22448.91,22452.92356413341,22442.155656881885,22436.193451480827,61.26594623263369,47.73754909274688,73.14517578397853,0.3419820004775474,88.68596806572103,0
1678157520,-0.06515382957484477,-0.05598488039899103,-0.05963965472696642,-0.04064517068728076,-0.6133387924512103,-0.6067955437614705,-1.7758601998124937,11.332267670921285,5.250036505378823,6.08223116554246,22478.87334934064,22510.70165065936,22450.946698681262,22538.628301318728,22419.118397362538,22570.456602637456,22391.19174670317,22389.782706209928,22458.295,22526.80729379007,0.6101290751597176,0.7928671467559351,61.656235730017805,22458.295,22434.762500000004,22452.41,22468.090709422275,22452.386446539724,22442.120265625512,70.9733204213308,59.343955806726,75.00623465655154,0.4821246534519896,145.29915797884215,1
1678159980,-0.0592063228976182,-0.06710208455356298,-0.08769169477916121,-0.045013484004356945,-0.8605187618172794,-0.844248907637664,-1.7769301192839622,11.900248929807276,4.6544142114118525,7.245834718395423,22507.34166666667,22552.48333333334,22453.28333333334,22606.54166666667,22408.14166666667,22651.68333333334,22354.08333333334,22432.649199796764,22471.390000000003,22510.13080020324,0.3448011022303373,0.4446320161496581,55.05512246500066,22471.390000000003,22444.1875,22453.6325,22467.760472948183,22455.06163807796,22444.49928794689,69.95110327274924,67.39678997557127,73.10757503822664,0.4212695298095683,72.9937999646908,0
1678162440,-0.06179144708065457,-0.06789173432990465,-0.09025431661949958,-0.042507074724067485,-0.8739321583879489,-0.8570756937824637,-1.778940181903624,12.032140241706657,3.829044418648986,8.203095823057671,22466.25583733516,22482.51167467032,22450.84416266484,22497.92334934064,22434.58832532968,22514.1791866758,22419.176650659363,22451.0192350196,22476.38,22501.7407649804,0.2256659211171891,0.2731732459787254,54.60790443096253,22476.38,22449.9625,22454.14875,22466.798648632124,22456.845885700142,22446.43983195195,64.7940074906367,68.5728103949056,69.1273022499775,0.2577305209838388,65.53447155817264,0
1678164900,-0.06347885362502705,-0.06712870196175326,-0.08912275522341015,-0.040609364840420006,-0.9107004066376865,-0.892275225814128,-1.7831490693408765,12.169865454823594,3.1734157054127383,8.996449749410855,22465.419585334243,22473.839170668485,22456.455414665747,22482.80334133698,22448.035829331504,22491.222926671224,22439.071658663008,22450.236132065314,22476.04,22501.843867934687,0.2296122264837259,0.3253168861579633,54.98839092155324,22476.04,22453.66,22451.71,22466.874099088083,22458.69663375466,22448.400324147,60.43834096268537,65.06115057535712,65.28249494640762,0.164845820673615,62.84429743934155,1
1678167360,-0.06394102180793719,-0.07145846702753991,-0.09147999595522495,-0.049668244096323096,-0.8638497752799291,-0.8474725714929865,-1.784592851932777,11.165862525445846,1.735530220827993,9.430332304617853,22468.974999999995,22475.64999999999,22460.34999999999,22484.275,22453.675,22490.94999999999,22445.049999999992,22441.0455785572,22470.45,22499.854421442808,0.2617163558612024,0.234308664593325,52.3089683143006,22470.45,22456.3725,22448.06875,22462.85773272539,22457.99270034472,22449.012198037763,58.73560826744364,61.32265224025525,63.04088816452147,0.1209441895513137,25.933081042453693,1
1678169820,-0.06633709570830273,-0.0774385114011883,-0.09476039742140256,-0.05740230701835864,-0.8233995516736626,-0.808862669871395,-1.7839136523992967,8.907844702993316,-0.4179900812996298,9.325834784292946,22454.24166666667,22471.483333333337,22437.583333333336,22488.14166666667,22420.341666666667,22505.38333333334,22403.68333333333,22436.053776644705,22458.36,22480.666223355296,0.1986451669248824,0.0430647385864487,48.77401660305591,22458.36,22458.3275,22444.45375,22454.5634884836,22454.35311846386,22447.96103631988,50.58498176000156,56.586310330043545,61.83626004565167,0.0872050556629006,-25.07962842681024,0
1678172280,-0.07052530300931827,-0.07882261662713563,-0.09858690084816248,-0.05908518182083897,-0.6141816516683994,-0.6088387252904026,-1.7780032031498627,6.726117409583821,-2.0797738997673,8.805891309351122,22438.317031500115,22461.23406300023,22415.057968499885,22484.49312600046,22392.14093699977,22507.410157500573,22368.88187399954,22424.6669509678,22451.755,22478.8430490322,0.2413000590127723,0.1736568222580526,47.96605500897992,22451.755,22461.5725,22440.97625,22447.7339923224,22450.666187834067,22446.63855667037,41.455488667088765,50.258692898178005,60.27652718524798,0.1448555629334958,-51.03346423024185,0
1678174740,-0.07331149356595078,-0.08443888975550227,-0.10167408628420428,-0.06535120502156264,-0.7336088550954708,-0.7232411567646376,-1.7736936903276246,3.677742836007383,-4.102518778674991,7.780261614682374,22431.825,22452.95,22412.95,22471.825,22391.825,22492.95,22372.95,22408.572941646336,22442.43,22476.287058353664,0.3017236400306374,0.1429105011513261,44.72826941923788,22442.43,22459.405,22436.94,22437.9059948816,22444.7723355006,22443.93488460652,31.256544502616887,41.09900497656909,59.45143764523658,-0.0965912319225633,-88.29314651005744,0
1678177200,-0.0775128645595155,-0.08564554559350883,-0.10583888623390232,-0.06370413606594436,-0.7752325018834284,-0.7630027623427292,-1.7717674092468205,0.9762785081511538,-5.4431864852249765,6.41946499337613,22417.79175787503,22442.38351575006,22393.658242124973,22466.51703150012,22369.066484249943,22491.10878937515,22344.932968499885,22403.092795925662,22431.995000000003,22460.897204074343,0.2576873262885468,0.2033963230640665,44.040432407845074,22431.995000000003,22454.0175,22435.16125,22430.2206632544,22439.331910864126,22441.16489559638,27.22076788830624,33.310933686003985,57.51116615718708,-0.239777735496785,-91.5411567092874,1
1678179660,-0.08021690787189609,-0.09459786721518552,-0.10762885410303837,-0.08010321392840945,-0.657589876823588,-0.6508304563619043,-1.7681026182880746,-3.16362976590608,-7.666475807425768,4.502846041519688,22414.245878937512,22430.691757875025,22398.40412106248,22446.533515750056,22381.95824212497,22462.97939468757,22366.11648424994,22384.68580975068,22418.955,22453.22419024932,0.305716214242106,0.072064589407981,39.22136411270931,22418.955,22444.7025,22434.335,22416.68877550293,22430.29429070701,22436.256334111007,22.097537050093266,26.858283147005483,58.61751143167371,-0.4143171828210772,-143.88814145301924,1
1678182120,-0.08604531214528048,-0.09678936715626978,-0.11139340273444598,-0.08021063146899303,-0.7585283832835434,-0.7472730046705952,-1.7662575562444143,-6.863687476168707,-9.093226814150716,2.229539337982009,22388.875,22425.75,22352.75,22461.875,22315.875,22498.75,22279.75,22370.39662033316,22408.05,22445.70337966684,0.3360701146850108,0.1733360960202907,38.12166509094435,22408.05,22433.205,22433.983750000003,22405.609183668625,22421.7771469421,22431.22715943377,18.793644095727544,22.703983011375698,58.901974900839775,-0.5110357725040849,-148.3086687126018,1
1678184580,-0.0900553185500045,-0.09262817900902885,-0.10710111364069154,-0.07458911351177211,-0.7796915044896932,-0.7674255328054096,-1.7655798143994768,-8.74904679359679,-8.782868905263038,0.0338221116662491,22383.15,22414.599999999995,22352.0,22445.75,22320.55,22477.2,22289.4,22372.58543028457,22400.27,22427.954569715435,0.2471806787635588,0.4079812319213948,41.477017703156754,22400.27,22426.0125,22435.1,22402.13112244576,22416.940392952623,22427.79362044008,17.94689302359866,19.612691389806503,58.91611955077969,-0.3201347748485531,-96.23508653849976,1
1678187040,-0.08997962457946101,-0.09804925781065818,-0.11814848065248562,-0.07491136613352413,-0.8256687279765109,-0.8114085492503653,-1.7639726424193125,-11.344994443508767,-9.103053244140014,-2.241941199368754,22396.358333333334,22425.316666666666,22366.216666666667,22455.45833333333,22337.25833333333,22484.416666666664,22307.11666666667,22368.014536808867,22392.6,22417.18546319113,0.2195856058799029,0.2417172924246915,38.54466080647143,22392.6,22417.515000000003,22433.73875,22394.72074829717,22410.205776052146,22423.232323255303,16.44015259895068,17.726896572758978,56.756039582866805,-0.3782571681346927,-109.30732163224228,0
1678189500,-0.09265245130985263,-0.10281377387690367,-0.12054090408179097,-0.08941273411234175,-0.4948635997976899,-0.4961975341001308,-1.7587210390529473,-14.320509047356609,-9.662854278390284,-4.657654768966325,22380.5,22394.5,22365.9,22409.1,22351.9,22423.1,22337.300000000003,22363.431796047986,22382.925,22402.418203952013,0.1741792366459126,0.0780580749964013,36.12718995403539,22382.925,22407.46,22430.56,22385.305498864785,22402.254725860843,22417.82686389766,17.124639425689903,17.170561682746435,57.15203675551912,-0.4475447906431888,-126.214044625318,0
1678191960,-0.09637124075575561,-0.09643446838038564,-0.11410247044115994,-0.07795486311673278,-0.7119962371034255,-0.702920682558678,-1.75708570874418,-15.054652864648231,-8.317598476545525,-6.737054388102708,22360.25833333333,22394.516666666663,22332.216666666664,22422.55833333333,22297.95833333333,22456.816666666666,22269.916666666664,22363.406261192224,22381.89,22400.37373880777,0.1651669167150389,0.5692500588388633,41.42446552790916,22381.89,22400.4225,22428.3975,22385.020332576525,22399.01750297705,22414.648114955024,22.72996538465688,18.764919136432507,56.54117698726765,-0.3134070294469006,-74.3888468099198,1
1678194420,-0.09504082467418448,-0.0938259623776365,-0.11353954728132257,-0.07290623870929308,-0.7323532997443902,-0.7222243944996326,-1.7653826042148097,-14.871948985150084,-6.5079156776379,-8.364033307512184,22383.016666666663,22408.033333333333,22359.43333333333,22431.616666666665,22334.416666666668,22456.63333333333,22310.833333333336,22363.38296849596,22383.56,22403.73703150405,0.1802843828599963,0.7041925740748398,43.48831456337464,22383.56,22395.805,22427.06625,22387.280221717687,22397.705229708496,22412.472104006927,32.71526917962537,24.18995799665741,55.081092916748695,-0.2057895153194334,-49.65781792762923,1
1678196880,-0.09307129900262122,-0.10753392759616107,-0.12004834631693342,-0.10237445067612468,-0.29977621443355046,-0.3103853856925587,-1.7546020062259582,-17.640520601093158,-7.421189834864778,-10.21933076622838,22390.7,22409.300000000003,22373.2,22426.800000000003,22354.6,22445.400000000005,22337.1,22347.672828441093,22375.16,22402.647171558907,0.2456936313206877,0.1000861719642288,36.25835872124011,22375.16,22387.715,22424.64375,22375.91181447846,22389.60882430695,22406.82476076817,38.23255876353079,31.22593110927104,58.43244342269548,-0.3606121491525628,-136.89977557290487,0
1678199340,-0.09894085841021351,-0.17767079818026377,-0.1270803590408055,-0.23055938243950017,2.2638989258834936,2.1052235305531966,-1.675659978241676,-35.37355510816633,-20.12337947355036,-15.250175634615973,22344.225,22398.650000000005,22298.750000000004,22444.125000000004,22244.325,22498.550000000007,22198.85,22153.46481910012,22330.29,22507.11518089988,1.5837248947495024,0.0058961650407087,18.92345208152792,22330.29,22361.445,22410.425,22302.45787631897,22347.05267443296,22382.8938311712,39.551353146075286,36.83306036307717,85.53818792665673,-1.1718131433095835,-371.7469022705785,0
1678201800,-0.13694581114564058,-0.16162050104090314,-0.08655441830665457,-0.21297871163061186,2.6480514501135874,2.479253947882409,-1.5871912276319078,-45.25614846717508,-24.004778266047285,-21.251370201127795,22152.354288826053,22372.908577652102,21934.99571117396,22590.26715530421,21714.4414223479,22810.82144413026,21497.0828446958,22099.044141933537,22297.15,22495.255858066463,1.776961253491723,0.2567588335331658,27.46932553706764,22297.15,22340.0375,22397.027500000004,22268.56358421265,22320.456733626965,22365.549180583468,41.29360402689392,39.69250531216668,115.42831736046698,-0.95505881145757,-175.20358150364183,1
1678204260,-0.1479227412749975,-0.12603302628912139,-0.12001316361944414,-0.12665081484807095,0.4816546480317164,0.4307310963587819,-1.5591294142853995,-44.48403615907955,-18.5861327663614,-25.89790339271815,22222.19166666667,22463.483333333337,21959.483333333337,22726.19166666667,21718.19166666667,22967.483333333337,21455.483333333337,22101.44995251861,22280.47,22459.490047481388,1.6069683223144433,0.5574795959713438,42.0536434193942,22280.47,22331.18,22387.94125,22279.392389475102,22316.92823660388,22359.406401480283,52.298295080840624,44.38108408460329,120.6852232632906,-0.3956073404534336,-59.615493397562496,1
1678206720,-0.13561658723406095,-0.1416663173668184,-0.1473853022664993,-0.13592452918514247,0.02779494087409303,-0.002540983466927443,-1.5477291221415466,-46.8861243945139,-16.7905768014366,-30.0955475930773,22304.283333333336,22386.56666666668,22218.76666666668,22472.083333333336,22136.483333333337,22554.366666666672,22050.966666666674,22113.27452445898,22253.51,22393.745475541025,1.2603447774398135,0.5124433563851575,38.40071131461442,22253.51,22318.535,22375.870000000003,22271.92825965007,22306.032193585,22349.65341086312,58.062134635087226,50.5513445809406,120.34342160162709,-0.5649263183289471,-93.5587431743784,1
1678209180,-0.13728054308920862,-0.12736389669868817,-0.1319752807659722,-0.11845127591683774,-0.39695890075968987,-0.4037794977320616,-1.540270318578448,-45.0189727340221,-11.938740112755838,-33.08023262126626,22255.033333333336,22313.966666666674,22198.06666666668,22370.93333333333,22139.13333333333,22429.86666666668,22082.16666666667,22129.401268988364,22242.335,22355.268731011634,1.0154844894804007,0.7433506779048027,43.256892737713855,22242.335,22308.747500000005,22367.38,22280.385506433384,22304.444522024085,22344.66737173329,63.87934671246909,58.07992547613233,119.668891487225,-0.4370361026426451,-36.968726109743805,0
1678211640,-0.13096095632013677,-0.13222600992830102,-0.14154497448319492,-0.12117252027829566,-0.5885478283101572,-0.5867660429367825,-1.5468358971753116,-44.13594539050973,-8.844570215394775,-35.29137517511496,22299.33333333333,22353.766666666663,22242.866666666665,22410.23333333333,22188.43333333333,22464.66666666666,22131.966666666667,22194.002654890937,22267.945,22341.887345109066,0.6641146734380963,0.6058595042996556,42.0434541555932,22267.945,22299.1175,22358.31625,22281.457004288925,22300.654608928795,22338.85143156822,62.82769842704728,61.58972659153455,117.6425420952803,-0.4302968288509015,-44.80612122747209,1
1678214100,-0.13023234001609738,-0.1543628210740737,-0.1580994623805912,-0.14885043990206334,-0.48984384941997616,-0.4945820207188011,-1.5448034158390203,-47.91692458985926,-10.100439531795445,-37.81648505806382,22283.166666666668,22329.033333333336,22237.733333333337,22374.466666666667,22191.86666666667,22420.333333333336,22146.43333333333,22212.559647119742,22272.035,22331.510352880254,0.5340809933196847,0.0728482679009841,36.95989498128213,22272.035,22284.5925,22346.026250000003,22261.37966952595,22286.212861850832,22327.648914276007,60.67166877598951,62.459571305168645,118.06807480276018,-0.649409439797733,-94.907148695042,0
1678216560,-0.14093698590758572,-0.15720201128114675,-0.16871092914672386,-0.14075831851141501,-0.726656856519693,-0.7187762749426462,-1.5444697409304151,-50.971345049863885,-10.523887993440049,-40.44745705642384,22220.924025346245,22281.84805069249,22160.30097465377,22342.471101384966,22099.376949307523,22403.39512673121,22038.753898615047,22188.163157214232,22254.47,22320.77684278577,0.5958968493589721,0.1889838343437544,36.35277960899026,22254.47,22267.47,22333.94625,22245.3281130173,22272.94234151432,22316.75139863068,55.60477309708875,59.70138010004187,114.54792931823158,-0.7649283319447303,-86.95820107340582,0
1678219020,-0.14770897430179503,-0.1864190530058068,-0.1754239704293811,-0.20889684508842693,0.7134372714123901,0.6355517742506223,-1.5042441234065176,-59.35077595100665,-15.122655115666255,-44.2281208353404,22215.73701267312,22248.87402534625,22180.08798732689,22284.52305069248,22146.95097465376,22317.660063365605,22111.301949307526,22110.6628210969,22229.25,22347.8371789031,1.0669471880796764,0.0853261671720779,30.75427074641613,22229.25,22241.38,22318.5925,22207.185408678204,22247.11646123898,22299.05126542775,46.40209726993294,54.22617971433709,123.50918572476354,-1.1651586741575104,-151.52235464434045,0
1678221480,-0.16570421325451748,-0.2137462587488849,-0.19326256892494337,-0.2254033404914756,0.046417729934322506,0.005883786917269406,-1.488119024453142,-71.38194516471412,-21.723059463498984,-49.65888570121514,22118.50183966989,22244.7036793398,22004.69816033012,22358.507358679577,21878.49632066022,22484.70919834948,21764.69264132044,22020.953567888027,22180.57,22340.18643211197,1.4392455388835566,0.1032050136569328,26.624220650117376,22180.57,22211.4525,22299.58375,22156.090272452137,22211.98619555916,22275.7035258632,36.31802567347682,46.10829868016619,131.5015838519118,-1.3388478370522372,-164.47334436804326,0
1678223940,-0.18836611267236264,-0.2198061553471067,-0.2157272067062937,-0.22146469733673502,0.17688029808932276,0.1275239008879784,-1.5010596587706226,-81.3567136920974,-25.35826239270581,-55.99845129939159,22060.567586501613,22174.935173003225,21939.532413498386,22295.97034600645,21825.164826996774,22410.337932508064,21704.129653993547,21977.03427292909,22131.215,22285.395727070914,1.3933326938526795,0.1938981875582104,25.79690329963161,22131.215,22199.58,22280.5125,22116.33518163476,22180.13870545749,22252.953190066703,25.68703670222405,36.135719881877954,133.57656927337655,-0.5358702447016597,-149.63039268738405,1
1678226400,-0.20272716082285386,-0.20930115158093693,-0.21662485092640268,-0.21222678884652552,-0.4495827260839258,-0.46008824459818937,-1.5017094860470128,-85.88330768144442,-23.907885105642265,-61.97542257580216,22037.258793250807,22117.317586501613,21956.766206749195,22197.810173003225,21876.70741349839,22277.86896625403,21796.214826996777,21970.584782139107,22100.255,22229.925217860888,1.1734725944192976,0.3695537010808032,29.865482054188075,22100.255,22186.145,22263.09125,22099.69845442317,22159.463486283406,22235.18860053654,21.80136202012908,27.93547479861,133.47824289670683,-0.605159054132129,-115.31989051218,0
1678228860,-0.2046549227387763,-0.19641832601634324,-0.2149360814468931,-0.18041093253684165,-0.7231597231365148,-0.7167015892797463,-1.5277452270323446,-85.55533080493478,-18.863926583306096,-66.69140422162869,22054.875,22126.75,21994.55,22187.075,21922.675,22258.95,21862.35,22009.92136166762,22078.155,22146.388638332377,0.6181099673625643,0.6800431619981546,34.601243168815465,22078.155,22166.3125,22248.74625,22100.707302948784,22149.14739786824,22222.57301953306,24.74386789610068,24.077422206151287,127.77086840408496,-0.8893079025427248,-69.33603203158107,1
1678231320,-0.19917707172432347,-0.17397097844167195,-0.17472225821606516,-0.1748845856143506,-0.4290809214918896,-0.4376415586152243,-1.5251531870820576,-79.27779529422332,-10.069112858075712,-69.20868243614761,22098.193864979363,22124.53113502062,22076.38772995873,22146.33727004126,22050.050459917467,22172.67454008252,22028.24432489683,21993.500799064903,22085.17,22176.839200935097,0.8301425883078593,0.9407423604423532,41.95578317670442,22085.17,22157.21,22237.8725,22122.463201965857,22152.2069618922,22217.182731958485,32.52727053576785,26.357500150665885,129.14503512743218,-0.4089724581030752,-12.518593156884805,1
1678233780,-0.1852139162651637,-0.1497757543957703,-0.15794011151343582,-0.16079781308322524,-0.36903749820690745,-0.379423500086639,-1.518598061882429,-68.01758604458519,0.95287711324994,-68.97046315783513,22162.52193248969,22237.75306751032,22090.743864979373,22309.531135020632,22015.51272995874,22384.762270041265,21943.734662448427,21979.16855016541,22121.22,22263.271449834592,1.284300321904407,0.8974968229169761,48.65785845781054,22121.22,22150.895,22229.82125,22159.692134643905,22167.10569609361,22218.79866224815,42.23149502534989,33.16754448573949,131.01803985157775,-0.2832181474886996,26.97248063853681,0
1678236240,-0.1661341270419408,-0.15185191223469321,-0.16754498792814781,-0.14154910876882584,-0.8028484405088477,-0.7907641142452119,-1.518872815425737,-58.88702226159876,8.0667527169891,-66.95377497858786,22214.26096624484,22301.88903375516,22146.521932489683,22369.62806751031,22058.89386497937,22457.256135020623,21991.15483122421,22026.145308539984,22159.515,22292.88469146001,1.2037239213946247,0.7578734315383117,48.14415871187154,22159.515,22145.365,22222.24125,22182.56142309594,22178.231933167503,22219.70355155785,53.12824024426715,42.62900193512832,126.96736205023198,-0.2481645694591505,32.79115686342293,0
1678238700,-0.15763236278951648,-0.1607953613869736,-0.17074661339971933,-0.15565355080570617,-0.7040477094000462,-0.6976253074323604,-1.5142211249800968,-53.0726258816394,11.104919277558764,-64.17754515919816,22221.130483122422,22261.86951687758,22187.560966244844,22295.43903375516,22146.821932489685,22336.17806751032,22113.252415612107,22089.96971820767,22186.85,22283.730281792326,0.8733126315121604,0.5838663952012104,45.89632771272937,22186.85,22143.5525,22214.0725,22189.407615397293,22182.75339986432,22218.12226093329,59.92193684025265,51.76055736995658,125.36969333235815,-0.0815661602814426,20.395122601957013,1
1678241160,-0.15785342682597622,-0.16452179853375695,-0.18548012005938,-0.14663047739666385,-0.8329202976245288,-0.8195803515825285,-1.516423006861825,-48.749977710653184,12.34205395883599,-61.09203166948917,22196.566666666666,22252.13333333333,22147.533333333333,22301.166666666664,22091.966666666667,22356.73333333333,22042.93333333333,22155.244519968284,22204.825,22254.40548003172,0.4465739318523468,0.3767155946031392,44.95451019112077,22204.825,22141.49,22204.48,22190.471743598195,22184.54369079808,22215.691569415834,62.15643462813693,58.40220390421893,119.0949196901765,-0.0928500926812743,17.530685473226605,1
1678243620,-0.1598272697453168,-0.17885083661007875,-0.18619181759773568,-0.1745948437953228,-0.829869618493218,-0.8169641808190156,-1.5175946728983285,-48.0285299674506,10.450801361630866,-58.47933132908146,22187.5076207806,22208.8152415612,22171.292379219387,22225.030483122417,22149.984758438783,22246.338103903017,22133.76951687757,22143.47530716656,22202.075,22260.674692833432,0.5278758209170563,0.0746564735271478,41.43364132793662,22202.075,22143.6225,22192.50125,22177.722829065464,22178.667565198422,22209.64713423337,58.91760236881069,60.33199127906678,118.70242542659264,0.0963584851948953,-11.962028737736729,1
1678246080,-0.16797906526521356,-0.18601091941354084,-0.19551761937257806,-0.17269713391167402,-0.6418834066335122,-0.6395403801335502,-1.512620295412498,-48.525361166168295,7.963176130330531,-56.488537296498826,22147.341666666664,22206.58333333333,22092.983333333326,22260.941666666666,22033.74166666666,22320.18333333333,21979.383333333324,22111.89989695974,22181.655,22251.410103040256,0.6289440805048802,0.1444346159780503,39.75797875890687,22181.655,22151.4375,22181.445,22162.49855271031,22170.191644253257,22202.256930973053,56.45950808680999,59.17784836125256,116.0660532950822,0.3543590929495364,-17.289315978355358,1
1678248540,-0.17563518182801016,-0.183597607737529,-0.19931496376142652,-0.16789915043226353,-0.8430165778452059,-0.8294521953585058,-1.5120739619345402,-47.819170667542494,6.935493303165067,-54.75466397070756,22133.547738528487,22173.69547705697,22091.902261471525,22215.340954113934,22051.75452294304,22255.48869264242,22010.10904588608,22106.225660412696,22163.765,22221.304339587296,0.5192199031825123,0.28349595095547,40.6295123588334,22163.765,22161.64,22180.61,22154.61570180688,22164.493163479936,22196.218175642287,55.53091095558102,56.96934047040059,111.88990663114794,0.4629750429111172,-6.721858745307296,1
1678251000,-0.1782565244782114,-0.20003829353036034,-0.20473309917485444,-0.19367936017238374,-0.798093819115239,-0.7873290711693623,-1.5126664212799952,-50.41638129491184,3.4706261406365826,-53.887007435548426,22136.68333333333,22166.566666666666,22108.96666666666,22194.283333333333,22079.08333333333,22224.166666666664,22051.366666666658,22077.021840501795,22141.65,22206.278159498208,0.5837700397053202,0.1199412115289832,36.73092180364823,22141.65,22164.25,22175.1975,22133.918801204585,22151.40804284722,22186.342635104927,52.09698233075223,54.695800457714434,112.05491330035171,0.1182792409735704,-56.68540961025855,0
1678253460,-0.187787946040835,-0.23706310832447258,-0.21515407275511644,-0.25984856517202537,0.5602005978333054,0.48277102110192066,-1.4766430164806381,-60.198909492482926,-5.0495216455476,-55.149387846935326,22092.108333333337,22149.416666666675,22035.216666666674,22206.30833333333,21977.908333333336,22263.61666666668,21921.01666666668,21981.384484127702,22100.77,22220.15551587229,1.080374266347231,0.0285441488546605,29.796776362330164,22100.77,22152.7975,22159.555,22085.345867469725,22121.73385323863,22167.47190795208,44.31208133883333,50.646658208388885,123.29244820376825,-0.5181487802974422,-155.89798780451326,0
1678255920,-0.21106698156104559,-0.23031115911327776,-0.23823047474677458,-0.2149122273611214,-0.7326623766976155,-0.7266602560755078,-1.4763032124638327,-65.65959216018382,-8.408163450598792,-57.25142870958503,21985.86013398273,22121.72026796546,21852.339866017275,22255.240535930912,21716.479732034542,22391.10066991364,21582.95946406909,21946.18599863012,22071.77,22197.354001369884,1.13796040254029,0.2430206105238794,32.30651751172921,22071.77,22136.9225,22147.06625,22059.30557831315,22100.914061740696,22152.21029767093,37.320153778704274,44.57640581609663,120.0780019730772,-0.7161877607459181,-114.48403490866744,1
1678258380,-0.21933035742651788,-0.2302135619499091,-0.24294150864876418,-0.21480480982053782,-0.6687273253271487,-0.6664557936862459,-1.4716842017325449,-69.16771000912195,-9.533025039629528,-59.63468496949242,22012.17173365804,22048.843467316063,21970.553266341973,22090.461934632127,21933.88153268394,22127.13366829016,21892.26306536788,21929.869091806024,22046.86,22163.850908193977,1.061293156431136,0.3317817999380784,32.34416793196274,22046.86,22114.2575,22132.57625,22042.03705220877,22083.92968687875,22138.42836455941,34.94791666666658,38.86005059473474,116.115287546429,-1.0193778489395882,-112.49905640266373,1
1678260840,-0.22341324435946405,-0.2391747560409834,-0.2440321722709484,-0.22823200239351707,-0.7562344453473605,-0.7489670648190365,-1.4737053889087777,-73.14224439208556,-10.806047538074507,-62.33619685401105,22007.9,22040.0,21975.4,22072.5,21943.3,22104.6,21910.799999999992,21935.96025006305,22015.54,22095.119749936952,0.7229416124878243,0.2908387496418643,30.65807603978197,22015.54,22089.6525,22117.50875,22022.10803480585,22065.442471082613,22123.55423460137,34.48881172839492,35.58562739125528,114.89276700739836,-1.106922256762772,-119.58990186822057,0
1678263300,-0.2299355068976586,-0.23702761844688466,-0.24663569188519197,-0.22160792072418065,-0.67327118545342,-0.6710885024797356,-1.4692809912215468,-74.94004489848885,-10.083078435582236,-64.85696646290661,21985.95,22033.6,21934.6,22084.95,21886.95,22132.6,21835.6,21973.5492581116,21994.695,22015.8407418884,0.1922803829596361,0.3487875234231443,31.57843435418494,21994.695,22068.1725,22105.8625,22010.838689870565,22051.41656724941,22110.672878925056,33.028549382715966,34.1550925925925,111.9075693640129,-0.9674324756452896,-95.33738753464333,1
1678265760,-0.23212301617135178,-0.2340553411988538,-0.25219455808857955,-0.2154851209109013,-0.7984780605190287,-0.7885185660912983,-1.4683825218873656,-74.82646928500253,-7.9756022576767265,-66.8508670273258,21991.666666666668,22026.533333333336,21953.43333333333,22064.76666666667,21918.566666666666,22099.63333333334,21880.33333333333,21976.26442920034,21996.390000000003,22016.515570799667,0.1829897614987211,0.5070805445181363,32.90600856095629,21996.390000000003,22048.58,22095.035,22006.117459913712,22041.46355502224,22099.81593807505,32.19328703703718,33.23688271604937,106.78560012372606,-0.8828393248199654,-78.81786362099741,1
1678268220,-0.23173055854183705,-0.22942391217356742,-0.24660050918770268,-0.2103648848097388,-0.7356527954173913,-0.7294520472480178,-1.4728398739949473,-72.84373660452184,-4.79429566175682,-68.04944094276502,21994.891666666663,22015.88333333333,21975.68333333333,22035.091666666664,21954.69166666667,22056.08333333333,21935.483333333337,21975.62080631493,21996.89,22018.159193685064,0.1933836436429353,0.8017274700218698,35.021663171312746,21996.89,22034.33,22088.97625,22007.319973275808,22035.69290865456,22091.23584873457,35.14464732678069,33.45549458217797,102.14377154345986,-0.6432762397456689,-57.5095688912718,1
1678270680,-0.2292185004642687,-0.20588525086305218,-0.20796990734391524,-0.20519197382666277,-0.5470237874293831,-0.5509085191982125,-1.469110232402595,-65.16930232090454,2.304110897488385,-67.47341321839292,22009.30833333333,22030.41666666666,21988.61666666666,22051.10833333333,21967.50833333333,22072.21666666666,21946.816666666666,21942.60361038979,22010.6,22078.596389610208,0.6178513044642946,0.9812755528285728,44.5855719520864,22010.6,22028.73,22090.08375,22030.229982183875,22043.030561626456,22089.78957742652,43.52036821956434,36.95276752779409,104.64442268212552,-0.2530267191697109,4.448597724082971,0
1678273140,-0.2161925575667983,-0.19814845754877838,-0.21039751347070987,-0.19205071108438465,-0.7403324751478396,-0.7329700506435758,-1.4652662917727837,-56.67486745685892,8.638836609227212,-65.31370406608613,22072.83237083841,22143.0176291616,22005.86474167681,22209.985258323188,21935.67948335363,22280.170516646376,21868.71185419204,21944.655734438315,22033.72,22122.78426556168,0.8084360295191461,0.860020933174297,47.32965298629192,22033.72,22024.63,22093.135,22052.769988122585,22052.997732239823,22090.55723671923,55.55917929678511,44.7413982810434,103.8520670435731,-0.1851948046081888,31.53769220379965,1
1678275600,-0.20581099777099396,-0.20249596755335897,-0.22003757258291243,-0.18515756861939983,-0.7689607915413785,-0.7600532229372036,-1.4630829702704624,-50.35102398837262,11.970144062170816,-62.32116805054344,22090.03285208587,22140.717147914133,22047.16570417174,22183.584295828263,21996.48140834348,22234.268591656524,21953.61426042935,21969.990316745057,22053.18,22136.369683254943,0.7544461456800587,0.6948558927712469,45.95260679429923,22053.18,22023.9375,22094.09375,22063.713325415058,22058.92541728713,22090.085118936448,64.73298069963154,54.604176071993685,99.78406225474654,-0.0313454437643633,36.60776303092938,1
1678278060,-0.20279408059105566,-0.2154941352201153,-0.22366139042436037,-0.20653365919558178,-0.6144561811798491,-0.6152547990775321,-1.4589091499259133,-47.74429735080048,11.661496559794363,-59.405793910594845,22083.233333333334,22107.86666666667,22060.966666666667,22130.13333333333,22036.33333333333,22154.76666666667,22014.066666666666,22000.84851490794,22063.64,22126.43148509206,0.5691851851467901,0.3832246125529596,42.01654627612156,22063.64,22030.015,22091.40625,22058.800550276705,22057.11625050765,22086.169869513928,66.08153046006319,62.1245634854933,99.53520066512176,0.2763982499704288,2.374410958750474,1
1678280520,-0.20778502788234335,-0.22759618347776364,-0.23497708899795433,-0.21752605418199442,-0.46246267681671616,-0.4730567229258713,-1.4505312168184064,-47.87812351964385,9.222136312760796,-57.100259832404646,22047.69166666667,22096.483333333337,22000.18333333333,22143.99166666667,21951.39166666667,22192.783333333336,21903.88333333334,22005.378471093525,22064.67,22123.96152890647,0.5374340872215456,0.0800833532346142,38.693396631850376,22064.67,22030.78,22083.85125,22044.15870018447,22049.43602314262,22079.37988194117,60.20558987101477,63.67336701023652,99.1996377270558,0.0347613113420772,-34.81666383846344,1
1678282980,-0.21633182550207172,-0.23450783713810658,-0.2417101142366216,-0.23192000462022846,-0.3464365393261396,-0.3649241540120846,-1.4382947302564082,-48.99091469444102,6.487476110370906,-55.47839080481192,22015.3707731774,22062.5415463548,21967.704226822603,22110.2080927096,21920.533453645203,22157.378865887,21872.866907290405,21969.737458162486,22048.54,22127.342541837515,0.7148096140380685,0.1628281349758334,36.89847403867438,22048.54,22029.57,22071.91375,22027.905800122982,22039.611291662142,22071.38179794678,54.085540383718346,60.12422023826546,100.3925207465519,-0.0549812563898604,-70.52078831270563,1
1678285440,-0.22406122238804524,-0.23926348073495443,-0.23973988317719394,-0.24874875264502916,0.2905442911302842,0.23140328310594116,-1.4078121035251743,-50.37340447874885,4.083989060850463,-54.45739353959932,21989.1,22050.200000000004,21934.300000000003,22105.000000000004,21873.2,22166.10000000001,21818.4,21950.14153863042,22025.370000000003,22100.598461369584,0.6831073563765879,0.2117447358989887,35.6723003292164,22025.370000000003,22029.545,22059.59875,22012.603866748657,22029.13651135993,22062.86924576137,48.87285818230898,54.38799614568072,105.25734069322677,-0.0011372812155261,-100.59837217655767,1
1678287900,-0.23030386045721116,-0.19980760932603514,-0.17841644145249297,-0.21168970114360636,1.1597303423123064,1.0610059796850817,-1.3564925410446285,-42.01383488549982,9.954846923279604,-51.96868180877942,21970.83333333333,22060.666666666664,21892.166666666664,22139.33333333333,21802.33333333333,22229.166666666664,21723.666666666664,21946.72246136732,22026.885,22107.047538632683,0.7278608721358593,0.9134724344481724,50.399408398942136,22026.885,22040.0325,22054.1025,22039.460911165774,22040.77987293085,22065.75550806981,52.02403585597029,51.660811473999225,115.01038778656766,0.4769582004975539,131.92655627852912,0
1678290360,-0.2136962662126494,-0.18224899238916828,-0.18256799975628774,-0.18953231983821092,-0.4359010807571676,-0.4448579404364038,-1.34848784672358,-31.038800761041784,16.74390483819011,-47.782705599231896,22100.49166666667,22216.483333333337,21977.18333333333,22339.791666666668,21861.19166666667,22455.783333333336,21737.88333333334,21921.7132390866,22045.620000000003,22169.52676091341,1.124094136734676,0.8915444132536543,55.30347703833596,22045.620000000003,22054.63,22051.605,22073.85727411052,22059.30171421615,22073.078793015546,61.25688319228781,54.05125907685572,118.62521580390148,0.6636230248435208,145.09848836217728,1
1678292820,-0.19661272558250859,-0.1927362512165454,-0.19614852098734556,-0.18580207386290257,-0.49366436882261755,-0.5001647679492515,-1.3397073715248786,-24.44367373178102,18.671225493960705,-43.11489922574172,22133.677339990256,22220.97266000976,22055.35467998051,22299.295320019497,21968.05935996101,22386.590640039,21889.73669995127,21936.05270337129,22065.265000000003,22194.47729662872,1.1711828217672742,0.6851023518970781,51.99672206490198,22065.265000000003,22064.9675,22049.64875,22086.938182740345,22069.083220722307,22076.89033653788,68.6430377285107,60.64131892558962,118.48055753219438,0.469678744282357,97.53340164581569,1
1678295280,-0.19331484451771183,-0.20062387651056968,-0.2138102351272196,-0.18802203636830206,-0.5714576617400994,-0.5739623433416987,-1.3435177549546977,-20.77092550393718,17.87517897744364,-38.64610448138082,22114.43333333333,22172.066666666666,22055.46666666666,22231.033333333333,21997.83333333333,22288.666666666664,21938.866666666658,21975.46948342449,22084.36,22193.25051657551,0.9861324174710928,0.529915369147329,49.59482227386162,22084.36,22066.45,22047.590000000004,22088.250455160232,22073.04536240916,22078.22220924856,68.41938934266834,66.10643675448898,115.2033748513235,0.0671542236949124,53.54525071007803,1
1678297740,-0.19560991205933093,-0.22661133937468467,-0.22290795207933461,-0.22167953241790345,-0.5748971020051733,-0.5784634390280908,-1.3469864326755663,-23.49802104617993,12.118466748160714,-35.61648779434064,22088.225,22125.85000000001,22053.250000000004,22160.825000000004,22015.625,22198.450000000008,21980.65,22008.834567026195,22091.49,22174.1454329738,0.7483011148075827,0.0533263976525312,42.61086515115051,22091.49,22058.43,22041.53,22064.716970106823,22062.973478334767,22072.45342741536,56.26458576429414,64.44233761182443,117.02752682596814,-0.3629312353916652,-42.1916083931214,0
1678300200,-0.20975182113813062,-0.23474739381182938,-0.2369267622035141,-0.22508108786972486,-0.6680620871095138,-0.6662619312191251,-1.3432945357513963,-27.19562557589961,6.736689774752826,-33.93231535065244,22023.863834165448,22091.127668330897,21950.38616583455,22164.6053366618,21883.1223316691,22231.869170827245,21809.6446633382,21958.79718145076,22071.8,22184.80281854924,1.023956528685811,0.1589686833058163,40.67945292093854,22071.8,22049.3425,22036.64,22041.38631340455,22050.56466409208,22065.05072004247,44.75398677557377,56.47932062751212,116.55382857041128,-0.4114672003477379,-78.90013228723232,1
1678302660,-0.2208910044782895,-0.226016883925079,-0.2365382577056237,-0.2088252333947041,-0.7977098363650598,-0.787598960291203,-1.3441699136550518,-27.820294360426487,4.88961679218076,-32.70991115260725,21999.773583749386,22052.447167498773,21942.0514162506,22110.16933499756,21889.377832501214,22162.842918746945,21831.65566500243,21954.81322250383,22047.135,22139.45677749617,0.8374945542463489,0.3493854822002593,43.6320055934495,22047.135,22046.3775,22038.19625,22034.0325422697,22044.884725166245,22060.69588956224,37.79657720731245,46.27171658239348,112.94998367252464,-0.1344733712111235,-46.16751809113262,1
1678305120,-0.22209512489433686,-0.22116364316486375,-0.2279888622156041,-0.21820636527235923,-0.603063785472095,-0.6051357419815481,-1.338857360820225,-26.90178364333769,4.646502007415645,-31.54828565075334,22023.475,22054.450000000004,21988.35000000001,22089.575,21957.375000000004,22120.550000000003,21922.250000000007,21966.49702572008,22031.115,22095.73297427992,0.5866064816049273,0.5145857249550755,45.26299247711181,22031.115,22048.19,22039.485,22033.688361513134,22042.723866045108,22058.058185794405,39.28918708673666,40.61325035654099,113.21069912448732,0.0823306968583741,-35.19818288889332,1
1678307580,-0.22027044447638947,-0.20229190075722533,-0.2128251195975058,-0.19616469989379673,-0.5415296208425118,-0.5456658711165083,-1.3338322711904846,-21.63369936478557,7.931669028774216,-29.565368393559787,22027.4,22088.5,21971.9,22144.0,21910.8,22205.1,21855.299999999992,21969.01762104996,22030.175,22091.332378950043,0.5552146449135651,0.9578351865417885,51.17852235766723,22030.175,22057.2675,22043.41875,22051.183907675422,22050.624072218725,22060.73597762351,48.18164138467529,41.75580189290816,112.1343031937369,0.4126999281667886,46.78015196554906,1
1678310040,-0.2099217654896448,-0.22581281712894535,-0.22278182298711566,-0.236753793946501,-0.4912822515463667,-0.5000999018568182,-1.333357681413785,-22.546639609627164,5.614983027146099,-28.161622636773263,22080.01128130201,22132.163718698,22034.02256260401,22178.152437395987,21981.870125208025,22230.30487479197,21935.88140651003,21969.81073358134,22030.625,22091.43926641866,0.5520884352455714,0.4118216774484698,44.69516359902081,22030.625,22061.057500000003,22045.30125,22040.75593845029,22045.037877269864,22056.846836897465,48.23755348113588,45.23612731751598,117.21042439418432,0.1724137931034549,-53.40096341232831,0
1678312500,-0.21650846694590656,-0.23717845042663518,-0.24362459445004866,-0.22017568684972952,-0.6838699690248299,-0.6810793327406324,-1.342766307726817,-25.559665275988664,2.08156588862768,-27.641231164616343,22010.7,22106.9,21923.7,22193.9,21827.5,22290.1,21740.5,21965.0532134202,22029.255,22093.4567865798,0.5828775106539071,0.1777348248045759,41.93095298789492,22029.255,22050.527500000004,22045.28,22023.12895896686,22034.64462685716,22050.27809052628,43.84966938934281,46.75628808505136,114.38528415006412,-0.4766177790200046,-67.6026863547997,0
1678314960,-0.22548491592242606,-0.29514229299790984,-0.2525229074776624,-0.35759852710331447,1.7309649705017132,1.5550067449716178,-1.2806967414099426,-40.65779461258353,-10.413250758373746,-30.244543854209784,21995.711153658835,22030.62230731767,21952.96384634117,22073.369614635336,21918.052692682333,22108.28076829417,21875.305385364667,21812.8279543139,21990.3,22167.7720456861,1.6140939021850509,0.0330250480879574,31.29943445218429,21990.3,22018.7175,22036.67375,21956.935972644576,21996.44560379222,22028.78017714282,36.65645362490702,42.91455883179527,137.36967317422028,-1.4365940842672331,-265.2280080053432,0
1678317420,-0.25895649783201974,-0.33197191346528604,-0.2857031343290672,-0.3242990895223259,-0.4298588375393596,-0.44964085442603613,-1.2721699745721027,-60.301824211201165,-24.0458242855931,-36.25599992560807,21804.905576829417,22032.81115365884,21596.644423170583,22241.072307317667,21368.738846341166,22468.977884147083,21160.47769268233,21658.494343258968,21927.855000000003,22197.21565674104,2.4567898386872327,0.1156083028133362,26.671994251480765,21927.855000000003,21979.485,22022.22625,21878.21564842972,21946.32367583,21999.44635074827,30.559590619600858,37.02190454461692,145.3331511792136,-1.7741745842961734,-219.8951067127052,0
1678319880,-0.29410801152613475,-0.33482884861115436,-0.3205486699147845,-0.3216494568545908,-0.435052412604295,-0.4541509484331522,-1.2607282022694104,-75.64741065784983,-31.51312858579341,-44.13428207205642,21769.87778841471,21869.75557682942,21620.89721158529,22018.73615365884,21521.019423170583,22118.613942073545,21372.038846341165,21593.909653671508,21853.165,22112.42034632849,2.37270295930583,0.2291473406645664,26.346594931598737,21853.165,21941.67,22004.06,21823.052098953147,21903.85118931545,21972.13955543891,27.16192537621124,31.4593232069064,145.1248319965598,-1.7117927651122984,-179.14980291753113,1
1678322340,-0.31311230673071083,-0.3367453020009279,-0.339387541281607,-0.3367953300769124,-0.6311169743645717,-0.6359298904570587,-1.2564665215289097,-87.23899649887244,-34.48377154145281,-52.75522495741963,21736.64722754069,21795.894455081376,21653.477772459315,21879.06391016275,21594.230544918628,21938.31113770344,21511.06108983725,21575.345959165046,21790.65,22005.95404083496,1.976113983152914,0.3064945746562303,26.116420348684034,21790.65,21910.6375,21984.53375,21784.476399302097,21868.11915489446,21946.919121587584,21.24545389618508,26.32232329733242,144.12811837616496,-1.409437428608415,-144.6203469454943,0
1678324800,-0.32357272851071095,-0.3310669215867818,-0.3425789079398453,-0.31635019151912186,-0.6579288240728515,-0.6605287069076881,-1.2520205144726289,-94.050193422765,-33.03597477227629,-61.01421865048872,21702.898613770343,21770.697227540688,21639.526386229656,21834.06945508137,21571.72777245931,21901.86806885172,21508.355544918624,21650.184751157805,21737.74,21825.2952488422,0.8055598129538425,0.4176805491925361,28.1202030288415,21737.74,21883.4975,21966.42,21764.09259953473,21841.792944913646,21925.62444334115,22.01413524836737,23.47383817358793,138.4761099207246,-1.2339322269316748,-104.97677123630532,1
1678327260,-0.32596360850378137,-0.32602735896922685,-0.33103898316319497,-0.31212510158949136,-0.7907960973032392,-0.7833111560731224,-1.2529303160878116,-97.1820406603074,-28.93425760785493,-68.24778305245246,21724.24166666667,21756.283333333336,21691.283333333336,21789.24166666667,21659.24166666667,21821.283333333336,21626.283333333336,21699.708764284176,21720.335,21740.961235715826,0.1899255763396189,0.9167023066359942,29.936339819068035,21720.335,21855.3175,21950.8475,21755.23673302316,21822.83513674753,21907.71021064199,24.765952236133,22.67518046022852,134.72781635495858,-1.2797849162042854,-79.32399236537907,1
1678329720,-0.32463914232929025,-0.3184236526959096,-0.3342054259372759,-0.30145738322198457,-0.7890931948936668,-0.7816792932179075,-1.2515480421786196,-96.81916267649648,-22.857103699235225,-73.96205897726126,21743.841666666667,21783.68333333333,21697.68333333333,21829.841666666667,21657.841666666667,21869.68333333333,21611.68333333333,21690.754299014927,21727.97,21765.18570098508,0.3425603126760057,0.9162221747808046,32.69932346283473,21727.97,21827.9125,21938.05125,21756.474488682103,21811.219657338886,21893.54257153323,28.97210372129572,25.25073040193206,128.47631303218444,-1.2438160940407537,-62.1490747563215,0
1678332180,-0.3201748677128724,-0.315273926059938,-0.32579676123721596,-0.29695358598060234,-0.7571420221139155,-0.7519009339530844,-1.2492381171390072,-94.72352707463506,-16.609174477899032,-78.11435259673603,21757.914410054625,21782.03558994537,21734.82882010925,21805.121179890742,21710.707640218505,21829.24235978149,21687.62205027313,21694.447260975343,21738.99,21783.53273902466,0.4097958463080268,0.8236778948869332,33.86281548545054,21738.99,21796.077500000003,21926.6725,21760.25799245474,21803.329719640908,21881.56946948245,32.380085003035965,28.706046986821587,123.48003245260436,-1.4413994274698927,-47.6109404645358,0
1678334640,-0.31636778904777174,-0.32415526792643884,-0.3421567155699676,-0.3062529427042412,-0.8148144989760049,-0.8057090616806063,-1.249396909644093,-93.99847323186988,-12.707296508107063,-81.2911767237628,21773.03220502732,21799.69279497269,21741.164410054625,21831.560589945377,21714.50382010925,21858.221179890752,21682.63602513656,21714.586196850927,21746.085,21777.58380314907,0.2896963122242192,0.4478551616000586,32.1737884925452,21746.085,21768.3675,21914.7125,21754.438661636494,21792.32431606983,21868.35332953174,32.70036429872497,31.350851007685577,118.04753013456111,-1.258407168061627,-57.0398379244756,1
1678337100,-0.31890514069620374,-0.324989280049766,-0.34162897510762075,-0.30141915337796865,-0.8656030482218002,-0.852765277286129,-1.2522006954302225,-92.54666781965352,-9.004392876712572,-83.54227494294095,21740.533333333336,21760.66666666667,21722.66666666667,21778.533333333336,21702.533333333336,21798.66666666667,21684.66666666667,21725.92524645398,21749.51,21773.094753546025,0.2168761829211179,0.3079267611950751,32.01231210393832,21749.51,21743.625,21897.07625,21749.77577442433,21782.89262223895,21856.17206005253,31.577109896782044,32.21918639951436,111.47270655352104,-1.125279273235814,-49.66506298890788,0
1678339560,-0.32059084324590503,-0.3269323508477324,-0.3446898697892326,-0.3041045918925645,-0.8898591223622863,-0.8752804131795785,-1.2553487032315795,-90.79130269248344,-5.799222199633988,-84.99208049284945,21744.75,21755.6,21729.6,21770.75,21718.75,21781.6,21703.6,21724.315976830625,21749.0,21773.68402316937,0.2269899597165386,0.2159093575677321,31.614213955030724,21749.0,21734.667500000003,21876.6925,21744.84218294956,21774.180327286413,21844.629482904667,29.582574377656226,31.286682857721104,105.2817989425552,-0.4104322884091738,-50.353967083907335,0
1678342020,-0.32240527806205044,-0.33224696001659676,-0.34764521637837537,-0.3180330663216022,-0.8024598846837265,-0.7943617830713678,-1.2562261246708655,-89.57594479863474,-3.667091444628227,-85.90885335400651,21737.525,21748.65,21723.85,21762.325,21712.725,21773.45,21699.050000000003,21710.22350939812,21741.21,21772.19649060188,0.285048445802947,0.1577540794711029,30.497096095690523,21741.21,21734.590000000004,21857.0375,21736.561455299707,21764.32935868888,21832.76000834232,28.67012979002033,29.94327135481956,101.71167044665832,-0.0035680126514889,-66.5831895561635,0
1678344480,-0.3259699317314698,-0.3327172008946435,-0.3476803990758646,-0.31355733546394243,-0.7989583972713793,-0.7911572127674308,-1.2568055815762582,-87.70863083851145,-1.439821987603949,-86.2688088509075,21716.766666666663,21746.033333333333,21690.733333333334,21772.066666666666,21661.466666666667,21801.33333333333,21635.43333333333,21711.05215211064,21731.38,21751.70784788936,0.187082899377355,0.1874976616031478,30.39475525315293,21731.38,21735.185,21838.4275,21730.59930353314,21756.028566199988,21821.89476945257,28.9798825720968,29.07752891325781,97.49655112903991,0.0274032854006152,-65.79318864651671,0
1678346940,-0.3279873906560811,-0.351464728730723,-0.35413314429524906,-0.3493631823252205,-0.5595097707091362,-0.5703977706531237,-1.2511390510443257,-89.46006712799863,-2.5530066216728926,-86.90706050632573,21720.45833333333,21740.916666666664,21698.216666666664,21763.158333333333,21677.75833333333,21783.616666666665,21655.516666666663,21663.10498700197,21715.99,21768.87501299803,0.4870605760826688,0.0259526550378905,26.56702183832986,21715.99,21731.0375,21820.8375,21709.01620235543,21739.632463254533,21807.033362838043,26.17841753939477,27.94280996717066,99.4153204848697,-0.1910645369708252,-210.09448732354457,0
1678349400,-0.3383703485327883,-0.35633571442973216,-0.3644257231960084,-0.34789514260390864,-0.4825606132792005,-0.49960054959581024,-1.2414110610138185,-90.90765889750764,-3.200478712945525,-87.70718018456212,21663.403107370217,21726.806214740434,21602.446892629778,21787.76242948088,21539.04378525956,21851.16553685109,21478.08757051912,21632.49967812621,21698.325,21764.1503218738,0.6067318272151591,0.1490712184546481,25.662740444625072,21698.325,21723.917500000003,21803.7075,21690.05246823696,21723.72201539007,21792.280185424894,22.473201882921344,25.877167331471,98.81455909704536,-0.327758296669597,-193.22277979648013,1
1678351860,-0.3459974410061651,-0.35129615181217727,-0.3641107188035961,-0.33342958047195176,-0.6829409566676993,-0.6843092562096039,-1.238710635384233,-89.87306374373293,-1.7327068473366296,-88.1403568963963,21650.44322035177,21696.786440703552,21605.781779648223,21741.447881407104,21559.438559296446,21787.79110175888,21514.77711859289,21626.94481873595,21684.595,21742.24518126405,0.5317155451974331,0.3415442970047298,28.37894281650461,21684.595,21716.7975,21786.0575,21682.14331215797,21713.28619441005,21780.284453479668,22.296967715901346,23.649529046072512,95.4349477329707,-0.3275441891383712,-120.5468905570644,1
1678354320,-0.34729108107182655,-0.3624222284361455,-0.3732688047726566,-0.3540895541109095,-0.5802277760983031,-0.590270317285906,-1.2380303292763053,-90.53914373728549,-1.919029472711344,-88.62011426457414,21668.941666666666,21693.38333333333,21641.88333333333,21720.441666666666,21617.441666666666,21744.88333333333,21590.38333333333,21611.60993569345,21667.59,21723.57006430655,0.5167170350421995,0.2086909384258654,26.11061142426049,21667.59,21704.4,21766.156250000004,21666.42054143865,21699.04779542641,21766.445457910177,22.869581408707216,22.54658366917666,94.55887398517535,-0.5697655447528588,-155.224661679632,0
1678356780,-0.3535012150808324,-0.366033323480765,-0.3772690476647775,-0.37310245879424764,-0.17159539996732645,-0.2141699043143415,-1.2241269187853874,-90.84089707995736,-1.7766262523065706,-89.06427082765079,21630.58163842128,21674.36327684256,21591.19336157872,21713.75155368512,21547.41172315744,21757.53319210639,21508.023446314884,21615.636534095865,21648.815,21681.993465904136,0.3065153072270868,0.1380935744681087,25.40096493062904,21648.815,21690.0975,21743.0875,21652.54702762577,21685.54819625797,21752.95541429968,28.61760202915137,24.594717051253337,96.7260972719484,-0.6570477298489757,-150.92557592577262,1
1678359240,-0.3584119190776032,-0.3556702792249494,-0.3700917773768601,-0.3412710609345722,-0.527016546233148,-0.5406330983705457,-1.218011253569163,-87.71274488883137,1.0812207510555396,-88.7939656398869,21605.7,21677.7,21552.800000000003,21730.6,21480.800000000003,21802.6,21427.900000000005,21616.988296183208,21646.445,21675.90170381679,0.2721620461631603,0.6282390597228605,31.1814422713895,21646.445,21681.2175,21724.792500000003,21653.03135175052,21679.8121605747,21743.53108912828,33.34611467500892,28.27776603762253,93.8456617525236,-0.4084110602130327,-68.33185091286667,1
1678361700,-0.3556854921890897,-0.35720521643064856,-0.37213237383126757,-0.33693855346435675,-0.8370177582871019,-0.8268064643959913,-1.2337025602740024,-84.60735220474453,3.3492907481139014,-87.95664295285843,21651.866666666665,21681.13333333333,21624.73333333333,21708.266666666663,21595.466666666664,21737.533333333333,21568.33333333333,21616.81270428141,21645.955,21675.09729571859,0.2692632015412541,0.5638247589675061,30.800745091750585,21645.955,21672.14,21707.8825,21651.91256783368,21674.332676833845,21734.59241397321,40.23783185840694,34.067182854189106,89.89240019877191,-0.4175396553429273,-57.83521292502552,0
1678364160,-0.35508978537790986,-0.36659228905278407,-0.38099962486720085,-0.3459616268733991,-0.6704640924911827,-0.6734315701196447,-1.2574798456397331,-83.3201373986376,3.709204443376677,-87.02934184201428,21652.525,21670.349999999995,21631.849999999995,21691.025,21614.025,21708.849999999995,21593.349999999995,21612.16699253529,21637.335,21662.503007464704,0.2326350030140469,0.2196838085059323,28.50839729092393,21637.335,21660.965,21697.81625,21642.35004522245,21665.04037195496,21723.985993594808,40.04424778760995,37.876064773675296,86.341157327431,-0.5141482794436156,-82.51857443537169,0
1678366620,-0.3594857008613069,-0.3664414570730323,-0.3655180267031876,-0.36404357953834454,-0.3990032188259925,-0.42303122820243433,-1.2521616700181963,-81.32821540070654,4.5609011530461885,-85.88911655375273,21626.90718573466,21644.31437146932,21605.81781426533,21665.403742938648,21588.41062853068,21682.81092867331,21567.321257061347,21607.5331991738,21635.07,21662.6068008262,0.2545570763228182,0.2926411264678638,28.600349741850994,21635.07,21651.33,21692.96,21636.11669681497,21657.51484978133,21714.43018468102,38.513343453074434,39.5984743663638,89.67393180404306,-0.4436003683241185,-78.87764101765187,1
1678369080,-0.3616082388760577,-0.3302683993410425,-0.31696590416727954,-0.33875377050770367,0.15405980349565399,0.09157155097476885,-1.230441878010577,-70.71000625246234,12.143288241032325,-82.85329449349466,21624.88333333333,21690.76666666667,21557.76666666667,21757.88333333333,21491.88333333333,21823.76666666667,21424.76666666667,21580.378991424008,21655.225,21730.07100857599,0.6912512668512169,0.9699649409398782,46.40424845524348,21655.225,21652.02,21693.6025,21665.936131209983,21669.88942254836,21715.49159566377,45.84446344294651,41.46735156121033,98.00793667518276,0.0317698938816546,91.38637448577224,0
1678371540,-0.3445820827790737,-0.31554897261124865,-0.3165788944948924,-0.321576880318437,-0.2824840459148388,-0.31154638326625983,-1.2197556485019359,-58.27653747531804,19.66140561454131,-77.93794308985935,21728.401796433667,21827.173203566334,21626.80359286733,21928.771407132663,21528.032185734668,22027.542814265333,21426.43398216833,21561.3887007897,21677.835,21794.2812992103,1.0743351373446648,0.8830735738491761,51.683856159445455,21677.835,21662.14,21696.588750000003,21699.64075413999,21687.55498208502,21720.40191988628,60.99534871279453,48.45105186960519,101.9714630090624,0.467094528947633,135.35340987518197,1
1678374000,-0.3287089266711928,-0.32868909978835786,-0.32530420347235967,-0.3219717094763428,-0.2834340451875282,-0.31320585170557386,-1.2171469560910075,-50.824656952197984,21.69062891012909,-72.51528586232708,21758.584231550165,21839.56576844983,21686.06846310033,21912.081536899663,21605.086926200667,21993.063073799327,21532.57115775084,21575.282028363865,21693.905,21812.527971636133,1.0936064450926104,0.6522470711271577,47.21266573048492,21693.905,21669.93,21696.92375,21709.768836093328,21695.276803524102,21721.318403706628,69.74471273631637,58.86150829735251,103.95921565127216,0.3597799292217344,101.73108952084203,0
1678376460,-0.32734273777093137,-0.353354564712305,-0.3532392652792509,-0.3593888194463784,-0.2746262368896289,-0.3077279629356206,-1.2195268851226637,-49.95125019531042,18.05122853361333,-68.00247872892375,21737.608333333334,21798.716666666667,21668.916666666668,21867.408333333333,21607.80833333333,21928.516666666663,21539.11666666667,21597.71340763504,21701.365,21805.01659236496,0.9552541267792176,0.3029938611256562,40.18506122030014,21701.365,21669.35,21693.07375,21693.35422406222,21688.95829379245,21715.52855573457,62.37390719569647,64.3713228816025,107.82105739046712,-0.0267696529060617,-28.655073144111817,0
1678378920,-0.3389929869043454,-0.40131026180364815,-0.36504294178073066,-0.4270976758610547,1.1828879613394863,1.0244728327726644,-1.1705681530170984,-59.47691441489951,6.820451451219384,-66.2973658661189,21653.141666666663,21734.283333333333,21579.38333333333,21808.041666666668,21498.241666666665,21889.18333333333,21424.48333333333,21511.01523257258,21681.715000000004,21852.414767427428,1.5745965430080078,0.0421347013068953,30.63674157059409,21681.715000000004,21658.3925,21681.39625,21637.36948270815,21659.220422193823,21697.42107423604,46.81740486567103,59.64534159922798,122.29457735052776,-0.5064715813168127,-206.88875008576727,0
1678381380,-0.36879714818654813,-0.424573876562854,-0.3945876712509533,-0.4109850447734796,-0.03009669887408737,-0.08895412726793754,-1.1569702427798096,-71.49130188705385,-4.155148816747953,-67.3361530703059,21533.88344561044,21684.86689122088,21374.416554389565,21844.33378244176,21223.433108779125,21995.3172280522,21063.96621755825,21392.601465233736,21628.57,21864.538534766263,2.1820077311284423,0.1424947076797225,27.25368527980568,21628.57,21641.8975,21665.9975,21578.19632180544,21622.971254522217,21674.79525764213,30.535701049734367,46.57567103703398,126.5217624266085,-0.7627816211017181,-196.2569071046159,1
1678383840,-0.39533161259601596,-0.43419163338931344,-0.4208911650883426,-0.43203888272791213,-0.10888516035521102,-0.1626074465791112,-1.1408703531293367,-82.25139119558662,-11.932190500224578,-70.31920069536204,21499.04172280522,21570.18344561044,21388.708277194783,21680.51689122088,21317.566554389563,21751.6586140261,21207.233108779124,21331.19943494996,21561.71,21792.22056505004,2.1381473459204976,0.2202731250691143,25.976571027157146,21561.71,21619.7725,21650.495,21529.71421453696,21588.38557188181,21651.74332834288,20.913191003552416,32.7554323063193,129.30682112526722,-1.021751177611527,-194.1644682429089,1
1678386300,-0.4134079615074256,-0.5369614464159609,-0.4388101675169015,-0.6175489753161932,5.211767055101585,4.603796920909758,-0.9850328040332311,-112.84432280546024,-34.020097688078565,-78.82422511738169,21445.48752806928,21521.87505613856,21356.362471930723,21611.000112277103,21279.974943861445,21687.387640346384,21190.84988772289,21104.478942213736,21444.34,21784.201057786264,3.169704059777673,0.0569292316664866,16.876247140855355,21444.34,21569.1225,21620.63125,21400.867809691303,21507.43819517603,21603.308249453083,20.2521548581545,23.90034897048045,165.26214048088525,-2.339527036779998,-275.27215693006826,0
1678388760,-0.47383358874306775,-0.6256417780400069,-0.49870981685921034,-0.6297945749427506,0.8427384874220403,0.6650618476073547,-0.9431585476252944,-155.46021711170397,-61.30879359545781,-94.15142351624615,21159.285430701308,21467.57086140261,20834.88956929869,21791.966722805228,20526.604138597388,22100.25215350653,20202.20827719477,20814.6058353117,21290.895,21767.1841646883,4.47411125448977,0.0826117519803359,12.731478500881284,21290.895,21496.13,21578.5475,21231.678539794208,21395.776705144024,21535.68841617184,17.043312389789772,19.402886083832257,188.9311408788192,-3.375652799247086,-229.73207331131664,1
1678391220,-0.5483887653528127,-0.6808995174451676,-0.5726160242066692,-0.7364959985893592,2.2936500167628813,1.9303390222165029,-0.8626535100015804,-199.49762470648784,-84.27696095219335,-115.22066375429448,21007.842715350653,21198.885430701303,20702.257284649342,21504.470861402613,20511.21456929869,21695.513576753267,20205.629138597385,20560.21637039583,21133.335,21706.45362960417,5.423835183648682,0.1547529782155934,10.930121132012752,21133.335,21407.525,21529.4275,21066.98569319614,21276.108213299656,21459.679995584043,18.008632577658037,18.434699941867464,217.19063603218785,-4.097596844196067,-210.2114803741878,1
1678393680,-0.6132965924484508,-0.792009451705091,-0.6369588578761991,-0.912983017768598,6.645675144283642,5.6612337570844815,-0.6684715926546342,-256.7010337940701,-113.18429603182048,-143.51673776224962,20786.588024341992,21054.376048683986,20469.811975658005,21371.152097367973,20202.02395131601,21638.94012170997,19885.247902632025,20238.08327868143,20926.27,21614.45672131857,6.577251668057124,0.135458673891111,8.36670119120061,20926.27,21277.42,21464.72,20852.83212879743,21121.274901790624,21361.09380552842,15.432401635155829,16.828115534201242,265.5757360665307,-5.988564169187693,-200.23720128472056,0
1678396140,-0.7013082260310722,-0.8402224504089496,-0.7242043897940404,-0.8435196748577186,1.593922644587952,1.271692940170806,-0.61102691801889,-309.4301886770045,-132.73076073180388,-176.6994279452006,20456.969012171,20888.038024342,19993.45598782901,21351.551048683985,19562.38697565801,21782.62006085498,19098.87395131601,20077.63239521778,20697.455,21317.277604782223,5.98936057386979,0.17024435955863,7.540319874098963,20697.455,21129.5825,21395.86125,20664.77975253162,20969.89310146506,21258.95868119238,17.77053881393789,17.07052434225061,278.9348633658139,-6.791802288321094,-155.16089053250644,0
1678398600,-0.7694217367191432,-0.8315451753385836,-0.7866549156559552,-0.854583681537854,0.9203909734618437,0.6878257727455409,-0.575430189718408,-345.265507304066,-134.8528634870923,-210.41264381697368,20393.69283941884,20567.485678837664,20114.882160581168,20846.29635767533,19941.089321162337,21020.08919709416,19662.27864232468,20048.56057759761,20531.445,21014.32942240239,4.703852285140074,0.2739417654913776,9.27710870601003,20531.445,20987.8925,21328.91125,20547.56150168775,20850.480719380503,21168.87928298358,17.516526331339094,16.906488926810965,280.8680874111129,-6.520471099319956,-129.86160917762618,1
1678401060,-0.7991396395363062,-0.8233647585544547,-0.8211842248692048,-0.8223942252095645,-0.2680448791559715,-0.3416668487516895,-0.5605146808475198,-367.5682155468712,-125.724457383918,-241.8437581629532,20332.375,20475.75,20169.75,20638.375,20026.375,20781.75,19863.75,20089.4624280117,20420.02,20750.577571988302,3.237583234377849,0.373176403892862,10.974898268944804,20420.02,20855.4575,21262.40375,20477.0993344585,20756.970588584045,21089.57411317562,15.88512814831224,17.05739776452977,269.23159042204213,-6.114117732603445,-106.71611934028996,0
1678403520,-0.8099081798714958,-0.8204812060003961,-0.831859029906659,-0.8097905671143957,-0.38945295407860114,-0.44692295102475826,-0.5546644088202981,-380.20488763970206,-110.68890358139907,-269.515984058303,20337.310709854708,20395.72141970941,20277.764290145293,20455.26783941883,20219.353580290583,20513.678549273536,20159.80716058117,20249.600010904865,20341.36,20433.119989095136,0.9022011221976808,0.5160200542142096,11.60287311750094,20341.36,20737.3475,21197.87,20432.832889639,20681.93957247785,21018.595626206512,16.912253489917905,16.77130265652311,253.74476716204347,-5.487006048668095,-90.31953262663804,0
1678405980,-0.8138506023179911,-0.8689515063167715,-0.8285926910637833,-0.9170290784639236,0.9338961280288894,0.6862924600030675,-0.5077752651763597,-396.6674667706684,-101.72118616989236,-294.94628060077605,20341.63868826069,20369.177376521373,20316.761311739312,20394.054753042747,20289.222623478625,20421.59344130344,20264.34524695725,20199.7500432636,20298.0,20396.249956736407,0.9680752461957494,0.0405850394306078,10.289048195724456,20298.0,20612.135,21127.01625,20357.796926426003,20595.71874111824,20941.36985228208,15.20155010240954,15.999643913546592,261.42014093618326,-5.834733234388871,-93.60518018812662,1
1678408440,-0.8400581646192666,-0.9236591526193096,-0.8617465726048038,-0.9401238496894478,1.3080487883119087,0.9979293584687768,-0.45075878664785335,-417.3419379784573,-97.91652590214494,-319.42541207631234,20199.375,20384.15,20022.95,20560.575,19838.175,20745.349999999995,19661.75,20030.673775851275,20250.98,20471.286224148724,2.1757586462356304,0.0519758900076857,9.044243539371193,20250.98,20474.2175,21046.995000000003,20256.389617617337,20497.14715182401,20856.81796158855,11.413491951558925,14.509098514628818,266.42345345470704,-6.434895195436887,-94.90700087333428,0
1678410900,-0.8805171243800279,-0.9381745125529711,-0.9018533553275274,-1.0052188792832513,2.7392257977445733,2.2046733889732137,-0.3553840129232968,-432.04653008737296,-90.09689440884848,-341.9496356785245,20095.080505398502,20240.061010797013,19908.594494601497,20426.547021594022,19763.61398920299,20571.52752699253,19577.12797840598,19914.424057072807,20190.89,20467.35594292719,2.738521609767498,0.1776908611001441,8.742037506106332,20190.89,20361.1675,20965.145,20175.15141174489,20409.061306037827,20776.42339381821,9.765671415598575,12.12690448985571,275.9125466434967,-5.346879075635519,-98.21088843424114,1
1678413360,-0.9080046438656922,-0.9079814991946283,-0.9109553858873776,-0.9085072869109383,-0.17225668739671773,-0.26708872312112053,-0.3373122682981222,-431.857005043501,-71.92589549198118,-359.9311095515198,19982.84858603259,20197.39717206518,19798.126413967417,20382.11934413035,19583.577827934827,20596.66793016294,19398.85565586965,19903.639052088816,20143.205,20382.77094791118,2.3786279086290576,0.4051305070768021,15.097057988526348,20143.205,20281.6125,20888.871250000004,20149.350941163266,20352.459250394582,20711.787832502192,12.137526684585254,11.105563350580946,265.4205790261041,-3.807679973962959,-76.06441010953498,1
1678415820,-0.9066511488549944,-0.921955638495066,-0.925309926463211,-0.9281288909909198,-0.17392168975617467,-0.27005339240350534,-0.3203410199355891,-429.9280950513639,-55.99758839987527,-373.9305066514887,20092.61666666667,20146.833333333336,20043.533333333336,20195.916666666668,19989.31666666667,20250.13333333333,19940.233333333337,19952.915190175045,20086.02,20219.12480982496,1.3253477774587077,0.3961532643472614,14.590623436732225,20086.02,20213.69,20810.6075,20119.025627442177,20298.98938668648,20649.55803893056,15.67051313229635,12.524570410826756,254.8405376670969,-3.2753308000925787,-80.44963738760102,0
1678418280,-0.9129618172288139,-0.9166232843874065,-0.9136644535940915,-0.9043538086750306,-0.5322531705274213,-0.5757038766630749,-0.3182001792958425,-422.31879981477687,-38.7106345306305,-383.6081652841464,20047.625,20111.65,19994.35,20164.925000000003,19930.325,20228.950000000004,19877.05,20003.408220734145,20059.155,20114.90177926585,0.5558238047998887,0.6277652286607351,15.75198982908746,20059.155,20178.577500000003,20727.99875,20103.81708496145,20257.97313456166,20594.68584474669,17.367733087458642,15.058590968113444,242.63764211944712,-1.7191342271117689,-72.0640057698512,0
1678420740,-0.9134508422453201,-0.954535346121229,-0.9345003999990956,-0.9691623914939439,0.24229853858934114,0.0811463741495661,-0.2926991303329733,-420.06600383380646,-29.166270839728043,-390.8997329940784,20085.8,20121.6,20037.6,20169.8,20001.8,20205.6,19953.6,19948.328026386906,20041.755,20135.18197361309,0.932323278206842,0.09765366953157,14.266640747803669,20041.755,20146.3675,20637.975,20058.069723307635,20204.99165555045,20534.865764294624,15.6803444062855,16.239530208680193,240.0048005309949,-1.5875851922316373,-95.26233059774188,0
1678423200,-0.9326523249451235,-0.9807889830672584,-0.9535347424327345,-0.9794744753899917,0.014225127180577989,-0.11621503385463855,-0.27207012620497084,-419.41505537197736,-22.81225790231912,-396.60279746965824,19970.11761996037,20071.235239920738,19865.45738003962,20175.895479841485,19764.33976007925,20277.01309980185,19659.679520158505,19864.30280568753,20017.74,20171.177194312462,1.533012161337573,0.0922110002052127,13.329300583494469,20017.74,20104.315,20546.10375,20002.91314887176,20148.19317272309,20473.697596266564,13.309605559402945,15.452561017715723,235.7527740602492,-2.070213224208493,-103.78911767003358,1
1678425660,-0.9553805352388044,-0.9506403320559011,-0.9417050634934532,-0.9501494868106057,-0.20909851193498746,-0.30196813888271057,-0.2603507762651531,-407.348756088526,-8.596766895094163,-398.7519891934318,19917.825476646853,19995.450953293705,19814.97452335315,20098.301906587407,19737.3490467063,20175.92738323426,19634.4980934126,19861.782620559447,19993.7,20125.617379440555,1.3195894650870446,0.4387874438209291,19.842338864596645,19993.7,20068.4525,20461.955,19994.458765914504,20117.167141318896,20426.445444241173,13.434625424635248,14.141525130107928,230.46329019880284,-1.7634830542125055,-74.17627617821044,0
1678428120,-0.9516695679047512,-0.9538699109164462,-0.9530690747826546,-0.9537300714967336,-0.024139286664157378,-0.14572272006561807,-0.24116074611282817,-393.9788776631649,3.818489224213579,-397.7973668873785,19984.65,20047.2,19915.0,20116.85,19852.45,20179.4,19782.8,19860.51031433814,19975.715,20090.919685661866,1.1534474301606898,0.4684691644343226,19.671802041838458,19975.715,20030.8675,20384.1075,19985.789177276336,20090.127661079096,20382.82683050392,16.535703540629253,14.426644841555843,221.8516266131741,-1.8474462134356973,-74.94488233898096,1
1678430580,-0.9514289536853523,-0.978828167330498,-0.9721479290693311,-1.002032158912597,1.607953162374897,1.232987436619108,-0.17877015049929412,-384.62408541921104,10.53862517453399,-395.162710593745,19967.516666666663,20022.93333333333,19913.033333333333,20077.416666666668,19857.616666666665,20132.833333333336,19803.13333333333,19866.23563168948,19940.66,20015.08436831052,0.7464584252529218,0.2142401006177725,18.358638526094715,19940.66,19999.9075,20306.02125,19956.567784850893,20055.21808633744,20336.66475140831,19.38723408076847,16.45252101534435,219.6657961408046,-1.5320873576812757,-111.3215081683309,1
1678433040,-0.9637883931585731,-0.9593530970038564,-0.9481786798315734,-0.952978148712646,0.06929224710601871,-0.0657268891479136,-0.15538428028955634,-368.53415889851385,21.30284135618496,-389.8370002546988,19881.03235124753,19984.86470249505,19794.29264875248,20071.604404990096,19690.46029750496,20175.43675623762,19603.720595009912,19866.572369402427,19937.945,20009.31763059757,0.7159477127414328,0.6054675992320252,22.695059049035205,19937.945,19989.85,20232.03375,19955.37852323393,20036.63297973063,20300.125251274185,23.128422966699542,19.683786862699115,213.81645355931863,-0.5015315224342828,-56.66351209908853,1
1678435500,-0.9602300952096129,-0.9726972909770991,-0.9736509528141808,-0.9652953600329262,-0.2651922521472045,-0.3522051994849728,-0.14938282941450065,-354.7277018364475,28.08743873460105,-382.8151405710486,19967.7,20021.2,19899.5,20089.4,19846.0,20142.9,19777.8,19881.083795205388,19942.505,20003.926204794607,0.61598284462869,0.2793514463723545,21.83909829874657,19942.505,19980.1225,20170.645,19942.05234882262,20014.590619779607,20263.484751152835,23.821252442627927,22.11230316336534,204.5224211622245,-0.4860669550672152,-78.8360788597082,0
1678437960,-0.9651233738429225,-0.9712333335265771,-0.97041414464512,-0.9633976501492786,-0.2888395268330705,-0.3720892919018696,-0.13832548928427907,-339.53913631105024,34.620803407998665,-374.1599397190489,19919.56666666667,19959.33333333334,19875.63333333334,20003.26666666667,19835.86666666667,20043.03333333334,19791.93333333333,19879.19117098201,19930.9,19982.608829018,0.5188810241182554,0.3900091124086184,22.18583672755778,19930.9,19962.3,20121.95625,19934.54323254841,19997.30596163786,20230.72667961447,26.163918416911297,24.37119794207962,196.1708196506372,-0.8867908099165257,-70.77452029732558,1
1678440420,-0.966837998162712,-0.978437778677026,-0.9848742333134238,-0.9816944378953912,0.4159113220099524,0.2241165686726463,-0.1083206419686685,-325.3892443887453,39.01655626424292,-364.4058006529882,19925.775,19966.450000000004,19878.85,20013.375000000004,19838.175,20054.050000000007,19791.25,19877.284289692027,19917.055,19956.82571030797,0.3993633627860523,0.275840060915043,21.676209613032785,19917.055,19946.385,20080.0375,19922.77048836561,19979.47305952189,20199.15509107976,24.871728747914347,24.95229986915122,189.1300468184487,-0.7934341640337338,-105.99409262675164,1
1678442880,-0.9712977113980905,-1.029019726709911,-0.9918437381871935,-1.080482769385658,3.28066575927086,2.6302285116136632,-0.014761533111628165,-321.9645228611444,33.95302223347511,-355.91754509461947,19888.275,19942.55,19844.95,19985.875,19790.675,20040.15,19747.35,19752.146980715628,19888.77,20025.393019284373,1.3738709762782946,0.0166627092133564,18.468544132134937,19888.77,19914.715,20046.64625,19867.41365891041,19938.968866881543,20157.01651097693,27.66228104915238,26.232642737992705,200.88436725494904,-1.5777098050155962,-217.635329298341,0
1678445340,-0.9988197952711009,-1.067960994893798,-1.0191262547051276,-1.0751118923564662,0.8261315478539765,0.5541445877690012,-0.052331262106004674,-324.36521656047626,25.24186282731461,-349.60707938779086,19742.196844309816,19926.29368861964,19572.60315569018,20095.88737723927,19388.506311380363,20279.984221549086,19218.912622760727,19610.41734378808,19827.565,20044.71265621192,2.1903613097414323,0.084176953253043,16.450278990026543,19827.565,19882.755,20014.56125,19793.934105940272,19885.87907290308,20108.441128979124,24.44086386749466,25.65829122152049,205.1887171985048,-1.600675128308196,-201.0893731440765,0
1678447800,-1.0320524361242207,-1.0486456290163033,-1.031174663209985,-1.0621501757926832,0.17150725456776786,0.008783076032028582,-0.11704485603715183,-318.2080367914532,25.11923407707013,-343.3272708685233,19684.773422154907,19796.446844309816,19535.301577845086,19945.91868861964,19423.628155690178,20057.592110774545,19274.15631138036,19569.3866338666,19784.765,20000.1433661334,2.177214297297965,0.3064684919460225,21.05845151867404,19784.765,19863.635,19983.975,19763.089403960184,19852.33742328433,20069.675307171587,24.232397798310284,25.445180904985804,204.1538088271831,-0.9611614369162256,-149.83604472255826,1
1678450260,-1.039010595046687,-1.0019498225793497,-0.9760433762434861,-1.0221532307038048,1.8618430690761383,1.4462480519884837,-0.0809796999262369,-299.2617217383304,35.25243930415439,-334.5141610424848,19703.56666666667,19797.83333333334,19607.13333333334,19894.26666666667,19512.86666666667,19988.53333333334,19416.43333333333,19587.12071762896,19767.455,19947.789282371043,1.8245574088424084,0.6816626299185603,30.970792602099632,19767.455,19849.1775,19958.815,19786.38460264012,19848.816982687185,20047.13242077429,29.280395094755544,25.98455225352019,207.80710819667,-0.7236873390380739,-41.486295570602245,0
1678452720,-1.0191406143351847,-0.9411911521479862,-0.8942084218822387,-1.002107339264763,2.1011166991792125,1.6673918127214074,-0.02680255154467986,-267.35037265980645,53.73103070614269,-321.08140336594914,19836.893355538727,19952.78164446128,19717.08671107745,20072.588288922547,19601.198422154903,20188.476577845093,19481.391777693632,19540.0570908774,19788.445,20036.8329091226,2.510433832699849,0.9342602680662652,41.2991256095126,19788.445,19852.75,19941.808750000004,19858.98140176008,19877.06389492588,20043.04123784341,47.76112564907324,33.75797284737972,222.4144552320444,0.1789072261492431,86.22300618507516,0
1678455180,-0.9788247833822642,-0.9098358452986225,-0.8531853966091446,-0.9614345886319866,2.916991476176639,2.3900251413453595,0.05979297111416957,-232.25401229731503,71.06191285490729,-303.31592515222235,19990.1550111027,20203.31998889731,19791.0100222054,20402.46497779461,19577.845044410788,20615.629955589226,19378.700055513487,19513.82421094733,19855.61,20197.39578905266,3.4427125538088714,0.8465840412157963,45.80562229464218,19855.61,19872.19,19936.04875,19936.82926784005,19916.238641303,20047.753977096418,63.28896198194811,46.776827575259,236.19324295446663,0.9769764739140068,152.06169962011927,1
1678457640,-0.9429884376093101,-0.9824570073139127,-0.9430068233005756,-1.0438891938934314,2.3088659048129667,1.8273216932067693,0.1355041399732153,-218.43345631761983,67.905975067682,-286.33943138530185,20096.335838884683,20302.08916111532,19886.771677769364,20511.65332223064,19681.018355538727,20717.40664446128,19471.454194423408,19632.60942995913,19903.795,20174.98057004087,2.724963455872278,0.4706934996622329,38.44419426295584,19903.795,19865.68,19927.765000000003,19920.51951189337,19911.086161066083,20032.52978880152,62.07998221342253,57.71002328148133,250.195511314862,-0.3262667268079915,-17.45663479863661,0
1678460100,-0.9613826450218715,-0.9893952783824486,-0.9723491930070584,-1.0038582571025227,0.7736300425428353,0.5261577785489375,0.1685194750252386,-206.6756593954342,63.7310175918941,-270.4066769873283,19866.266666666663,20072.233333333334,19681.93333333333,20256.566666666666,19475.966666666667,20462.533333333333,19291.63333333333,19744.01115446593,19937.185,20130.358845534065,1.9378246781987265,0.3218314704827376,37.8188426563477,19937.185,19860.975,19920.54875,19903.12967459558,19903.31594996316,20016.89361843947,52.352456093429645,59.24046676293346,246.26011764951488,-0.2362493346857352,-9.688691023668031,1
1678462560,-0.9740490561678404,-0.9632481110691842,-0.947932400949146,-0.9732442580361301,0.20726448342181894,0.05106510703599179,0.19292340307356737,-189.23122409292048,64.9403623155263,-254.1715864084468,19869.216666666667,19966.333333333336,19771.233333333334,20064.31666666667,19674.116666666665,20161.43333333333,19576.13333333333,19795.45787455616,19958.995000000003,20122.53212544385,1.6387310627999745,0.4481157567312503,41.66960312132797,19958.995000000003,19863.225,19912.7625,19916.094783063723,19910.353959060765,20009.763273826185,45.64388874030495,53.35877568238573,241.4558235316924,0.1129545006720792,53.16910744126805,0
1678465020,-0.9673080302513609,-0.9214499077394301,-0.8556481854334298,-0.9498158766491063,1.1467210441953068,0.8664116256585386,0.20424536945690897,-164.01229359559147,72.12743425028424,-236.1397278458757,19945.408333333333,20033.216666666667,19854.216666666667,20124.408333333333,19766.408333333333,20212.216666666667,19675.216666666667,19789.16237678825,19970.120000000003,20151.07762321176,1.8122837840909376,0.7477928213476249,47.2891976620331,19970.120000000003,19879.2825,19912.83375,19963.99652204249,19937.52596650426,20014.52867631893,53.30636533832584,50.434236724020174,251.05671329436584,0.8069409738319174,137.75493285404593,0
1678467480,-0.9430373800189898,-0.950107983892075,-0.9429364579055958,-0.9820524963640039,0.35581761446399357,0.1755261155666489,0.2123301751009221,-148.82638174046951,69.85067688432497,-218.67705862479448,20093.910573263627,20264.789426736374,19888.921146527253,20469.778853472748,19718.042293054503,20640.65770694549,19513.05286631813,19810.44756390768,19947.425000000003,20084.40243609233,1.3733846458109684,0.6154387207929619,44.14867571318335,19947.425000000003,19901.5175,19908.11625,19969.01434802832,19945.075790776213,20011.149754764745,58.2408397967372,52.39703129178936,249.3240909161971,1.1254409896389506,42.13831647306148,1
1678469940,-0.9452318030232546,-0.9510129757705793,-0.9330149372134752,-0.9565945392456358,0.007110048438802415,-0.11856647453076699,0.207893976054997,-135.4359792130599,66.59286352938767,-202.0288427424476,19954.283333333336,20075.56666666668,19857.76666666668,20172.083333333336,19736.483333333337,20293.366666666672,19639.966666666674,19841.255822109262,19965.145,20089.03417789073,1.241054626858303,0.5458272473565619,44.049190130415646,19965.145,19934.47,19908.6125,19971.50956535221,19950.789283362355,20007.84977812048,59.777569760185465,57.1082582984162,244.00808442218312,1.6772302097396747,58.4197070955931,0
1678472400,-0.946781532887086,-0.9775150418597265,-0.9675409619777574,-0.9839502062476515,-0.08663377158846891,-0.20143800908061188,0.21737805120342177,-129.3584731962801,58.136295636934,-187.4947688332141,19986.533333333333,20068.966666666667,19894.066666666666,20161.43333333333,19811.63333333333,20243.86666666667,19719.166666666664,19867.526258822498,19971.84,20076.153741177503,1.0446082201489937,0.1644018361834972,41.12649258752691,19971.84,19954.5125,19909.073750000003,19948.28137690148,19941.88668638738,19997.752180204247,52.735802799322414,56.91807078541506,237.51939731873145,1.017313490411845,4.216623571985822,0
1678474860,-0.9608080874895245,-0.9717035744046238,-0.9648200957442444,-0.972098470936569,-0.1727754676978221,-0.273085494055713,0.23175992384539446,-121.81645596722228,52.54265029279347,-174.35910626001575,19903.46382165795,19979.227643315902,19826.061178342043,20056.63028663181,19750.29735668409,20132.39410828976,19672.894713368183,19855.80421318494,19967.075,20078.34578681506,1.114542684044218,0.2803781145125121,42.03474067144099,19967.075,19963.035,19906.10625,19938.25425126765,19937.58001613513,19990.17578208956,50.02340197913884,54.1789248462156,229.6822975102505,0.4297136460868941,15.340503801483653,1
1678477320,-0.9649154870759159,-0.9465146337862469,-0.9353018125503114,-0.9474021520735999,-0.11891582637136291,-0.2243132273087819,0.23986472490379898,-108.85742302744984,52.40134658605274,-161.25876961350258,19922.53333333333,19984.26666666666,19856.46666666666,20050.33333333333,19794.73333333333,20112.06666666666,19728.66666666666,19881.567137922106,19952.95,20024.332862077896,0.7155118624353288,0.7537373743887745,45.92843869163575,19952.95,19961.535,19907.1425,19955.22783417844,19946.96092229238,19990.0804695096,50.29940354150941,51.01953610665692,224.2978476880897,-0.0749843470175419,57.506660517713655,0
1678479780,-0.9543740924685038,-0.9514477267710368,-0.9517321322780429,-0.94413410453791,-0.41714439566529254,-0.4796769767609423,0.23860766265027328,-98.57262601734328,50.14891487692745,-148.72154089427073,19997.149288747823,20064.525711252183,19921.798577495647,20139.87642250436,19854.422154991287,20207.25284500872,19779.07144373911,19881.86016227053,19952.195,20022.52983772947,0.7050335838184367,0.6640723199559672,45.28684420444433,19952.195,19949.81,19911.0,19961.910222785627,19952.10893642104,19988.670424794404,52.4902348672951,50.93768012931448,214.4837157103689,-0.5835503501924223,35.98034851810403,1
1678482240,-0.951570063881506,-0.9692104105040387,-0.9721029141246296,-0.9754642205415283,0.6891648467183045,0.45808997089741,0.2775948699785941,-93.3839944451247,44.27003715931684,-137.65403160444154,19979.991666666665,20021.08333333333,19934.18333333333,20066.891666666663,19893.091666666667,20107.983333333326,19847.283333333333,19873.854409759308,19941.94,20010.02559024069,0.6828381816482357,0.377250091091885,42.95974650642044,19941.94,19953.542500000003,19909.61125,19949.68181519042,19947.220947980848,19982.628003385413,50.11719623125848,50.96894488002104,208.0116645881997,0.1876769291880846,-43.601010961671584,0
1678484700,-0.9590498315499698,-0.9343416057734227,-0.9031096443471549,-0.952369449316004,0.850461023816083,0.6077999375797282,0.3182151210141703,-80.41701535640823,45.78961299842666,-126.20662835483488,19914.841666666667,19978.283333333333,19861.783333333333,20031.341666666667,19798.341666666667,20094.783333333333,19745.283333333333,19886.90472800751,19966.27,20045.63527199249,0.7949934764228902,0.8603906252939633,48.5489504571412,19966.27,19969.055,19915.015,19974.27954346028,19961.08532107524,19986.518193539185,49.9422224641477,50.84988452090045,210.8751171176139,0.780764381541497,77.07957775223537,1
1678487160,-0.945354449095237,-0.9074314060920082,-0.9024059903973591,-0.9276679384631823,0.35396482653657385,0.18411801305941525,0.3492291453574561,-63.2925500834026,50.33126261714584,-113.62381270054844,20034.45833333333,20153.016666666663,19904.916666666664,20282.55833333333,19786.358333333334,20401.11666666666,19656.816666666666,19886.903246440303,20002.49,20118.0767535597,1.1557236480028137,0.9187763606925624,52.423535679656254,20002.49,19984.7825,19924.00375,20015.95302897352,19986.21526269792,19997.259317964024,55.09603469640615,51.71848446393747,208.7492254206265,0.7886611314547937,113.10698553823632,0
1678489620,-0.9250509912891274,-0.8823223176982047,-0.8830555067779755,-0.9071847323178015,0.13119345430457713,-0.0032629905144516743,0.374342303259954,-43.510788971125294,56.09041898353853,-99.60120795466382,20083.39578888007,20181.904211119927,20000.791577760137,20264.50842223986,19902.28315552028,20363.01684447972,19819.678944400348,19864.17996740838,20038.665,20213.15003259162,1.7414836027411955,0.8764936110809782,55.770432906446224,20038.665,19995.807500000003,19937.545,20067.318685982347,20019.639760389207,20013.715573396024,68.02522787740571,57.68782834598655,206.6175890820028,0.5496066760386443,164.26413856148395,0
1678492080,-0.9023440960762039,-0.8737958746075892,-0.8778132848519966,-0.8864508852443915,0.20671698075708775,0.06165508332769103,0.39651674334391407,-25.599884521663625,59.201058746400165,-84.80094326806379,20144.38122777337,20246.66877222664,20067.76245554674,20323.287544453266,19965.474911093475,20425.57508890653,19888.85613886685,19885.213293961708,20082.425,20279.63670603829,1.9640228312894643,0.7830714318203883,56.87974355827829,20082.425,20017.31,19959.41375,20109.5707906549,20051.35525850026,20030.892661644026,75.97445594446144,66.36523950609113,201.5663327190027,1.0762523743621517,154.9868246703174,1
1678494540,-0.8867272156698167,-0.8488908530099206,-0.8464655013885956,-0.8685216728637887,0.804895294223643,0.5823531327493708,0.43957767474791687,-5.677382351612323,63.298848733161165,-68.97623108477349,20176.658333333336,20253.31666666668,20117.41666666667,20312.55833333333,20040.75833333333,20389.216666666674,19981.51666666667,19985.36284924344,20150.230000000003,20315.097150756566,1.6363798403945085,0.8457935661433081,60.03290889316486,20150.230000000003,20046.085,19990.277500000004,20161.13052710327,20090.0633933184,20053.11717005888,82.5695469243942,75.52307691542048,199.6634931797863,1.440442519960954,166.2426341412647,1
1678497000,-0.866465647610863,-0.7802711746927243,-0.7216724733923158,-0.8480807273192655,3.137921921932765,2.6357118767314636,0.5424281406636469,25.4200467827759,75.51702229403952,-50.096975511263615,20246.441140276675,20342.80885972332,20167.88228055335,20421.367719446647,20071.514561106706,20517.73543889329,19992.955701383376,19992.60777788722,20237.055,20481.50222211278,2.4158378984766298,0.9511096466832544,67.15868786700216,20237.055,20101.6625,20028.0875,20259.953684735512,20156.888230896868,20091.639344338982,80.60583841100375,79.71661375995315,219.1545500658721,2.792583092254091,220.86973179362195,0
1678499460,-0.82202332427378,-0.75960719346687,-0.7216021079973359,-0.8032449520938649,1.681144545898178,1.3705232812512596,0.571719082293162,54.13917163982842,83.38891772087362,-29.24974608104521,20448.15390347168,20689.146096528333,20216.607806943342,20920.69219305666,19975.615613886686,21161.68438611332,19744.06951735836,20039.31806256233,20320.360000000004,20601.40193743768,2.7661117956342545,0.8477505915702446,68.95378702580027,20320.360000000004,20161.425,20062.230000000003,20345.24412315701,20222.149461642894,20132.03797821146,80.82094968878933,81.33211167472912,228.32344968920256,3.000396622184736,183.2958876138908,1
1678501920,-0.7894696600131218,-0.8002697207137947,-0.7781758855609168,-0.8051716128692903,1.2472974317520598,0.9824882809309425,0.6234566265996411,66.88305383108673,76.90623992970555,-10.023186098618822,20509.3686184025,20686.356381597496,20338.837236805,20856.887763195,20161.84947361,21033.875526389995,19991.318092012498,20126.61646515072,20366.6,20606.58353484928,2.356638170821655,0.5721924527483998,61.79578453397583,20366.6,20202.6325,20082.08375,20363.91274877134,20254.713195889643,20157.6772183818,73.99369724828915,78.47349511602744,225.736060425688,2.0614907818856807,114.12945066609674,0
1678504380,-0.7935250989775375,-0.8067909857206655,-0.8042462644008495,-0.8051000011755675,0.7291755122194711,0.5262626470451054,0.6599846711008834,74.63956490593046,67.73020080363942,6.909364102291033,20415.783333333333,20504.566666666666,20312.466666666667,20607.88333333333,20223.68333333333,20696.666666666664,20120.36666666667,20236.167174353992,20404.36,20572.552825646,1.6485969238535794,0.4361298559630113,60.707362679403545,20404.36,20243.3925,20096.60125,20370.233499180897,20278.015342091523,20179.12462615496,71.06508644293187,75.29324446000349,218.02634182385307,2.040522596059371,85.75502355137948,1
1678506840,-0.7988136125366916,-0.8117595685830433,-0.8097347652092559,-0.8247574111024097,1.4092775042831744,1.1137042776039572,0.716570804800206,78.74920104826742,57.47186955678112,21.27733149148631,20385.025,20442.849999999995,20325.05,20502.825,20267.225,20560.65,20207.25,20316.47276448025,20425.285,20534.09723551974,1.0654660193945371,0.2407920178711876,59.842526802745226,20425.285,20287.7575,20120.65,20369.7806661206,20294.535279893065,20197.19609033068,64.96921088570437,70.00933152564183,213.6744602650066,2.2265746058074702,63.9583845753478,1
1678509300,-0.8039422838510837,-0.8128597547882837,-0.8113179865962964,-0.8133711518005236,1.4357448351862725,1.1368404994606651,0.7716806657909488,80.82428120481927,47.63755977066637,33.1867214341529,20356.858333333334,20441.416666666668,20284.316666666666,20513.958333333336,20199.75833333333,20598.51666666667,20127.216666666664,20295.16690429885,20406.92,20518.67309570115,1.095247060322162,0.3159111399024184,59.63992292821048,20406.92,20321.9875,20145.52125,20368.4454440804,20307.487956276145,20213.2512245849,63.23014991291179,66.42148241384938,207.0405702460777,1.7094934820254872,57.08940543172142,1
1678511760,-0.8070567398695613,-0.8008553036940039,-0.8042462644008495,-0.7881458671709213,1.7517247670234972,1.418122814347086,0.8383190042144947,84.22727242485416,40.83244079256101,43.39483163229316,20364.925,20425.75,20304.95,20485.725,20244.125,20546.550000000003,20184.15,20353.975488240205,20383.675,20413.3745117598,0.291404879245714,0.7681020504444399,61.18413822736172,20383.675,20352.0175,20168.4,20378.8302960536,20324.23560058957,20230.998727005383,63.57071011868819,63.92335697243481,197.91088665707207,1.4940818834486738,64.24932928082383,0
1678514220,-0.8026114449045062,-0.833683440463286,-0.8126549291009094,-0.8494992512835523,0.963244723743519,0.7261868951800046,0.8827122213367041,78.55466130180139,28.12786373560658,50.42679756619481,20406.38339432508,20438.21660567492,20367.76678865015,20476.833211349844,20335.933577300308,20508.666422699687,20297.316971625383,20302.33367783549,20364.845,20427.356322164505,0.6139140481011064,0.0381236710364692,54.988111539038485,20364.845,20365.7225,20180.765,20354.92019736907,20321.12003684601,20238.246467290584,61.08529470931376,62.62871824697127,199.33868046728105,0.6794727826653658,17.82868914904579,1
1678516680,-0.8168036791698619,-0.8708679597065451,-0.8386945069866327,-0.8761029955014816,2.0449107662663546,1.652998835522458,0.9504410349414244,64.85697838429041,11.544144654476485,53.31283372981393,20310.466666666667,20417.733333333334,20199.833333333336,20528.366666666665,20092.56666666667,20635.63333333333,19981.93333333333,20188.87052059681,20328.735,20468.59947940319,1.3760273760584685,0.0480982714860877,48.9422402521811,20328.735,20366.5475,20191.92875,20304.05513157938,20299.52093923765,20234.82537516767,52.88699127715589,59.18099870171931,200.68502798703287,0.0408535671973091,-37.00847298261252,0
1678519140,-0.8424929772229166,-0.9379083384710567,-0.8641601912604137,-0.9837353711664844,3.62970299249849,2.977524471124152,1.0646326981576946,38.31711879497016,-11.996571947875026,50.31369074284518,20226.104181914605,20323.30836382921,20105.1208180854,20444.29172765841,20007.9166361708,20541.495909573016,19886.9332723416,19979.087534835864,20257.645,20536.20246516413,2.750146575913763,0.0616344371598628,40.33226871209135,20257.645,20341.465000000004,20193.775,20207.17842105292,20247.503495739893,20213.739625151706,38.077230999154814,50.68317232854152,218.23654547880943,-1.2377709513058568,-140.50275986920693,0
1678521600,-0.888859476651339,-0.9743386978155633,-0.9101230911764057,-1.0048966266614991,2.0096765182287992,1.5798170291051061,1.1372401674165957,8.898515198830864,-33.13214043521146,42.030655634042326,20038.81042429064,20249.32084858128,19802.91457570937,20485.21669716254,19592.404151418734,20695.72712145318,19356.50830283747,19804.19276673527,20166.645,20529.09723326473,3.594571464561726,0.1470293510191815,36.56760594527466,20166.645,20286.7825,20194.2225,20108.37728070195,20186.28013287809,20184.88585132773,24.92480318222877,38.62967515284653,229.4243376900342,-2.67296750351946,-172.12306728799396,1
1678524060,-0.930258808651181,-0.9193914948393037,-0.8863274976445256,-0.9236889659801207,2.0667057558465642,1.652746809464327,1.2073005463787139,-1.9009436323140108,-35.14527941308507,33.24433578077106,19941.346878811983,20113.49375762397,19738.628121188016,20316.212515247946,19566.48124237603,20488.359394059928,19363.76248475206,19820.06596326112,20099.845,20379.62403673888,2.783892480154791,0.4387999179653342,44.91871756343623,20099.845,20241.76,20201.5925,20094.118187134634,20164.338290536623,20173.52529405842,23.27687306173571,28.75963574770645,234.53152785503173,-2.1945254456011503,-91.88672738337893,0
1678526520,-0.9234835117687616,-0.9213789279842544,-0.9119053187196021,-0.9362210123815681,0.8027991401885084,0.5649393616188844,1.2403626009907522,-10.787118572585314,-35.225163482685105,24.438044910099787,20091.1,20186.2,19970.5,20306.8,19875.4,20401.9,19754.8,19862.240635616294,20050.425,20238.609364383705,1.877110977784317,0.5254404770326121,44.68954073822843,20050.425,20207.635,20205.13375,20082.74545808976,20145.36769225724,20162.71336129096,26.67453607115392,24.958737438372832,230.4935615796724,-1.6726916242877274,-98.72721175135683,0
1678528980,-0.9210896291414772,-0.9093034971347963,-0.9047984138266646,-0.9043538086750306,0.30351203987748493,0.1412431338226201,1.257346149479956,-14.912046305591502,-31.48007297255303,16.56802666696153,20053.33333333333,20145.666666666664,19967.666666666664,20231.33333333333,19875.33333333333,20323.666666666664,19789.666666666664,19899.929397007345,20028.765000000003,20157.60060299266,1.2865057130847366,0.7532685006477493,46.4763725652244,20028.765000000003,20178.75,20211.07125,20086.505305393173,20136.032657301374,20156.171612596576,33.38183082610432,27.777746652998008,221.8297357525529,-1.4171209900467845,-66.95856097189507,0
1678531440,-0.9138546732173293,-0.9179718997357672,-0.9210528200669471,-0.9187477591132647,0.3871518900977177,0.20955597393960168,1.2598705643244341,-19.92232249178778,-29.192279326999447,9.269956835211667,20101.075,20152.15,20042.95,20210.275,19991.875,20261.35,19933.75,19908.70088728978,20040.0,20171.29911271022,1.3103703863295546,0.6127197259334345,45.343928702372985,20040.0,20148.8225,20218.29,20080.87020359545,20123.953992337487,20147.926697111187,33.52823835145113,31.194868416236485,213.3561831987992,-1.4692760400365823,-70.66562781287567,1
1678533900,-0.9145716113276022,-0.9228606303735704,-0.9242192628410281,-0.9308859411992371,0.6053518828811082,0.39664974619801396,1.2453843207224302,-24.71957793690672,-27.19162781769471,2.4720498807879903,20064.13333333333,20118.46666666667,20015.26666666667,20167.333333333336,19960.93333333333,20221.66666666667,19912.06666666667,20042.28546822645,20069.01,20095.73453177354,0.2663263586349628,0.2533165386820632,44.68267916379638,20069.01,20117.8275,20219.9075,20072.521802396965,20111.56690282158,20139.15510691012,35.62499889264537,34.178356023400305,207.2664558274563,-1.5219160576997472,-67.81499956845087,1
1678536360,-0.9173745668268135,-0.9174129341637495,-0.9137348189890713,-0.9092950155418867,-0.09896614738959672,-0.20486903211852095,1.2541886338045,-26.97190538892756,-23.55516421577244,-3.4167411731551183,20045.24166666667,20114.583333333336,19986.483333333337,20173.341666666667,19917.14166666667,20242.68333333333,19858.38333333334,20043.59812686132,20070.125,20096.65187313869,0.2643418826607798,0.519791250829107,45.634103478541775,20070.125,20084.985,20218.50125,20072.072868264644,20104.222920490385,20132.68081101392,38.63048549732621,35.92790758047427,199.43313755406643,-1.6099580383929062,-44.96051318761855,1
1678538820,-0.9160520614971782,-0.9149818775489423,-0.9140162805689894,-0.911586589741009,-0.020472658569583684,-0.13786016079903687,1.2665534186704328,-27.88273851642225,-19.572797874613705,-8.309940641808545,20080.391666666663,20124.58333333333,20026.983333333334,20177.991666666665,19982.791666666668,20222.18333333333,19929.38333333333,20048.83810576676,20073.730000000003,20098.621894233245,0.2480046731050188,0.5862730646320694,46.07979209461685,20073.730000000003,20062.0775,20213.9,20074.05691217643,20099.459662219404,20127.47549567926,42.86784421869513,39.04110953622227,192.5593420144903,-1.128053734900587,-38.68684770551002,1
1678541280,-0.9141752202921113,-0.9035363920266791,-0.9103220973325616,-0.8986248731772261,0.16922867073537975,0.026233387594411014,1.2859079993948068,-25.705952636068105,-13.916809595407647,-11.789143040660456,20080.275,20130.750000000004,20027.550000000003,20183.475,19977.075,20233.950000000004,19924.35,20040.699476319634,20076.98,20113.260523680365,0.3614141537259603,0.9588550084521104,48.23155272463063,20076.98,20052.8725,20209.71,20086.129608117622,20101.42608727041,20125.83735323361,46.95052776955709,42.81628582852617,184.34081758488384,-0.4556406255220588,-18.27788046587395,0
1678543740,-0.9075137733504501,-0.8941936817515305,-0.8883329114014438,-0.8949010651036526,0.7891802659611831,0.5612148899041394,1.3215521639689771,-21.607548283809592,-7.854724194519308,-13.752824089290284,20106.591666666667,20147.18333333333,20069.68333333333,20184.091666666667,20029.091666666667,20224.68333333333,19992.18333333333,20032.08677227557,20090.38,20148.67322772443,0.5803098570005049,0.8964439936187308,49.98606639554461,20090.38,20065.19,20203.3275,20102.953072078417,20107.82134413034,20126.862367211364,50.177567327611705,46.665313105288,180.43075918596347,0.6154618712189224,14.992603902076509,0
1678546200,-0.8995114632632617,-0.8998631896962789,-0.903567019414522,-0.8989829316458389,0.3414513865800801,0.17384555837938964,1.3479313600769522,-19.42466683080056,-4.5374741932082205,-14.88719263759234,20139.666666666668,20202.93333333333,20073.333333333336,20269.266666666663,20010.06666666667,20332.533333333333,19943.733333333337,20053.311771982782,20103.340000000004,20153.368228017225,0.4977106094531695,0.6727524708055433,48.90292873361964,20103.340000000004,20086.175,20186.47875,20108.843714718947,20110.14928156119,20126.26833223885,52.91427276803265,50.01412262173384,174.52141924410898,1.053951943106175,19.128966018135632,1
1678548660,-0.898345202662073,-0.9197730110233782,-0.9195262482108276,-0.9229728490428952,0.5271523914927941,0.3304471604387175,1.382550809381555,-21.96828202481629,-5.664871509779157,-16.303410515037132,20116.108333333334,20167.216666666667,20069.516666666663,20213.80833333333,20018.408333333333,20264.916666666668,19971.816666666666,20048.40625387585,20102.01,20155.61374612415,0.5333172764728175,0.1503509296422584,45.19894026822615,20102.01,20086.0675,20163.91375,20094.070809812634,20101.85395764097,20120.38801488277,53.12574604032974,52.0725287119914,170.81453215524405,-0.0053574276373349,-34.99416430037218,0
1678551120,-0.9077174763188447,-0.9206957478406763,-0.9239026185636194,-0.9175303603199807,0.44721175854611395,0.2614003659885147,1.4099951429790143,-23.918199546908,-6.091831225496691,-17.82636832141131,20059.95466156192,20121.909323123844,20002.570338438083,20179.293646247683,19940.61567687616,20241.248307809605,19883.23135375232,20038.315959300384,20098.79,20159.26404069961,0.6017679740881618,0.1951997950400607,45.02871677560154,20098.79,20086.26,20146.9475,20083.35553987509,20094.59414716079,20114.820108703465,54.30644486700464,53.44882122512237,165.16349414415524,0.0095962113659168,-20.325152725686127,1
1678553580,-0.9128650044179811,-0.9031548758426047,-0.9045169522467464,-0.8981593971680297,0.44106167532053686,0.2595859489269015,1.4356708463460444,-21.230605587905305,-2.723389813195194,-18.507215774710108,20060.00833333333,20106.81666666667,20015.11666666667,20151.708333333336,19968.30833333333,20198.51666666667,19923.416666666668,20038.36175306731,20099.005,20159.64824693269,0.6034452644067713,0.6017837980682305,48.9635784844402,20099.005,20087.9925,20133.37125,20092.6870265834,20097.64066585883,20114.48962216028,62.11118685110481,56.51445925281309,160.37145884814393,0.0862196598242367,77.60971527610246,0
1678556040,-0.906667897868748,-0.8733256337295425,-0.8467469629685136,-0.8886388917168908,1.4005715850891876,1.094420606948368,1.485106128454601,-12.178153277141972,5.063249998054509,-17.241403275196483,20112.88333333333,20158.46666666667,20065.76666666667,20205.583333333336,20020.18333333333,20251.16666666667,19973.06666666667,20013.67070254361,20110.765,20207.859297456384,0.9655952665787112,0.9358391904427812,54.87854652789556,20110.765,20100.5725,20124.6975,20126.92468438893,20115.41509024813,20122.195372430724,66.58892403867935,61.00218525226296,165.3671226385822,0.6268186710248481,237.58848143817696,0
1678558500,-0.8886539844761865,-0.8555540775271456,-0.8478728092881871,-0.8704654995278106,0.6884972661327179,0.4821210766205729,1.5209669122597627,-0.9524068424725556,13.031197146179142,-13.983603988651698,20204.49641602857,20315.103583971428,20084.79283205715,20434.80716794285,19974.18566411429,20545.414335885707,19854.48208014287,19989.54009380088,20135.735,20281.92990619912,1.452094062611751,0.8753208742120316,58.00155606423986,20135.735,20119.5375,20118.682500000003,20166.441456259286,20139.06234656665,20133.936289342084,73.39469778988995,67.36493622655807,166.15199787562182,0.9456105645117956,213.0795225325347,0
1678560960,-0.8707608093634163,-0.8666091743959355,-0.8675047544874888,-0.8684763501200297,0.40542492666613283,0.2343425723640848,1.486329751214735,5.368646994862502,15.48180078681136,-10.11315379194886,20237.039874680955,20329.435125319047,20153.07974936191,20413.39525063809,20060.68449872382,20505.790501276184,19976.724373404773,20029.067903863863,20165.695,20302.322096136137,1.35504475433291,0.6779661625522124,55.43135272794524,20165.695,20133.8525,20109.41875,20182.402637506195,20152.746465372715,20141.59235702379,70.43865950222651,70.14076044359864,162.4982837416488,0.7132118573028309,133.65407736528616,1
1678563420,-0.8673420441469958,-0.8668487310696571,-0.866625187050244,-0.859274247476681,0.19708777422221424,0.05613046337572213,1.5027122444175687,10.206012286278565,16.255332862581938,-6.049320576303375,20209.908333333336,20269.616666666672,20154.616666666672,20324.908333333336,20094.908333333336,20384.616666666672,20039.616666666672,20105.4372263194,20196.04,20286.6427736806,0.8972330583678687,0.5971824552639023,55.37409094678115,20196.04,20147.415,20104.746250000004,20192.81842500413,20163.81983530495,20148.45498968819,71.67955138615356,71.83763622609003,157.448406331531,0.6754897456298614,113.714124191426,1
1678565880,-0.8657524458109972,-0.8301876875208266,-0.8016779274840952,-0.8473612114796771,0.931183428988663,0.6984072294173552,1.5384128112098114,22.12011885606261,22.5355515458928,-0.4154326898301761,20219.083333333336,20262.26666666667,20170.46666666667,20310.88333333333,20127.283333333336,20354.06666666667,20078.66666666667,20151.119831481745,20237.16,20323.20016851825,0.8503186071390955,0.9636787757050468,61.86639015438574,20237.16,20168.0825,20110.4775,20234.19561666942,20191.66168343132,20164.50213352741,69.43434682021568,70.51751923619861,163.5684342360387,1.0277084724102443,177.17470559818972,0
1678568340,-0.8466262165396853,-0.8251481249032717,-0.8294370758035374,-0.8280656559792635,0.3257981642900454,0.17243290989215485,1.5634175810906954,32.335215241437254,26.200518345013943,6.13469689642331,20326.140401001787,20443.109598998213,20199.98080200357,20569.269197996426,20083.011604007148,20686.23839599285,19956.852005008936,20163.67899782536,20264.31,20364.94100217464,0.9931845907868506,0.8321044139260538,62.670356735589976,20264.31,20187.5375,20126.36375,20266.51374444628,20217.023195534715,20180.373358905752,71.06057367637307,70.72482396091414,159.76636025470185,0.96615118739014,137.2387309781916,1
1678570800,-0.8345431957330018,-0.810215758907948,-0.80248712952636,-0.8158756631019052,-0.34605989786992136,-0.4084049924004582,1.5715669042832066,43.32641366027383,29.75337341108041,13.573040249193417,20322.53686716756,20382.01313283244,20271.67373433512,20432.876265664883,20212.19746867024,20492.352531329765,20161.3343358378,20160.54811114715,20289.86,20419.17188885285,1.274645451992784,0.8223408177683564,65.02339096026029,20289.86,20212.7975,20149.48625,20302.084162964187,20245.42352361932,20198.74018186711,75.83856708595225,72.1111625275137,159.27552732569887,1.2554281986767235,145.69818070935116,1
1678573260,-0.8210351323616358,-0.8084856273755128,-0.808362640007155,-0.8133353459536614,-0.1509716410264545,-0.23953153106068573,1.5882859033324395,51.83289203787717,30.607881430947003,21.22501060693017,20373.44343358378,20449.78156641622,20296.88686716756,20526.33813283244,20220.54873433512,20602.67626566488,20143.9921679189,20203.89426213707,20322.615,20441.33573786293,1.1683608419775529,0.7336786352526804,65.29634205292795,20322.615,20244.155,20165.11125,20327.42277530946,20269.54651932489,20215.82206930834,79.86462689852519,75.58792255361686,157.1201325167203,1.5628329103230556,124.07261940708354,1
1678575720,-0.8134159920432946,-0.8054867327192916,-0.8039648028209314,-0.8000155709212657,-0.39542450377425864,-0.4507673348854727,1.5985727037320958,58.58089769511571,29.884709670548432,28.69618802456728,20371.866666666665,20439.53333333333,20310.43333333333,20500.966666666664,20242.766666666663,20568.633333333328,20181.33333333333,20301.67060537253,20357.195,20412.719394627467,0.5455014271609394,0.7643432692688716,65.79461622288585,20357.195,20276.6175,20181.43875,20347.131850206308,20290.81987944764,20232.081872231352,83.92948859050539,79.87756085832764,153.35440876552585,1.618114911704616,115.26961425345068,1
1678578180,-0.8081069002541793,-0.7934024294004371,-0.7751149908793049,-0.7983685019656475,0.7488923379008796,0.5478376966225373,1.6379262901512845,65.91644745283702,29.7762075426158,36.140239910221226,20391.25,20441.1,20336.7,20495.65,20286.85,20545.5,20232.300000000003,20320.61484384279,20377.925,20435.235156157207,0.5624729324227813,0.8723162076450939,67.80085469737408,20377.925,20307.542500000003,20197.7675,20371.62123347088,20314.41626500261,20250.03597963789,82.98677145731664,82.26029564878243,155.3862367108454,1.537688916954854,116.67394829972972,1
1678580640,-0.7994099032945906,-0.7923199881339895,-0.7916156760020149,-0.7922098963055074,-0.13480473410921362,-0.22318118895133535,1.65569535555781,71.1557933034419,28.012442714576537,43.14335058886536,20431.466666666667,20516.93333333333,20335.13333333333,20613.266666666663,20249.666666666668,20698.733333333334,20153.333333333336,20353.555966901746,20396.425,20439.294033098253,0.4203583039503596,0.8175369028921636,67.98200938097699,20396.425,20330.3675,20215.47,20388.96415564725,20334.27694409304,20266.570648243804,81.87825748289886,82.93150584357365,152.69436266007077,1.13020786911871,94.34149353722935,1
1678583100,-0.7945201573625694,-0.7902615752338619,-0.7932692627840352,-0.7850845327801138,-0.36961569144011025,-0.4272383499290127,1.6686558044201727,74.91247972994097,25.415303312860487,49.49717641708048,20422.583333333336,20481.96666666667,20364.26666666667,20540.283333333336,20304.88333333333,20599.66666666667,20246.56666666667,20365.55251670875,20407.67,20449.78748329125,0.4127613126951532,0.7585624578917874,68.34671034597946,20407.67,20348.765000000003,20234.151250000003,20402.45943709817,20351.58113607612,20282.08296745868,80.33188539053754,81.7323047769177,148.4376224700659,0.9087215785255828,88.17345521940514,1
1678585560,-0.7910460269464206,-0.80782019217073,-0.81089579422642,-0.7987265604342603,-0.5479311561612508,-0.5836136425079242,1.6775905884624818,73.05532545179085,18.846519227768297,54.20880622402255,20429.58333333333,20476.066666666666,20382.966666666664,20522.68333333333,20336.48333333333,20569.166666666668,20289.86666666666,20366.96675272984,20408.045,20449.123247270167,0.4025691561358754,0.1583349842631846,61.87255140347179,20408.045,20365.33,20249.59125,20394.964624732114,20356.74365678956,20291.406018176905,76.37624318601401,79.52879535315016,143.8670780079184,0.8194683720579233,51.90903387045557,0
1678588020,-0.7980887052462016,-0.8138978337077457,-0.8169472181946625,-0.8104708782047593,-0.4340182840399084,-0.48522494783962633,1.687218189768483,69.4016538611977,12.15427810974012,57.24737575145758,20383.691666666666,20422.38333333333,20341.283333333333,20464.791666666664,20302.591666666667,20503.48333333333,20260.18333333333,20349.80738884974,20403.305,20456.802611150262,0.5244014256539511,0.1218990051128323,59.76235487617923,20403.305,20380.25,20263.8325,20384.25974982141,20357.85390100964,20298.21020692196,70.25745379465953,75.65519412373705,140.49800100735283,0.7381150855980838,25.52743978425623,1
1678590480,-0.8046490157467148,-0.8038630708196214,-0.7978430134577077,-0.795862092685358,-0.5112524383545594,-0.5514067238283371,1.694736120048266,68.00374416644263,8.605094731988032,59.3986494344546,20361.31666666667,20410.43333333333,20313.733333333337,20458.01666666667,20264.61666666667,20507.13333333334,20217.033333333336,20346.39648611613,20397.41,20448.423513883867,0.5001959943333049,0.43839867594395,62.06297476081115,20397.41,20387.6675,20277.875,20386.548166547607,20363.90319173516,20307.05923483416,64.73779513773445,70.45716403946936,138.33385807825627,0.3650892481400962,58.41891100843634,1
1678592940,-0.8029115409275511,-0.81244274872662,-0.8244411327599885,-0.79618434530711,-0.7502909237824111,-0.7596038393567468,1.6897508934200052,64.2050543011319,3.8451238933418352,60.35993040779006,20402.441666666666,20451.88333333333,20341.68333333333,20512.641666666663,20292.241666666665,20562.08333333333,20231.48333333333,20338.326776409944,20386.07,20433.813223590056,0.4683906568559414,0.2997621592943578,58.95904893137671,20386.07,20391.2475,20289.3925,20380.015444365075,20364.45715687421,20312.763117230905,61.23879177458841,65.41134690232748,131.24036821552377,0.1760844812024861,14.10221228817571,0
1678595400,-0.8063328550450491,-0.8046261031877728,-0.8063572262502368,-0.8044554959320648,-0.570521997831969,-0.6032242570601843,1.6874524093744518,62.254171309210506,1.515392721136351,60.73877858807416,20368.88333333333,20385.666666666664,20350.166666666664,20404.38333333333,20333.38333333333,20421.166666666664,20314.666666666664,20355.202406850265,20377.975,20400.74759314973,0.2235020226468375,0.7415183885224059,60.87871621132712,20377.975,20392.8225,20302.81,20383.00196291005,20368.91494653345,20320.02139178034,60.76032575549802,62.24563755594033,129.72319905727207,0.077307348247516,27.29238104117804,1
1678597860,-0.8041349956659944,-0.802638670042821,-0.8077645341498283,-0.795253393288716,-0.5869723396633103,-0.6172472022113565,1.6899601272347373,60.46297612967828,-0.2206419667166983,60.68361809639498,20385.658333333333,20442.316666666666,20332.316666666666,20495.658333333333,20275.658333333333,20552.316666666666,20222.316666666666,20354.404748986355,20380.895,20407.38525101364,0.2599517932224437,0.758208198800365,61.373427153570645,20380.895,20394.47,20319.3125,20386.859641940035,20373.58041080009,20327.121735420307,58.71330253985746,60.23747335664799,126.19297055318115,0.0808465951192809,30.60218242834764,1
1678600320,-0.8020423001625386,-0.8149181676884126,-0.8240616191408938,-0.7991204247497338,-0.47942582773359377,-0.5244508104443958,1.6925941429594207,55.61046735791024,-4.0585205907877935,59.66898794869803,20394.75833333333,20434.816666666666,20354.516666666663,20475.05833333333,20314.45833333333,20515.11666666666,20274.216666666664,20352.212520590325,20380.32,20408.427479409675,0.2758296180793516,0.138085655005439,56.6101537702278,20380.32,20391.8125,20334.215,20377.89809462669,20371.106699745527,20330.25061776123,51.781788631727245,57.08513897569427,120.79882979938245,-0.1303555530484595,-65.09353563558022,1
1678602780,-0.8071360054754257,-0.8201706695714975,-0.8291109860412182,-0.8084657507805282,-0.3723485108341403,-0.43215532948897767,1.687348343057923,49.99427994575672,-7.739766402353055,57.73404634810977,20364.18456464036,20384.46912928072,20339.69043535964,20408.96325856144,20319.40587071928,20429.2478232018,20294.91174143856,20334.429258879994,20371.13,20407.83074112,0.3603211124763617,0.1463967864418423,54.65611059157477,20371.13,20384.27,20345.90625,20366.9903964178,20366.391845246337,20331.67198749826,38.54414216090481,49.6797444441632,116.20797388232226,-0.3693574135921534,-133.5769556910816,1
1678605240,-0.8123092392115302,-0.8253965540463908,-0.8292259796185992,-0.8237548473902941,-0.2044892668058198,-0.2866861190872971,1.6957761754503815,43.849753854228766,-11.107433995104806,54.95718784933357,20345.767282320183,20373.734564640366,20317.207717679827,20402.294129280723,20289.240435359643,20430.261411600903,20260.680870719287,20314.39624231609,20363.83,20413.263757683904,0.485505503472639,0.1623764653555286,52.7067839846773,20363.83,20374.95,20352.65875,20354.81026427853,20359.856964292456,20331.55560773652,26.44928217177977,38.92507098813731,114.97169003358506,-0.4563337111632872,-160.69537176773017,0
1678607700,-0.8175089277956671,-0.8182542161817227,-0.8225764497930287,-0.8055654771847639,-0.45689946302536383,-0.5049151618189217,1.7057088958313105,40.14136727135701,-11.852656462381248,51.99402373373826,20326.516666666663,20377.93333333333,20279.033333333333,20425.416666666668,20227.616666666665,20476.833333333336,20180.13333333333,20313.22557806161,20356.15,20399.074421938385,0.4217341878339823,0.4350602786450633,55.06557954082772,20356.15,20367.0625,20357.91375,20353.398509519026,20358.16933442109,20333.366978428283,24.202602421701314,29.73200891812866,111.54514074547184,-0.3860847942553519,-70.87244420695943,1
1678610160,-0.8165374261939369,-0.8111030058476583,-0.8155047275975817,-0.7998007358400986,-0.6004954785938871,-0.6294131279750674,1.70753721792458,38.38589211644285,-10.886505293836336,49.27239741027918,20356.45833333333,20387.016666666663,20320.016666666663,20423.45833333333,20289.45833333333,20454.016666666663,20253.016666666663,20324.17238344249,20351.38,20378.587616557503,0.2673785911079153,0.8555070683812276,57.358794529551794,20351.38,20366.1375,20365.73375,20359.174006346017,20360.45218270817,20336.92488524464,29.87072945521744,26.840871349566203,108.64905926365242,-0.0453876906129669,-18.03382694466991,0
1678612620,-0.8124758930447489,-0.8065336841081501,-0.8095236690243177,-0.7936129965968932,-0.3272274653279098,-0.39149569547962243,1.709412761665867,37.60013930713467,-9.33780648251561,46.93794578965028,20375.241666666665,20408.48333333333,20337.48333333333,20446.241666666665,20304.241666666665,20479.48333333333,20266.48333333333,20318.39087269014,20356.105,20393.81912730986,0.3705436507608944,0.8645185764753242,58.80544081900156,20356.105,20368.2125,20374.23125,20367.31600423068,20364.660876761227,20341.37013426896,40.14327799448489,31.405536623801243,105.93974321374638,0.1019012564547693,35.42052960584642,1
1678615080,-0.8081603523890303,-0.8051673238209953,-0.814801073647786,-0.7911357208996691,-0.6183533818368375,-0.6446093401600091,1.6892291391354994,36.863151900328376,-8.05983511145753,44.92298701178591,20390.96045514501,20422.63954485499,20351.92091029002,20461.67908970997,20320.24182058004,20493.35817941996,20281.20227572505,20321.818420726984,20364.56,20407.30157927302,0.4197643285493732,0.7677720429302192,59.25063745920077,20364.56,20367.845,20377.75625,20374.027336153787,20368.804353713727,20345.75869291001,48.81004324832446,39.608016899342296,101.85833298419304,-0.018022546573567,42.8083781404444,1
1678617540,-0.8053193680640951,-0.7930031682775676,-0.8034722450560738,-0.7863931142564976,-0.6550280071543716,-0.6760516147662412,1.679494340672174,38.59983524940981,-5.058521409900877,43.65835665931069,20389.55,20412.9,20364.1,20438.35,20340.75,20461.7,20315.3,20336.153039059984,20382.815,20429.476960940014,0.4578559040055555,0.9169348996071934,63.0763957103672,20382.815,20373.3225,20382.285,20389.92655743585,20378.426289402138,20352.99357929953,62.179791382615264,50.3777042084749,99.4223562454106,0.2689406121191333,142.02997458856393,0
1678620000,-0.7978164967458586,-0.7831192373691938,-0.7870067426308531,-0.7788238193432214,-0.2993032029930509,-0.3651577560129641,1.6790796700048376,41.74225285624925,-1.5328830424491429,43.2751358986984,20416.123447119586,20452.80155288041,20385.04689423917,20483.878105760825,20348.368788478347,20520.55621152165,20317.29223559793,20344.7949118058,20402.615,20460.4350881942,0.5667909549261146,0.9060872394580152,65.8795313393818,20402.615,20379.3825,20386.1025,20409.809371623905,20391.362418601748,20362.19180984244,71.1745435396076,60.72145939018248,98.99324717935411,0.2972194531603584,191.7576260388515,0
1678622460,-0.7891228507442685,-0.8034371922885603,-0.8061461300652986,-0.809110256024031,-0.25904837398913716,-0.33284404869725426,1.6794867289605675,39.16161419657874,-3.29081736169573,42.45243155827447,20448.05339022645,20495.521609773536,20402.10678045292,20541.46821954708,20354.63856090584,20588.93643909416,20308.691951132296,20356.54013320993,20406.935,20457.32986679007,0.4938994198792665,0.3550447602048276,56.40061223849778,20406.935,20379.1575,20386.81375,20403.98124774927,20391.537433401427,20365.061637476487,70.40258442665215,67.9189731162917,101.46337238082889,-0.0110323456115167,2.1006474873620578,1
1678624920,-0.7949355086090554,-0.7976434697722515,-0.7986873981974631,-0.7935347126393749,-0.3690777315916081,-0.427571576751322,1.638932929101857,37.99573930143379,-3.565353805472548,41.561093106906334,20382.641666666663,20449.283333333333,20325.68333333333,20506.241666666665,20259.041666666668,20572.88333333333,20202.083333333336,20367.156860958585,20411.945,20456.73313904141,0.4388424429069839,0.4632157076569824,58.24551641821999,20411.945,20384.025,20387.91875,20405.537498499514,20394.64880914662,20369.212910097776,64.75559616263199,68.7775747096306,101.45170292505534,0.2390720027898016,80.45341770483962,1
1678627380,-0.7949448327356752,-0.7998172247745419,-0.8070960628975218,-0.7904554098093056,-0.4659906024338274,-0.5117434652026456,1.627542758426623,36.160700687847566,-4.320313935247022,40.48101462309459,20409.65,20459.800000000003,20358.500000000004,20510.95,20308.35,20561.1,20257.200000000004,20375.45554963304,20414.96,20454.46445036696,0.3870147222131543,0.342612669148831,57.26640762543179,20414.96,20389.76,20387.015000000003,20404.53333233301,20396.08084384724,20372.38549008846,57.59098522917699,64.24972193948706,99.11943843040874,0.2818850169634923,51.999319028436815,1
1678629840,-0.796036426157966,-0.8088937609677788,-0.8181080235668657,-0.7961127336133872,-0.30022043380918145,-0.36842643687695165,1.6225430522985134,32.27073367505727,-6.5682247584298565,38.83895843348713,20402.50833333333,20436.91666666667,20368.11666666667,20471.30833333333,20333.70833333333,20505.716666666674,20299.316666666666,20357.435159576253,20406.005,20454.574840423746,0.4760347792107726,0.2008946318692003,53.241870069107534,20406.005,20394.41,20384.68,20395.33888822201,20392.60250860228,20372.82020531813,55.24973351606599,59.19877163595834,95.84666680448406,0.2287209579719091,-17.514286932374688,1
1678632300,-0.8011207158496763,-0.8126024531757682,-0.8155750929925616,-0.8201742627041664,0.2574092605615739,0.11475546366098859,1.4930826941582802,28.021662839681085,-8.653836475044834,36.67549931472592,20378.283545222486,20404.267090444973,20350.96645477751,20431.58418088995,20324.982909555023,20457.56772611244,20297.665819110047,20358.01108034407,20389.390000000003,20420.768919655937,0.3077965515979998,0.1352646896230128,51.64478571380376,20389.390000000003,20396.0025,20381.5325,20385.72592548134,20387.85659794732,20372.21828100212,48.83127760012246,53.89066544845517,98.12190488987812,0.0782533171667103,-73.62516067477787,1
1678634760,-0.8055172986875894,-0.8140131758099071,-0.8260947195420075,-0.8063173999688515,-0.6878470831708886,-0.7055528365758784,1.4530875697949157,24.05618953174053,-10.095447826388316,34.151637358128845,20354.8,20424.5,20296.8,20482.5,20227.1,20552.2,20169.1,20345.839557082043,20383.43,20421.02044291796,0.3688333407866808,0.2219373013823635,51.01787962935169,20383.43,20395.182500000003,20380.66,20377.99228365423,20383.25085286599,20371.29511138287,42.74021623267922,48.94040911628925,95.33462596917268,-0.0402538446716898,-66.13392678925442,0
1678637220,-0.8084209863762495,-0.8128686272576813,-0.8253207001972332,-0.7996217066057922,-0.6443014477907045,-0.6675493741608233,1.3763171255571387,20.93245757216573,-10.575343828770492,31.507801400936224,20356.408333333333,20389.016666666663,20329.916666666664,20415.50833333333,20297.30833333333,20448.11666666667,20270.816666666666,20345.5276024384,20374.85,20404.1723975616,0.2878293343175727,0.3448285140926692,51.53193389352239,20374.85,20393.3975,20380.805,20373.911522436152,20380.068879617625,20370.767005536884,41.034719049795,44.20207096086559,91.56786697137454,-0.0875703997331116,-50.78397783966101,1
1678639680,-0.8093005275866703,-0.7440803720219393,-0.6851880160954048,-0.7904095193426309,0.7887150144497093,0.592600586346815,1.2232712238548042,33.70836606455123,1.760451730892001,31.947914333659227,20364.45,20386.4,20343.800000000003,20407.05,20321.85,20429.0,20301.200000000004,20252.63908150649,20406.26,20559.88091849351,1.505625415862651,0.9990043071721344,71.1372500130815,20406.26,20410.61,20389.2275,20435.79934829077,20412.706356050785,20388.74871929528,45.47740374223833,43.08411300823754,114.85944790199076,0.8442693912186173,320.8176988170887,0
1678642140,-0.7753444662482689,-0.6877224464115396,-0.6550716270441465,-0.7561528419371512,1.7194975432247497,1.42538792298914,1.2265525717156427,56.00164632423548,19.242985592461,36.75866073177448,20570.40105490974,20772.573945090266,20357.40210981948,20985.572890180523,20155.22921963896,21187.745780361045,19942.230274548696,20187.85112249501,20474.545,20761.238877504995,2.8004908290269013,0.9252445188609784,78.72886546398024,20474.545,20440.275,20406.79875,20529.991232193846,20468.28247313245,20420.14169841001,56.89917132725031,47.80376470642791,135.59080288294777,1.4526196978952637,280.9465651998584,0
1678644600,-0.730186076427023,-0.5923522728620769,-0.4963976613652006,-0.7105946608265572,3.1008417162618516,2.696848721979224,1.2835290650930729,94.26644827898052,46.00623003776484,48.260218241215696,20683.758860788203,20903.6161392118,20498.517721576405,21088.85727842359,20278.66044315281,21308.714556847182,20093.419303941017,20128.1318910704,20598.665,21069.1981089296,4.568578681478644,0.9127605397244354,85.62114683893115,20598.665,20494.0275,20436.705,20682.360821462564,20562.61293256292,20474.13772713287,65.70618378156956,56.0275862836861,177.96729616400114,2.628538734912573,283.4785208092717,0
1678647060,-0.6599194318115258,-0.5800993926246768,-0.5280972718034995,-0.6397059392822725,2.046380602744021,1.7616625883686188,1.3440063992302764,125.9258635053011,62.13251621126831,63.79334729403279,20966.0794303941,21341.02056960589,20612.1588607882,21694.941139211795,20237.21772157641,22069.88227842359,19883.297151970502,20230.08335471986,20730.485,21230.88664528014,4.827688742257025,0.790906317701064,86.23811202971726,20730.485,20556.9575,20468.0575,20795.448880975044,20646.06967209693,20526.279372167835,71.06832784880014,64.5578943192067,196.7396931814899,3.0859649402409937,196.7715554361198,1
1678649520,-0.6186593658027462,-0.6469445770624523,-0.642274950701713,-0.6593702044501658,0.711333322651061,0.5427238632479194,1.3727706087466593,134.2701248534977,56.38142204757192,77.88870280592577,21013.548048530385,21237.976951469613,20797.19609706077,21454.32890293923,20572.76719412154,21678.757805878457,20356.415242651925,20481.27087651963,20823.99,21166.709123480367,3.291579793117156,0.5135460780619897,68.87541259351885,20823.99,20599.42,20491.7225,20808.057587316696,20680.107004442943,20555.517051009,63.99007955680099,66.9215303957236,203.2172150970977,2.0806128773828743,97.69913022504107,1
1678651980,-0.6314535812006721,-0.5752106619868724,-0.5034342008631583,-0.6257485142474265,2.133922154749964,1.8443185513805274,1.404128012801756,155.40143930176055,62.01018919666781,93.39125010509274,20824.282357598528,20914.36471519705,20743.19264240148,20995.454430394104,20653.11028480295,21085.53678799263,20572.020569605906,20672.06391274829,20919.155,21166.246087251715,2.3623429077485434,0.7352270195030949,74.75045115515806,20919.155,20662.7075,20526.23375,20883.838391544465,20744.705730907863,20601.22018900814,65.54578542210209,66.86806427590109,222.4088425901623,3.101944489713896,135.66473782198594,0
1678654440,-0.6019819540532421,-0.5151174267602929,-0.4823597650667745,-0.5812555358190148,1.1430293800989375,0.9600283019590828,1.399815956108781,183.6937632791524,72.24201053924767,111.45175273990466,21054.5,21280.9,20809.0,21526.4,20582.6,21752.800000000003,20337.1,20779.36322113357,21016.425,21253.486778866427,2.255966739028428,0.8971538577420716,78.42456358857264,21016.425,20745.485,20569.9475,20990.800594362976,20828.345598015523,20658.69683767404,70.34369151101201,66.62651882997172,235.63237039094432,4.06231060094861,132.1982903031913,0
1678656900,-0.5571980339718411,-0.5202989488882007,-0.5111743943109117,-0.536075139662575,0.9367167877177609,0.7731297597925966,1.3527153082213321,202.6020653893138,72.92025011952728,129.6818152697865,21172.32892273296,21392.29607726704,20984.757845465923,21579.86715453408,20764.79069093185,21799.834309068145,20577.219613664813,20786.74753590114,21057.03,21327.312464098857,2.567147067738027,0.7462146414932055,77.37902865480376,21057.03,20827.8475,20611.925,21057.24206290865,20894.123671103607,20709.30904360984,80.75540887029752,72.21496193447057,233.04838792734483,4.044018363489063,111.31729120667626,0
1678659360,-0.5373969633745899,-0.41381157118416745,-0.28143137970259324,-0.5160987684052276,5.283465162699378,4.828177326428648,1.4952766116066696,239.0430192888525,87.4889632152528,151.55405607359972,21182.222794699817,21285.902205300183,21086.445589399635,21381.67941060037,20982.766178799266,21485.35882120073,20886.988973499083,20718.287441215303,21150.74,21583.192558784693,4.089242823510617,0.8924534531069753,82.53289202488399,21150.74,20940.6125,20667.8975,21201.553041939103,21002.49663999386,20783.67722993272,80.99441642417918,77.36450560182959,273.3067750718395,5.537869198441734,150.2892040472521,0
1678661820,-0.47425010084944735,-0.3230107193742118,-0.2937453238240192,-0.4523928610229248,2.023547551022684,1.8276944026478452,1.552697808603563,285.2791738336309,106.98009420802497,178.29907962560597,21518.50306401658,21902.671935983428,21106.00612803316,22315.16887196685,20721.83725606631,22699.3377439337,20309.340320082887,20826.751383900904,21333.29,21839.828616099097,4.74880917194766,0.9074072409113773,85.55503276940286,21333.29,21078.64,20736.01875,21383.04369462607,21137.68361454043,20875.32939851055,82.06076231429013,81.27019586958897,295.4809628506466,6.777432699507759,146.2857882759892,0
1678664280,-0.39727399396312774,-0.2534328143621281,-0.2219726209448508,-0.37473527773448173,2.2605623995016297,2.0756523168445398,1.6256757643567876,333.8923527637744,124.47461851053475,209.41773425323964,21651.42653200829,21990.59846799172,21406.853064016577,22235.171935983428,21067.68112803315,22574.343871966856,20823.10766004144,20922.54694771319,21514.625,22106.70305228681,5.503958839968735,0.8609743667655302,87.35977286761948,21514.625,21216.89,20813.75,21569.38746308405,21283.936593714898,20976.92421770002,84.4255558759917,82.49357820482037,315.150908503284,6.724360790531906,155.47932341265957,0
1678666740,-0.3239952641235051,-0.140708090671931,-0.04992923021978532,-0.3008078047044945,2.955360900172277,2.783273407064941,1.6965697206581247,393.5121669937871,147.27554619243796,246.23662080134915,21857.07159933748,22185.00340066252,21614.143198674952,22427.931801325045,21286.211397349907,22755.86360265009,21043.282996687383,20990.93649235884,21725.620000000003,22460.303507641165,6.763291520712988,0.8634762414326959,89.62203456059837,21725.620000000003,21371.0225,20905.64875,21799.49164205604,21461.34812213037,21099.093339823827,88.50751294666533,84.99794371231575,353.59674368117726,7.439410668066393,171.78419270894852,0
1678669200,-0.23099074444507336,-0.10218382854970882,-0.09000232266065486,-0.20697990764293167,0.794097420761587,0.7319404156448607,1.7169482541871146,444.3976377780528,158.52881358136284,285.8688241966899,22194.76913300207,22653.930866997933,21800.538266004143,23048.16173399586,21341.37653200828,23507.32346799172,20947.14566501036,21314.20710976472,21961.245000000003,22608.282890235285,5.892542888486351,0.8145140386229918,90.26338555138402,21961.245000000003,21509.1375,21001.5825,21989.07776137069,21626.23937265212,21219.965402697748,88.97822477770931,87.30376453345548,362.4431405965855,6.580947343844559,146.87181315691072,1
1678671660,-0.16522539905198477,-0.13280272043911273,-0.12504428936048365,-0.14519824352221272,0.16209521042920919,0.1272208994624171,1.7266477700940273,472.31847514147375,149.15972075582704,323.1587543856467,22280.33456650104,22563.01543349897,22085.56913300208,22757.78086699793,21802.888266004145,23040.461733995864,21608.122832505185,21647.254385095923,22119.605,22591.95561490408,4.2708774854169125,0.6718744454614212,85.72867585838769,22119.605,21635.1725,21096.065,22086.710174247128,21745.46403216991,21321.10917386939,87.2703691236161,88.25203561599695,351.2186305539722,5.9954927366461845,119.14115003800752,0
1678674120,-0.14765293092624163,-0.15891439787478664,-0.15164240866276318,-0.18143376054582638,0.5976335362051786,0.5339084549667504,1.7428950690717548,482.94199757559545,127.82659455195898,355.1154030236365,22275.891666666663,22381.583333333325,22176.28333333333,22481.191666666666,22070.591666666664,22586.883333333324,21970.983333333326,21923.001067180023,22212.08,22501.15893281998,2.6028983581904885,0.4936349564388838,81.94769399875378,22212.08,21772.685,21186.0525,22127.273449498087,21829.634208139018,21405.613062072305,86.14623210231242,87.46494200121265,342.62444265726,6.600618481731749,92.61445624508492,0
1678676580,-0.1519231825347284,-0.16000571161063062,-0.1580808423033955,-0.165356935305112,1.348230889843024,1.247106896817615,1.7361083693997956,485.516358484656,104.32076436881556,381.1955941158404,22192.43333333333,22315.86666666667,22084.966666666667,22423.333333333336,21961.533333333333,22546.76666666667,21854.066666666666,22145.59611145277,22264.73,22383.86388854722,1.070157945299327,0.2506796734144529,81.78534355016038,22264.73,21889.6775,21276.1925,22153.290632998724,21897.941624841013,21481.776103779703,83.02027025009328,85.47895715867396,330.1298396103126,5.5616959981745016,81.11066101948781,1
1678679040,-0.15460399224572596,-0.11627330995230908,-0.09257065957740916,-0.1299168966515466,0.5129360232025698,0.4628108188329323,1.747701048919923,491.8302724905043,88.50774269973107,403.3225297907732,22200.275,22286.65,22118.95,22367.974999999995,22032.575,22454.34999999999,21951.25,22149.377635552966,22278.5,22407.62236444704,1.1591656929060197,0.6938084088466715,83.21999752688036,22278.5,22002.06,21373.7725,22211.71042199915,21976.2340566881,21562.421236753064,82.94800461456643,84.03816898899073,325.2973510667188,5.299880097478278,86.2741147813945,0
1678681500,-0.13407711274032658,-0.1078888263720452,-0.11582642261815881,-0.1092082908344643,-0.09402596739338447,-0.11426246810215904,1.752173727205327,493.0567832074448,71.78740273333727,421.2693804741076,22336.40945207298,22459.940547927017,22205.018904145963,22591.331095854035,22081.487808291928,22714.86219170807,21950.09726036491,22154.746231960875,22275.285,22395.823768039125,1.0822646537552718,0.8189430307394786,83.48851344167268,22275.285,22118.265,21473.05625,22258.53194799944,22044.58695547208,21637.635880871818,84.66184987139223,83.54337491201734,311.4179561255625,5.483922345904061,76.6993438234411,1
1678683960,-0.11962122346012442,-0.11018679594589571,-0.1224055870487495,-0.10262509160415388,-0.25618017623613654,-0.26927906323759887,1.753027135739843,487.8823197155034,53.29035139311662,434.5919683223868,22341.52972603649,22412.34527396351,22281.35945207298,22472.51554792702,22210.54390414596,22543.33109585404,22150.373630182447,22154.57338757334,22288.03,22421.486612426663,1.1975631083291247,0.7160627298691874,83.0960393671857,22288.03,22203.8175,21572.215,22287.58796533296,22099.334781749883,21705.07055888403,86.45767785320504,84.68917744638793,295.88095925945095,3.9810052733400334,69.22609456903555,1
1678686420,-0.11354232054237637,-0.098892142403383,-0.08180475414553313,-0.10015448817072517,0.0626950960010793,0.03601267056284553,1.743797382658537,480.8070868404466,36.97209481444781,443.8349920259988,22339.266666666663,22389.43333333333,22295.533333333333,22433.166666666668,22245.366666666665,22483.333333333336,22201.63333333333,22201.153386918697,22321.855000000003,22442.55661308131,1.0814657928859968,0.7306100083455312,83.50644364353234,22321.855000000003,22266.9675,21672.80375,22317.56697688864,22149.914821431725,21769.11383899032,86.83122495431273,85.98358422630336,289.203747883776,2.90397900305918,71.12173648280974,1
1678688880,-0.10485526247132358,-0.11497792942033148,-0.12040017329183131,-0.11540777893362911,-0.11114303794782221,-0.13133537774326198,1.6551673725056482,466.1688606637981,17.867094910239473,448.3017657535586,22390.641666666663,22485.283333333333,22282.88333333333,22593.041666666668,22188.241666666665,22687.68333333333,22080.48333333333,22312.365413376163,22347.230000000003,22382.094586623843,0.3120260240203398,0.284451768177211,80.50852822349349,22347.230000000003,22305.98,21761.435,22322.44465125909,22183.05758117141,21822.741092419805,85.42013883071756,86.23634721274514,278.2106230349348,1.7779767866074654,54.915205797224296,0
1678691340,-0.10855502549226198,-0.08828066900444695,-0.08359907171751312,-0.09055852121190291,0.12265738249743967,0.0947932395224202,1.6367851681582304,455.3885539936164,5.669430592046183,449.7191234015702,22324.766666666663,22396.13333333333,22260.83333333333,22460.066666666666,22189.466666666667,22531.43333333333,22125.533333333333,22309.71585100637,22363.005,22416.294148993627,0.4765830799002767,0.9167827863540724,81.6838140493083,22363.005,22320.7525,21845.8875,22350.771434172733,22223.851657322062,21878.42527409411,85.86498876286227,86.03878418263088,270.517007103868,0.6636432656325205,77.15825644046303,1
1678693800,-0.09705561533262522,-0.07985182307719885,-0.06551516520776135,-0.0827886524430053,0.8322763241104038,0.7752768142405217,1.654051462588005,443.64741852275256,-4.857363903054079,448.5047824258066,22407.841666666664,22492.883333333328,22322.383333333328,22578.341666666664,22237.341666666664,22663.383333333328,22151.883333333328,22304.87894640265,22378.805,22452.73105359735,0.6606791881635152,0.8542053001046527,82.05177893453993,22378.805,22327.045,21918.09125,22377.572622781823,22261.546810536234,21931.068105132763,86.05158701778187,85.77890487045393,265.49436373930604,0.2813139159299583,92.22860315595726,1
1678696260,-0.08709127845267531,-0.13753174662776776,-0.11533392434444341,-0.16270730263737823,0.8464337024331957,0.773767324452494,1.627518203240161,416.4277549085673,-25.661622013791487,442.0893769223588,22440.125,22535.75,22335.55,22640.325,22239.925,22735.95,22135.35,22247.87125611821,22363.395,22478.91874388179,1.033150323390428,0.0899327843073214,71.47047382013794,22363.395,22325.7125,21980.4425,22341.26508185455,22262.838299529645,21963.218761786786,81.64351932934389,84.52003170332937,268.66440918649874,-0.0598017007020117,-7.263214403920203,0
1678698720,-0.11095050088918593,-0.21036584790858934,-0.13898546298638145,-0.27162868878938634,1.5498333664630972,1.4197589749196553,1.6131128371665153,373.9849671207194,-54.48352784131151,428.4684949620309,22264.349943635985,22407.39988727197,22125.60005636401,22546.149774543945,21982.550112728022,22689.19971817993,21843.80022545605,22037.162393998668,22300.575,22563.98760600133,2.3623839833845826,0.049850700769421,60.80698162436277,22300.575,22311.215000000004,22041.95,22248.65172123637,22226.5813359788,21972.762213045185,65.2754211856198,77.65684251091521,286.52944534846205,-0.6527935375803848,-184.8369346462504,0
1678701180,-0.15929896731511378,-0.24479990163874638,-0.1869130777690581,-0.2730967285106982,0.7715742183195791,0.6810453401603745,1.5570517898863798,328.7302477186058,-79.79059779474005,408.5208455133459,22072.133305151325,22327.16661030265,21808.391694848666,22590.90822060531,21553.35838969734,22845.94152575664,21289.61677939468,21857.935784616573,22227.415,22596.89421538343,3.324536077482944,0.1467798605002306,56.51392758390291,22227.415,22287.3225,22088.500000000004,22154.56781415758,22179.27563852811,21972.156287993264,43.05088300913743,63.32327450803373,293.68091051835745,-1.0759806487858172,-201.05247428573472,1
1678703640,-0.20069108054525606,-0.20479393712720823,-0.18397530765587927,-0.2072139702859466,1.3756819908048812,1.261992628276658,1.5326671312225815,298.520365022152,-88.0003843929552,386.5207494151072,21993.016652575665,22173.03330515133,21786.383347424333,22379.666610302666,21606.366694848668,22559.683262878327,21399.733389697336,21828.679922276824,22161.755,22494.83007772317,3.005854705308104,0.3759588970678318,60.04349647156503,22161.755,22262.38,22132.22,22129.420209438387,22161.066431523,21982.34378437485,31.916371275661152,46.74755849013949,289.96084548133183,-1.1170676107494633,-103.0463570535881,0
1678706100,-0.20138316370053783,-0.20115622467439587,-0.21247329262260792,-0.1996947424450782,0.17068943755279153,0.1241645068260944,1.5169119294595348,272.2673758437668,-91.40269885707232,363.6700747008391,22094.70833333333,22192.416666666664,21981.416666666664,22305.70833333333,21883.70833333333,22403.416666666664,21770.416666666664,21897.51740710014,22093.395,22289.272592899863,1.7731778470430828,0.4897384893787836,60.35856796929279,22093.395,22236.1,22177.182500000003,22116.07180629226,22148.031625791544,21992.537233482013,31.702428135392463,35.556560806730374,277.03507080409383,-1.175724510030916,-92.44308688758886,0
1678708560,-0.1999102589223319,-0.2047850646578106,-0.20047599277859057,-0.21928054067819758,0.1806856898103007,0.13364062458896694,1.516217409547454,247.78036294510093,-92.71176940459054,340.4921323496915,22078.125,22138.25,22029.25,22187.125,21969.125,22247.25,21920.25,21964.86787712714,22055.495000000003,22146.122122872865,0.8218099196854293,0.6305072877199451,59.85155251770505,22055.495000000003,22209.445,22206.63125,22103.76453752817,22135.507693829444,22000.786068388486,36.83886838868388,33.48588926657919,271.3754228895157,-1.192846945944854,-86.05758421510942,1
1678711020,-0.20098831643454967,-0.134417509869384,-0.06970190620904668,-0.21648768462301812,1.0006685003575617,0.9228264794330746,1.5124009684633306,241.5884826063157,-79.12291979470069,320.7114024010164,22067.849999999995,22172.39999999999,21974.59999999999,22265.65,21870.05,22370.19999999999,21776.799999999992,21897.70101354914,22098.295,22298.888986450864,1.81547025642351,0.946498928430941,65.84322952807501,22098.295,22199.435,22233.20125,22161.65135835212,22161.31084040591,22027.13263330387,45.87262539292072,38.13797397233238,292.11289268312174,-0.4473238215575607,8.584084412779898,1
1678713480,-0.1663418243413376,-0.06704884973717985,-0.05140690351435669,-0.14175864483110698,1.7667181160068768,1.6685596554197633,1.5492686497662982,249.12688424850785,-57.2676145220068,306.39449877051464,22260.441666666666,22549.783333333333,21988.08333333333,22822.141666666663,21698.741666666665,23111.483333333334,21426.38333333333,21890.10314665181,22198.465,22506.826853348182,2.7782268129637417,0.9358272547034248,70.39803934933757,22198.465,22212.94,22259.460000000003,22263.51757223475,22216.936142150287,22069.048572989217,61.53853958855749,48.08334445672072,300.1758111572579,0.6047321804390041,80.34608371019364,1
1678715940,-0.11533257907535398,0.10216688660437487,0.2764606543929823,-0.09029781012594543,5.133518925716511,5.057554375292353,1.6832248064970539,290.22931420466193,-12.932147652682149,303.1614618573441,22410.618749559657,22641.431250440342,22236.437499119314,22815.612500880685,22005.62499823863,23046.42500176137,21831.443747798286,21732.14118807852,22371.45,23010.75881192149,5.715398974331016,0.94782739524504,78.24524674017135,22371.45,22266.6025,22293.6775,22490.361714823168,22349.138661759323,22152.382042228342,71.54309446770374,59.651419816394,363.9612443360618,2.394853491643953,246.71161747871403,1
1678718400,-0.005215895713802239,0.41265895315600276,0.6054540586199935,0.020793746143920832,7.742763619626398,7.940328122468525,1.8878116838126011,388.9152144357795,68.60300206274832,320.3122123730312,22928.092708113167,23532.657291886844,22339.485416226333,24121.26458377368,21734.92083245265,24725.82916754736,21146.31354056582,21475.34756020693,22717.36,23959.37243979307,10.934478652388044,0.9434597290279672,85.72362065693835,22717.36,22405.3775,22366.21125,22933.216143215446,22616.372541439443,22311.10041915898,75.72459752458654,69.60207719361595,467.8219367285042,6.186702212434241,305.47774737786625,0
1678720860,0.20509617212029085,0.537441362756864,0.6294486583080294,0.23296772564266047,6.296855671418422,6.5454817027797585,2.0568670486125016,489.8490084694349,135.62943687712294,354.219571592312,23634.83802072325,24635.88697927676,22817.876041446503,25452.848958553503,21816.827082893,26453.897917107013,20999.86510361625,21650.27975340037,23135.635,24620.99024659964,12.84041044561462,0.8483644745488096,87.5725584010356,23135.635,22595.565,22460.63875,23345.6524288103,22898.94571572318,22488.18847447717,76.49812474897662,74.58860558042232,526.8091533132628,8.540594063852096,226.11258129917584,1
1678723320,0.3726465024974062,0.4793799230222194,0.5168288436432171,0.40200139417415426,1.9438862703360908,2.0336072796135394,2.1107693118899897,550.2951546955883,156.86046648262106,393.4346882129672,23972.294010361627,24718.230989638378,23424.58802072325,25265.93697927675,22678.651041446505,26011.8739585535,22130.94505180813,22160.251360276365,23481.535,24802.818639723635,11.253809767748448,0.6988180221885938,82.23572263310184,23481.535,22789.915,22550.565,23566.07661920687,23100.3964946826,22632.830048336487,81.38429127324758,77.8690045156036,524.9984269664268,8.808695839381238,156.1470626355581,0
1678725780,0.4273895092648374,0.4650597574152952,0.4735541257307774,0.4431276262554467,1.0209008669428006,1.0845603901402856,2.148346302176052,588.1632731953323,155.78286798589204,432.38040520944026,23968.42200518081,24238.402994819186,23736.94401036162,24469.88098963837,23466.96302072325,24739.861979276742,23235.48502590406,22914.62080320213,23781.4,24648.17919679787,7.289555676266914,0.6068178612754486,80.92579382886893,23781.4,22989.932500000003,22638.6275,23699.576079471248,23257.883495649403,22759.853377066345,82.56403152321141,80.14881584847858,506.3271107545393,9.105611297253985,118.52976329036726,0
1678728240,0.44760057504285455,0.504897145008289,0.5377977313471305,0.4776190418697229,1.0706116912080534,1.14852422343813,2.1583137383498237,620.0837275960403,150.16265790928003,469.9210696867602,23952.25833333333,24091.216666666664,23827.61666666666,24215.858333333334,23688.65833333333,24354.816666666666,23564.01666666666,23773.584528258467,24008.355000000003,24243.12547174154,1.9557397559435976,0.6500827584432752,81.79458472769377,24008.355000000003,23189.902500000004,22726.14125,23825.992386314167,23407.14558734951,22885.46972210765,81.43486023888681,81.7943943451153,495.1516739945287,9.056971234140848,105.50755878554132,1
1678730700,0.47762578875564815,0.5261910715613368,0.5273132874951738,0.5052507705597642,0.745751556819103,0.81668409710451,2.1555776168058687,642.8124741766951,138.31312359194783,504.4993505847473,24082.651334628536,24255.67366537146,23905.80266925707,24432.52233074293,23732.780338514145,24605.54466148585,23555.93167314268,23918.53522886301,24072.335,24226.134771137,1.2778134828797747,0.7161576688588737,82.25971955129302,24072.335,23394.847500000003,22815.47375,23930.26992420945,23540.178207831417,23004.83689143073,83.0590444526536,82.35264540491731,477.1336972806339,9.27798998387234,90.75100151142202,0
1678733160,0.5032858864755397,0.5551774290816729,0.5837111515713045,0.5337973403762063,1.1107476162545848,1.2042495179251467,2.175352807668997,659.8097830455663,124.24834596865526,535.561437076911,24118.441666666666,24250.08333333333,24007.18333333333,24361.341666666667,23875.541666666664,24492.983333333334,23764.28333333333,23900.38483682769,24082.33,24264.275163172308,1.51102624349313,0.8797023168710157,82.90018009278883,24082.33,23608.9825,22909.213750000003,24027.0132828063,23663.873079134795,23120.614330342087,86.18581455485776,83.55990641546609,466.1580045483455,9.698516473686706,84.54251941021352,1
1678735620,0.5306098322734164,0.5521164271396723,0.5572889457564738,0.5504377492986974,1.3278789533969766,1.425170937322831,2.2066229217218143,664.9195289337586,103.48647348547796,561.4330554482806,24225.67533365714,24384.82466634288,24061.35066731428,24549.14933268573,23902.201334628546,24708.29866537147,23737.87666828568,23935.543227203605,24123.32,24311.096772796394,1.5568070464297177,0.7357985992655759,82.56120906095572,24123.32,23802.4275,23000.93125,24088.6338552042,23763.509792019377,23224.54391792856,87.60111245839806,85.61532382196985,447.28243279489226,8.683454214299887,73.59939886582984,1
1678738080,0.5427412283607264,0.543066508354627,0.542547395508252,0.5288826294882076,0.6390078627744527,0.7095000881122624,2.21791894327044,659.3112725335268,78.30257366819694,581.0086988653298,24213.25833333333,24313.516666666663,24111.61666666666,24415.158333333333,24011.35833333333,24515.416666666664,23909.71666666666,24062.13371902981,24167.28,24272.42628097018,0.8701540344646206,0.5908020703338831,81.5001699667635,24167.28,23974.340000000004,23093.64,24121.2142368028,23840.39437528858,23316.14687812584,87.94512528263847,87.24401743196479,431.0622590238285,7.651693019839989,63.29637171533419,1
1678740540,0.5442817427873953,0.5203174968204547,0.5192916324675023,0.5297061639660168,0.11492116867793498,0.1690388666600325,2.1998895031078645,642.2904303677242,49.02538520191547,593.2650451658087,24170.725,24288.650000000005,24068.450000000004,24390.925000000003,23950.525,24508.85000000001,23848.250000000004,24097.774051243898,24175.97,24254.165948756105,0.6468898559694065,0.1566637987379836,78.76008487694044,24175.97,24092.1625,23179.3825,24121.567824535203,23891.645397963384,23392.920984970995,86.44769950848097,87.33131241650585,411.11495480784095,5.135209346213935,54.82635440082611,0
1678743000,0.5336769305948992,0.51304207191483,0.5011725432602613,0.5237265875401844,0.242936247970208,0.2987689452326989,2.124241780899536,620.0001360171045,21.388072681036647,598.6120633360679,24128.091666666664,24201.08333333333,24049.28333333333,24279.891666666663,23976.29166666666,24352.88333333333,23897.483333333323,24072.66895974148,24168.56,24264.45104025853,0.7935188547313062,0.1517662139239179,77.85852983024306,24168.56,24120.4475,23262.9125,24114.970216356804,23929.850780151857,23460.43089116424,84.99556943777144,86.46279807629698,390.1067437501381,1.1875011151846786,47.36483251089156,1
1678745460,0.5247366317869587,0.5277526261752262,0.5267151816378471,0.5466781353782632,0.4341378670484481,0.5001283059577665,2.091656744060843,598.7772542778184,0.132152753400419,598.645101524418,24098.525000000005,24158.65000000001,24041.65000000001,24215.525000000005,23981.525000000005,24275.65000000001,23924.65000000001,24071.895749284024,24153.105,24234.314250715976,0.6724539202390413,0.4391694916964837,78.39699255659269,24153.105,24117.7175,23356.64125,24124.388477571203,23968.64609285152,23525.458901529542,83.9785310920119,85.1406000127548,371.2580477679852,-0.1129474845912652,52.96466527348111,1
1678747920,0.5276221239878488,0.49301690848556684,0.5191509016775426,0.474171295484175,0.8559214365611278,0.9255016416703736,2.0814298531889843,567.5182756584,-24.901460692814453,592.4197363512144,24157.908333333336,24213.31666666668,24087.81666666668,24283.408333333336,24032.408333333336,24338.81666666668,23962.31666666668,24026.61291934057,24119.8,24212.987080659423,0.7727019350030018,0.1005347550692414,73.83115181629583,24119.8,24121.56,23455.7375,24098.0423183808,23982.592257787604,23574.972339479114,81.96070791129219,83.6449361470252,366.6324729274148,0.1600579832694078,23.34536435583604,0
1678750380,0.5116961506172215,0.48512041072214496,0.4999411488481187,0.474171295484175,1.0401650744627733,1.1137635740524354,2.0895561980707082,534.7852493821229,-46.10758957527321,580.8928389573961,24050.61666666667,24201.233333333337,23894.733333333337,24357.11666666667,23744.11666666667,24507.733333333337,23588.233333333337,23995.74826372456,24087.145,24178.54173627544,0.7588839297927676,0.1496319091362827,72.79325207909412,24087.145,24127.2125,23558.5725,24073.061545587203,23989.95730182622,23617.65116429063,78.64878762306545,81.52934220878988,358.4372962897424,0.2358493026224974,-20.242786714834672,1
1678752840,0.4997847194033649,0.5221807153938464,0.5292835185546015,0.5028159729731975,0.665312746007559,0.734111146009705,2.0701159501023003,511.37549660860896,-55.61387387902971,566.9893704876387,24025.0,24150.0,23898.1,24276.9,23773.1,24401.9,23646.2,23995.10313460993,24088.195,24181.28686539007,0.7729252058119744,0.7112429471426033,74.59810193506256,24088.195,24132.0825,23660.9925,24091.21603039147,24014.96961058509,23666.21057721533,73.90259457290853,78.17069670242209,351.0703465547608,0.2022523939602565,21.59690363718122,0
1678755300,0.5123600743534397,0.5534295526104438,0.5453268286099457,0.5429518628560673,-0.010989755261522112,0.04131856285206465,2.032311902437507,494.2308128503428,-58.20684610983676,552.4376589601795,24114.275000000005,24248.55000000001,23993.25000000001,24369.575000000004,23858.97500000001,24503.85000000001,23737.95000000001,23971.57414262776,24110.955,24250.33585737224,1.156162063031031,0.8753026131866732,76.04133547344607,24110.955,24139.7575,23767.3025,24132.669020260983,24051.44331775144,23718.53099843292,72.69847999662981,75.08328739753462,339.4800991444636,0.3179525101159646,88.97900349250511,0
1678757760,0.5342729446706522,0.5884403168514126,0.6189642144560727,0.5650587297863592,1.0015282380190422,1.0993842935258007,2.01270881454032,483.0356240044057,-55.52162796461903,538.5572519690247,24196.189372396464,24300.285627603527,24111.478744792927,24384.996255207065,24007.382489585863,24489.092510414128,23922.67186198233,23928.42859320598,24145.155,24361.88140679402,1.7951958212239232,0.8900539913456109,77.57839124641261,24145.155,24149.13,23879.05625,24193.18768017399,24099.22180543299,23775.263760486923,72.81402204885508,73.1383655394645,339.2576593059522,0.3869655870027396,178.51016169889957,0
1678760220,0.5627356293906512,0.5868166549517437,0.5762172370059798,0.5937733972158294,-0.052424548887269794,0.0024031301561420627,1.986168763692212,468.3948279113829,-56.12993924611351,524.5247671574964,24319.419686198235,24485.00531380177,24148.63937239647,24655.78562760353,23983.05374479293,24821.37125520708,23812.273430991165,23975.592720086574,24198.015,24420.437279913425,1.8383514508394667,0.7509528273054616,77.33061641795116,24198.015,24158.9075,23980.6675,24232.00845344933,24137.481477172445,23826.1576880596,72.7298276533841,72.74744323295637,324.6442886914312,0.4038307648622894,141.1340016431033,1
1678762680,0.5761551005723151,0.5893364362605206,0.5815650070244279,0.5899315983866867,-0.3426392028557821,-0.2980933296635205,1.9237806425878192,452.1526676913636,-57.89767957290621,510.0503472642698,24304.126509765785,24374.223490234228,24239.55301953157,24438.796980468444,24169.456039063127,24508.893960936886,24104.88254882891,24106.821641573333,24256.745000000003,24406.668358426672,1.2361374819801207,0.7001189161905916,77.45098025261188,24256.745000000003,24171.945,24073.1425,24260.25563563289,24170.07575405018,23872.880765387257,71.34104633489615,72.29496534571182,312.9268394991863,0.5390431596301637,119.43431258854564,1
1678765140,0.5841247892486537,0.6064159398499444,0.5871942386227941,0.6153519172310817,-0.12269801474144165,-0.06776887469615654,1.8257281404414432,438.1136228729301,-57.54937951307176,495.6630023860019,24307.983333333334,24392.666666666668,24232.066666666666,24468.583333333336,24147.38333333333,24553.26666666667,24071.466666666664,24206.95842900365,24304.215,24401.47157099635,0.8003267827934305,0.8118555352022276,78.29231139434219,24304.215,24196.205,24144.18375,24295.12875708859,24205.49379876833,23919.7373591599,72.92866824805147,72.33318074544394,298.1181450832209,1.005709453192116,129.27159240755748,1
1678767600,0.596649808550254,0.6120055955701195,0.5949344320705475,0.6275277375910288,0.3975430381603836,0.473154401848855,1.78360212000555,423.3780336519558,-57.82797498723693,481.2060086391927,24353.02329410811,24411.75170589189,24306.146588216216,24458.62841178378,24247.41817643244,24517.35682356756,24200.541470540546,24278.18813861667,24337.225,24396.26186138333,0.4851568852515194,0.8675669656471465,78.57406762357645,24337.225,24224.09,24172.26875,24323.62750472573,24237.3358353559,23963.63142019229,76.93719643058837,73.73563700451203,283.5097061487053,1.1569687294815365,122.83514663038052,1
1678770060,0.6057072845527205,0.6310814047738914,0.7329561543229872,0.5908983562519415,2.7589372240919965,2.947989277423811,1.8016905458947248,411.2959847335078,-55.92801912454797,467.22400385805577,24376.941666666666,24425.58333333333,24331.98333333333,24470.541666666668,24283.341666666664,24519.18333333333,24238.383333333328,24270.13482988375,24361.255,24452.375170116244,0.7480745151778618,0.9012283993034692,79.54960569597901,24361.255,24253.205,24185.46125,24360.54333648382,24273.161138018462,24008.464142078737,72.88422593208692,74.2500302035756,305.27329856665494,1.2059283712097346,152.66417715385845,1
1678772520,0.6197743997858339,0.5982976303515949,0.5977842305672199,0.5957679514250749,-0.22628798989241186,-0.17582802541808523,1.774799878336439,389.7739123930333,-61.96007317201804,451.7339855650513,24491.525,24757.05,24168.849999999995,25079.725,23903.325,25345.25,23580.65,24288.34247672177,24367.725,24447.107523278228,0.6515382398498769,0.3379681135239646,73.36707390652958,24367.725,24282.870000000003,24202.215,24354.362224322547,24285.67729474237,24040.22946188076,62.74509593147385,70.85550609804974,297.3805629547512,1.2337104679283166,56.60087814146623,1
1678774980,0.6104152579271366,0.6080573466884085,0.5907476910692622,0.6152463321176106,-0.6241227025737391,-0.5888215888505541,1.7505602228732404,370.6637541502896,-64.85618513180941,435.519939282099,24337.2,24434.800000000003,24244.4,24527.6,24146.8,24625.200000000004,24054.0,24316.79219750997,24378.275,24439.75780249003,0.5044065053005358,0.4286385814844337,74.0145467371442,24378.275,24317.51,24222.36125,24359.40814954837,24300.917786607395,24071.58856074926,52.71913512725144,62.78281899693743,284.4248084579832,1.4419454608272932,59.33219815851903,1
1678777440,0.6106157869768909,0.5791863312702349,0.5865961327654674,0.567839390873278,-0.3209957259753189,-0.27556438600577576,1.7320558984391032,344.9778608928682,-72.43366271138467,417.41152360425286,24357.83333333333,24421.666666666664,24305.666666666664,24473.83333333333,24241.83333333333,24537.666666666664,24189.666666666664,24267.051830419983,24362.93,24458.808169580017,0.7870824205464378,0.1100259301592651,68.69428703350843,24362.93,24333.5725,24232.827500000003,24335.655433032247,24298.596370860592,24092.21345972552,47.38751549624442,54.28391551832326,281.00875071098454,0.6657334310087752,12.25089136891335,0
1678779900,0.5962798284726799,0.5512025627917717,0.562088744614621,0.5501871083706681,0.1573364548539828,0.21585845525597971,1.7203489850166085,314.632185424598,-82.22347054372392,396.8556559683219,24282.650000000005,24403.70000000001,24167.10000000001,24519.250000000007,24046.050000000003,24640.30000000001,23930.500000000007,24176.5876722947,24328.665,24480.742327705306,1.2501904868623188,0.1075516258698797,63.89978025416508,24328.665,24332.945,24236.35125,24293.53695535484,24282.36066706776,24103.364558799283,42.54904105593241,47.55189722647612,276.3825898145801,-0.0259130745398274,-31.91452805611067,0
1678782360,0.575119271644133,0.5544055242441251,0.5448694535425775,0.5727447918932733,-0.3435764486186238,-0.3007313632828506,1.71395717027186,287.9914746112845,-87.09134508562994,375.0828196969144,24216.71416605377,24321.12833210755,24104.885833946228,24432.956664215097,24000.47166789245,24537.370830268872,23888.643335784906,24157.161015721904,24285.455,24413.7489842781,1.0565499742796494,0.2383743268332601,64.20770392269792,24285.455,24323.355,24236.2425,24268.46630356989,24270.717818509984,24114.31317224697,37.03693575439376,42.32449743552356,264.0909762563958,-0.3944193162644411,-41.23474557662752,1
1678784820,0.5661405533139097,0.5529149493854116,0.5339276346232538,0.5626475430783926,-0.2996659530025104,-0.25608281444979547,1.7066616810507405,263.50212597280915,-89.26455497928424,352.7666809520934,24224.40833333333,24273.51666666666,24169.21666666666,24328.70833333333,24120.10833333333,24377.81666666666,24064.91666666666,24135.962570225463,24259.88,24383.79742977454,1.0215832046534243,0.3153810965767678,63.93439453662681,24259.88,24313.8025,24236.355000000003,24250.35253571326,24260.42821514453,24123.8190606044,32.23957738076232,37.27518473036286,252.4701922380819,-0.3929509474632561,-80.50868217285708,0
1678787280,0.5609058697883533,0.5911286750787365,0.5968694804324859,0.5919274385870937,-0.2680571700933155,-0.22013302767487816,1.695235138214911,249.9018998204629,-82.29182490530445,332.1937247257673,24203.24166666667,24259.38333333334,24157.983333333337,24304.64166666667,24101.841666666667,24360.78333333334,24056.583333333336,24158.44050815201,24250.340000000004,24342.239491848,0.7579233268316632,0.8887943151970669,67.72715122760876,24250.340000000004,24314.307500000003,24243.12625,24274.16835714217,24271.586721481886,24142.674388165884,31.565507128161943,33.61400675443937,249.6705356496476,0.0207675779041315,21.484007074885977,0
1678789740,0.5773963376710199,0.6492788395073508,0.6721956357581224,0.6085638980660697,0.6640784145776394,0.7595474035166108,1.6919661513641893,249.46922235271995,-66.17960189843791,315.64882425115786,24326.02468742339,24423.17531257661,24224.649374846776,24524.550625153228,24127.49874969355,24621.70125030645,24026.123437116938,24076.86705194802,24289.840000000004,24502.81294805199,1.7535969611326003,0.9597062720665388,72.47135038929726,24289.840000000004,24326.385,24261.295,24344.662238094785,24310.507317576088,24175.338732150085,37.68926597538343,33.83145016143593,257.9914237364527,0.4956930827677197,154.62491751482096,0
1678792200,0.6147180945787437,0.7123887143289453,0.7346097411050075,0.6462160678466601,1.5160757760569992,1.6697694773537843,1.722659795313264,260.4727460192771,-44.14086258550458,304.6136086047817,24467.495677045023,24659.65432295497,24293.49135409005,24833.658645909945,24101.332708180107,25025.81729181989,23927.328385225133,24035.93361141715,24380.675,24725.41638858285,2.827988877115585,0.9101625296030206,76.5076478669588,24380.675,24354.67,24289.38,24450.93315872986,24374.68325983498,24221.827900516742,54.33526916178925,41.19668075511158,270.8782137861675,1.1601425312107403,219.5085234978096,0
1678794660,0.6649354740792839,0.8168797864186317,0.9116842575711125,0.6968780263274886,4.220268031345125,4.553020324900514,1.819163135042883,289.6122845498321,-12.001059243959672,301.6133437937918,24620.956171855843,24861.418828144146,24423.012343711685,25059.362656288304,24182.549687423383,25299.82531257661,23984.605859279225,24002.475774187627,24528.590000000004,25054.70422581238,4.28980406792544,0.9080007524384056,81.37649578950328,24528.590000000004,24407.0225,24330.11375,24619.922105819907,24480.722667137707,24291.930005229435,67.02841082413491,53.01764865376922,308.6880372454578,2.1425757769535805,267.9332395227707,0
1678797120,0.7422922887876234,1.0551233346696487,1.2872243705771136,0.7706437074955574,10.272069296546611,11.335788598614332,2.0758925898569967,362.6929795860233,48.863708633785166,313.8292709522381,24934.028085927926,25346.071914072083,24545.85617185585,25734.24382814416,24133.812343711696,26146.28765628832,23745.64042963962,23891.621561886903,24811.605000000003,25731.588438113104,7.415751122211565,0.9443531079629526,87.65750389023569,24811.605000000003,24535.7425,24409.30625,24956.348070546606,24689.536727658124,24419.28905235044,71.50115873232512,64.2882795727498,405.3246060136393,5.287979623695673,302.7184721283515,0
1678799580,0.9000983730861758,1.1709622951182281,1.249297422683122,0.9341228436439778,4.348689364858533,4.9330220961899,2.17800125886023,441.8542878954468,102.42001355456688,339.4342743408799,25582.266666666663,26436.533333333333,24774.93333333333,27243.866666666665,23920.666666666668,28098.13333333333,23113.333333333336,24009.50113150093,25138.365,26267.228868499064,8.98120357866604,0.861972343523845,89.51001566824331,25138.365,24694.3525,24505.93125,25289.43204703107,24919.7300499021,24565.604380698016,72.48066636188014,70.33674530611343,454.7463438379551,6.508545517963022,219.44138022434527,1
1678802040,1.036923765532858,1.1117208169537698,1.1434678686338384,1.0565892005297235,1.981267965146234,2.295090597835556,2.1931752056058156,485.5239250279556,116.87172054966057,368.652204478295,25807.32368814865,26430.07631185136,25332.847376297297,26904.552623702708,24710.09475259459,27527.305247405417,24235.61844074324,24398.88662877393,25398.97,26399.05337122607,7.874991554587229,0.6948362562624331,82.67574733625436,25398.97,24844.405,24588.98875,25455.846364687382,25077.720040828983,24682.087296822014,73.72143913113483,72.56775474178006,454.721604992387,6.178012734605137,150.6284497319787,1
1678804500,1.0757142548830532,1.1607944451891499,1.18987384662287,1.1112934686478533,1.7420576269776364,2.050158069960541,2.220705373448688,525.2354763422809,125.2666174911887,399.9688588510922,25765.425,26004.25,25549.85,26219.825,25311.025,26458.65,25095.45,24920.231007350547,25651.665,26383.09899264945,5.702818843528902,0.6881817106987644,83.78049943674056,25651.665,25016.17,24674.557500000003,25612.880909791595,25232.125487950987,24800.64564950564,78.07967036988252,74.7605919542992,453.2071856278252,7.095000681556266,128.6969314093263,1
1678806960,1.1196475295439803,1.1449748322541133,1.1339333576141064,1.1444209428804397,0.861612198493213,1.0736753205455571,2.2326258220797577,546.8070851914854,117.47058107231452,429.33650411917085,25906.41008870384,26133.439911296187,25699.920177407665,26339.92982259236,25472.89035481531,26566.95964518471,25266.400443519145,25600.371887252382,25836.560000000005,26072.748112747624,1.828324767288052,0.5969883697088326,81.96591988626818,25836.560000000005,25182.575,24752.965000000004,25702.7122731944,25350.352671959896,24903.66749240986,77.00786018530725,76.26965656210824,433.8352437972663,6.871036704644105,101.24034891693591,0
1678809420,1.133703968453772,1.132367053240829,1.1469861383828173,1.1226151821419208,1.5554264327510139,1.8391569735483286,2.2681200307141567,554.6425954272854,100.24487304649163,454.39772238079377,25869.391666666663,25966.88333333333,25784.88333333333,26051.391666666663,25687.391666666663,26148.88333333333,25602.88333333333,25762.227569160823,25880.09,25997.952430839177,0.9108347833348126,0.3589881450631311,80.47004683081543,25880.09,25345.8475,24829.825,25750.7581821296,25440.62491342173,24993.494397894632,77.85938026024978,77.64897027181321,422.8470120974615,6.742861862652474,82.96573108292343,0
1678811880,1.134427986026575,1.0987137768176172,1.1128237391202334,1.1024206845121596,0.7659051015094094,0.9638657286409186,2.263801208304547,546.896427145617,73.99896381185863,472.8974633337584,25849.61666666667,25988.233333333337,25708.233333333337,26129.61666666667,25569.61666666667,26268.233333333337,25428.233333333337,25713.59815394603,25839.375,25965.15184605397,0.9735285474510904,0.1527580284430204,76.45894952864676,25839.375,25488.870000000003,24901.588750000003,25751.18045475307,25497.243110981417,25065.73540761895,75.29896514878733,76.72206853144814,409.7365112333573,5.88042414623917,64.16333623739087,0
1678814340,1.1179625227941299,1.0699935933791929,1.0797871861773214,1.0774640092498498,0.8946802909614231,1.0959104838470357,2.278666441481614,528.139498410459,44.19362806136047,483.9458703490986,25766.841666666664,25879.08333333333,25639.78333333333,26006.141666666663,25527.54166666666,26118.38333333333,25400.483333333323,25630.91464968466,25815.86,26000.805350315342,1.4328041003889995,0.1086411479034794,73.10969277173427,25815.86,25607.415,24966.9,25724.486969835383,25528.85345443934,25123.389178321908,72.04328273898646,75.06720938267456,395.8339032881174,4.841407109878631,48.64054230068341,0
1678816800,1.0953689878757702,1.0007173523266115,1.0568335574770522,0.9580515099674873,3.1133925274690863,3.4782209414668985,2.3690640204467526,491.85370526000406,6.326267928724349,485.5274373312797,25685.33333333333,25785.766666666663,25570.666666666664,25900.43333333333,25470.233333333334,26000.86666666666,25355.566666666666,25435.41069011386,25725.65,26015.889309886144,2.256419642544643,0.0697515955058369,65.64049820628153,25725.65,25688.6575,25021.66375,25641.624646556924,25519.225553632183,25156.961637529344,66.4060638512593,71.24943724634441,402.0856786472506,3.294041087073103,21.40010391069605,0
1678819260,1.049432383474028,0.8064102725300498,1.0112968105449875,0.5891796756026004,5.436493251998984,5.842449278266415,2.5150678490245415,414.1442809368855,-57.10652511551541,471.2508060524009,25487.35291943866,25723.30583887732,25239.94708056134,25970.711677754643,25003.99416112268,26206.664597193303,24756.58832224536,24881.047843108143,25534.855000000003,26188.662156891864,5.120899702715056,0.0362126327256544,50.16107858142525,25534.855000000003,25685.7075,25046.365,25403.88309770462,25411.80272569906,25135.193862526547,53.27635684094867,63.90856781039818,472.231657255161,-0.1181990471954771,-58.14959345329386,0
1678821720,0.9293057271437766,0.7660227918344347,0.8922158027006567,0.6528424713219526,3.126327809923163,3.3611778341595966,2.60709336165807,339.46317320866365,-105.43010627498984,444.8932794836535,24918.309793052667,25615.41958610533,24231.29020694734,26302.439172210663,23534.18041389467,26999.54896526333,22847.160827789343,24557.614174676524,25328.405,26099.19582532348,6.086374766381654,0.1667027012261245,47.64599717029705,25328.405,25604.2475,25069.995000000003,25207.45539846975,25303.2204119356,25104.661113714494,39.74500132335604,53.14247400518804,500.4911595640067,-3.17840588079223,-82.61785360917453,1
1678824180,0.8490476579742231,0.7746557045578164,0.8584880189665521,0.6703873362839788,1.1022330522515027,1.248587461970522,2.6163263676948505,279.02426347049914,-132.69521281052351,411.71947628102265,24826.821563193003,25254.643126386007,24386.77843680701,25694.686252772004,23958.956873614003,26122.507815965007,23518.913747228005,24432.46343744725,25145.785,25859.106562552744,5.673488121788559,0.2849076656943826,48.24337132751756,25145.785,25492.58,25093.46625,25084.611932313168,25218.80306431094,25079.35291240835,29.48910102687076,40.83681973039186,516.3846481665777,-4.3022507666938905,-94.05336990203676,1
1678826640,0.8132352936436885,0.6284995161793339,0.7771557100920677,0.4952251334386063,1.8203648796391114,1.9447314380366618,2.6674161292578344,195.6399408725556,-172.86362832677366,368.50356919932926,24819.30833333333,25190.61666666667,24467.61666666667,25542.30833333333,24096.30833333333,25913.61666666667,23744.61666666667,24223.43937006653,24896.985,25570.53062993347,5.410660205912235,0.1511854734723645,39.935334600031766,24896.985,25356.4225,25100.41375,24865.44128820877,25074.85705261804,25017.23358741708,25.03955222424753,31.424551524824807,549.5735070400183,-5.279740040928821,-145.76275763422586,0
1678829100,0.7222473960641171,0.6229719677449396,0.6869598212160404,0.6149956911895814,0.06635419261992997,0.13335144356039788,2.6788082853493806,126.83837825738738,-193.3321527535536,320.1705310109409,24441.90955746491,24925.019114929823,23943.99044253508,25422.938229859657,23460.880885070164,25906.04778732457,22962.96177014033,24244.99302173306,24684.11,25123.22697826693,3.5578919253474286,0.1896214294926539,39.65718230750315,24684.11,25204.88,25110.525,24714.135858805854,24954.251224869306,24959.547055282124,22.12579463650252,25.55148262920697,538.1871376941148,-5.84497983758214,-125.19610249342696,1
1678831560,0.6739895361043521,0.6776441241698897,0.7207477582940304,0.6512312082131951,-0.21866737445959752,-0.1593194510076396,2.6874121466104057,83.77745736792349,-189.114458914414,272.89191628233743,24462.76311206579,24632.22622413158,24242.06188793421,24852.92744826316,24072.59877586842,25022.39056032895,23851.89755173684,24243.768767214056,24611.545,24979.321232785947,2.9886480737876915,0.4375027586043647,43.82480358378812,24611.545,25073.2,25127.8875,24664.61557253724,24883.58282034761,24922.025907160016,21.33670264111644,22.8340165006222,527.2451992873923,-5.087632027586338,-89.6110659583427,0
1678834020,0.6771980389164882,0.7141543357389697,0.718812709932092,0.7092491527548291,-0.3326653311645004,-0.2769132372066669,2.6900605604153762,57.29209248452389,-172.47985903825085,229.7719515227748,24579.858333333334,24765.216666666667,24380.216666666667,24964.858333333334,24194.858333333334,25150.216666666667,23995.216666666667,24263.80713101997,24582.315,24900.822868980027,2.591357803201435,0.6352164395118963,46.483001060786165,24582.315,24955.36,25150.60375,24665.893715024828,24844.46776210259,24897.875820763824,25.896332822951777,23.11961003352361,505.118054049054,-4.5591629154036095,-67.55965050817652,0
1678836480,0.6970583006989205,0.7167805866805115,0.7170183923601133,0.727318632793411,-0.08197639748472291,-0.012927303186381947,2.70127780234596,36.47886253332035,-154.6344711915635,191.11333372488383,24666.328278016448,24776.12172198356,24558.656556032896,24883.793443967104,24448.863112065792,24993.58688793421,24341.19139008224,24322.736582238085,24549.7,24776.66341776192,1.849011741584748,0.7779082224879278,46.67845836025092,24549.7,24847.7425,25168.30625,24669.21247668322,24813.809987174845,24876.730504500603,30.78405183855558,26.0056957675413,480.602478759836,-4.178991749192551,-57.2034161035565,1
1678838940,0.7083016221299684,0.6748226789016106,0.6797599157184269,0.6199010922095768,0.4893052217958029,0.5764166405151897,2.733669197479486,10.325433226444147,-144.63032039875176,154.9557536251959,24683.916666666668,24760.833333333336,24598.93333333333,24845.81666666667,24522.016666666663,24922.733333333337,24437.033333333333,24383.940085536226,24575.805,24767.66991446377,1.5614130602336302,0.4526229168818857,43.91869493244656,24575.805,24736.395,25171.905,24632.01665112215,24767.2308985976,24846.339504071973,31.899556978368786,29.52664721329208,472.62015884841895,-4.337465087199218,-71.73934182307363,0
1678841400,0.6929432893898834,0.7551007820066014,0.8208425326524785,0.7109553607778066,0.8817936672434321,1.017096715330102,2.7716190819913673,7.761630399385467,-117.75529858064836,125.51692898003382,24509.20833333333,24711.416666666664,24355.416666666664,24865.20833333333,24153.20833333333,25067.416666666664,23999.416666666664,24483.94452440468,24650.265000000003,24816.58547559533,1.3494416842603754,0.9015140033779264,50.00870110789776,24650.265000000003,24667.1875,25177.9225,24682.61943408144,24770.248007943494,24840.38574177941,34.45071537025682,32.37810806239376,475.0312189306748,-2.7165870489364483,-25.672576606562853,1
1678843860,0.72540516357521,0.7962069327233811,0.7886151817518329,0.7578830594268017,-0.3735596545745595,-0.3146804632488541,2.7771956842048193,14.90410248189437,-88.49026119851156,103.39436368040592,24803.041666666668,25044.783333333336,24542.083333333336,25305.74166666667,24300.341666666667,25547.483333333337,24039.38333333333,24485.08450564222,24717.08,24949.075494357778,1.877207941696831,0.8934774692616378,52.83313260842765,24717.08,24664.3125,25175.01,24754.96295605429,24793.775642862856,24846.02995684804,39.56156283470935,35.30394506111168,461.10316385504944,-0.1153303059963736,-7.857064620224263,0
1678846320,0.7621901944889437,0.7879200463064872,0.7676111113504289,0.7949937515298717,-0.7458133817149205,-0.7100614774866362,2.7702348167074144,18.46753100828573,-67.94146613769617,86.4089971459819,24854.80385070936,25017.246149290644,24737.207701418723,25134.842298581283,24574.76540283744,25297.284597162565,24457.169253546803,24503.114180588425,24758.65,25014.185819411578,2.06421448190088,0.730202560781723,52.19292982000718,24758.65,24670.4825,25137.365,24795.40863736953,24808.780071433248,24848.912818100605,46.34982869191296,40.12070229895974,436.5025252894001,0.2486439434849015,9.267387429472212,1
1678848780,0.7764390614181025,0.7562098406812392,0.7595894563227574,0.7448634977554373,-0.40528752472760715,-0.3513081353237993,2.7693741004022385,13.921299443398311,-57.99015816206686,71.91145760546517,24861.66859202135,24927.331407978658,24810.6371840427,24978.36281595731,24744.97436808539,25044.025631914617,24693.94296010674,24539.04427473,24780.870000000003,25022.69572527001,1.951712956566948,0.5125710364213931,49.710637696538086,24780.870000000003,24665.285,25078.932500000003,24792.589091579688,24804.81096753629,24843.01159732912,48.36100277008037,44.75746476556759,422.0309163401574,-0.2092481860627968,5.213184887145202,0
1678851240,0.7677076064051271,0.7305861490624047,0.7320243208832926,0.7524543372900284,-0.6021371903155374,-0.559687319271816,2.758983320259548,4.441245659585547,-53.9761695567037,58.41741521628925,24777.61666666667,24899.233333333337,24665.333333333336,25011.51666666667,24543.716666666667,25133.13333333334,24431.43333333333,24677.549393754794,24812.295,24947.04060624521,1.0861196535444015,0.1380401457302756,47.73500803932789,24812.295,24694.05,25025.23625,24766.642727719794,24788.436246166053,24830.7962071073,47.45816816645358,47.38966654281567,401.4823826027184,1.1775855504746835,12.479503803574564,0
1678853700,0.7505293982262375,0.7390327399284468,0.730669278986151,0.7514159677310509,-0.5397135600173197,-0.4937187309020465,2.756819337943323,-1.138183893654059,-47.64447928795465,46.506295394300594,24734.50048133868,24791.800962677346,24657.44951866133,24868.851925354684,24600.149037322662,24926.15240669336,24523.098074645324,24656.506794479294,24803.24,24949.973205520702,1.1831777261414589,0.2795659143053656,48.4621297517894,24803.24,24726.7525,24965.81625,24757.278485146533,24779.366019590405,24822.010854049466,50.71794638543852,48.84570577399086,382.3336409882386,1.339633636161599,23.84336757974339,1
1678856160,0.7461637988459752,0.7546926484143354,0.7504771376729017,0.7724698056854821,-0.5865531667660419,-0.5417231768595414,2.7571836589627945,-1.976618057658925,-38.78633076156761,36.80971270390869,24740.18333333333,24806.06666666667,24672.666666666668,24873.583333333336,24606.783333333333,24939.46666666667,24539.266666666663,24669.19350022542,24779.845,24890.49649977458,0.8930766094346422,0.5127878971625647,49.855017611514015,24779.845,24748.4625,24910.83125,24765.74399009769,24779.967652392148,24818.264582235228,57.82931949769238,52.001811349861526,364.3740952033645,0.8837570461916816,55.62525562347346,1
1678858620,0.7518113413950419,0.7253957544650993,0.7241956626480295,0.7316511402636251,-0.33370168567866076,-0.2777548014947325,2.7570144836791255,-9.196170544470078,-36.80470659870301,27.60853605423293,24793.25833333333,24853.416666666664,24722.516666666663,24924.158333333333,24662.35833333333,24984.316666666666,24591.61666666666,24674.473685566347,24744.61,24814.74631443365,0.5668815506379268,0.1828675675417641,47.28053979446213,24744.61,24751.63,24853.495000000003,24743.87099339846,24765.450806502668,24807.01319345092,64.8841102611773,57.81045871476943,350.5045169745528,0.1284028789810437,9.79641400456083,0
1678861080,0.7399859398232158,0.732777649003489,0.740274155400863,0.736771376364789,-0.25331133048608717,-0.19108830711571556,2.7665532527111476,-13.088456161836802,-32.5575937728558,19.46913761101899,24702.841666666664,24786.58333333333,24616.383333333328,24873.041666666664,24532.641666666663,24956.78333333333,24446.183333333327,24674.516886985715,24731.405,24788.29311301429,0.4600475631229784,0.407889368756429,48.00905551512114,24731.405,24756.1375,24801.94,24736.22232893231,24757.35520532036,24798.814317884164,63.50887923675231,62.074102998540695,339.8684800477989,0.1826684795052682,16.570812577696277,1
1678863540,0.7377643692033157,0.7472841364677528,0.728593499834253,0.7650938012320594,-0.5266784846279582,-0.4794937445027556,2.769907103168156,-12.728127729154949,-25.75781227213915,13.029684542984205,24729.775,24826.15,24624.55,24931.375,24528.175,25027.75,24422.95,24682.51201034824,24740.815,24799.117989651764,0.4713101783571954,0.679965042318913,49.48631285732271,24740.815,24776.555,24756.475,24744.74821928821,24758.163349807564,24795.28914475234,60.880209396857175,63.09106629826229,321.9707314729561,0.8314118323738524,28.453900819371945,1
1678866000,0.7439071870441205,0.7718431317589349,0.7669426400981224,0.7765488829746666,-0.2639668751353026,-0.19928969420089845,2.7708304627335196,-6.7805413191672415,-15.848180689721156,9.067639370553914,24758.7,24804.9,24715.6,24848.0,24669.4,24894.2,24626.300000000003,24666.92382549812,24759.305,24851.686174501883,0.7462339876008872,0.8880390154518896,51.97422938117032,24759.305,24781.2725,24724.23,24773.49881285881,24771.40637711528,24798.69017858545,61.59504700930944,61.99471188097301,310.8519499346912,0.1903459211804443,84.73938306601609,1
1678868460,0.7592587020937515,0.7638933991791299,0.7539250420269007,0.7742242921816852,-0.3131773791311949,-0.2534142289945069,2.7694160391730755,-3.8303748575672216,-10.318411382496908,6.488036524929687,24828.76407002092,24913.03592997908,24746.728140041832,24995.071859958163,24662.45628008367,25079.343719916327,24580.420350104585,24664.821466337908,24764.49,24864.15853366209,0.8049310416817819,0.7212834802483813,51.096929351868006,24764.49,24772.1675,24718.24,24785.19920857254,24778.168854003405,24799.63397110112,65.18714222809321,62.55413287808665,298.3482392250704,-0.3656677905111232,54.28604009583063,1
1678870920,0.7629593963628631,0.7099665301835372,0.7273174418727346,0.6943772536810352,-0.19246096694728493,-0.12965983294305686,2.7740311417862986,-13.596707403521576,-16.067795142761014,2.471087739239435,24806.8,24875.6,24739.8,24942.6,24671.0,25011.4,24604.0,24630.81222357723,24755.795,24880.77777642277,1.0097254111432918,0.1033653482595483,45.48783527479016,24755.795,24750.202500000003,24710.3425,24742.3494723817,24756.074516911875,24786.01645004387,60.557023337736645,62.446404191713135,298.0090792804224,-0.8829689302669667,-100.762868028148,0
1678873380,0.7378449728856217,0.6744145453093433,0.7024216281502802,0.6776917290436801,0.09946449961303859,0.1722725923829587,2.788806824742399,-29.08461230529429,-25.24456003562697,-3.84005226966731,24656.607684171893,24798.215368343783,24515.042315828097,24939.780736687582,24373.434631656204,25081.388420859475,24231.86926331241,24517.71308397425,24722.905,24928.096916025752,1.659933701365216,0.0944528341479296,42.198990939657,24722.905,24727.155,24696.22,24680.391314921133,24719.78369565517,24764.1553595635,42.41269049501108,56.05228535361368,295.22353977880965,-0.929823959785299,-199.8023569697893,0
1678875840,0.7075108878594935,0.6597838432735206,0.6723515876838554,0.6496199451044375,0.34300158292340316,0.42447389929188883,2.805614604096094,-44.176166147935874,-32.26889110261485,-11.907275045321022,24584.095508752613,24699.791017505224,24440.77949124738,24843.107035010456,24325.08398249477,24958.802543763068,24181.767964989536,24417.345043117504,24673.595,24929.84495688249,2.0771189353030794,0.1910340943537991,40.8887888377949,24673.595,24707.205,24700.6275,24625.344209947423,24682.5957509906,24740.45008722412,27.49411687081497,43.48794356785427,292.1320914466749,-0.8072102691712439,-204.18820047474875,0
1678878300,0.6850281318323049,0.648311740343067,0.6646313557978178,0.5999930413547067,1.2008066903009742,1.3123501970261233,2.830266148087776,-58.07523350444171,-36.93436676729655,-21.14086673714516,24515.73108770964,24641.462175419285,24389.51891229036,24767.67435083857,24263.78782458072,24893.40543854821,24137.57564916144,24368.306455871203,24603.980000000003,24839.653544128803,1.915735130078956,0.243172275769228,39.84415661810023,24603.980000000003,24681.6425,24704.1975,24577.871139964955,24646.291978083213,24715.92388844087,23.76801075222748,31.22493937268455,297.59408491476944,-1.0333063174680666,-188.63811182778,1
1678880760,0.6680504181160022,0.695176123698565,0.7351022988698639,0.6816661780452814,0.5415451138128415,0.6416781750659598,2.8623909078884755,-57.76908703441586,-29.30257623781656,-28.4665107965993,24451.44166666667,24651.483333333337,24282.88333333334,24820.041666666668,24082.84166666667,25020.083333333336,23914.28333333334,24438.19299386833,24565.255,24692.31700613166,1.034485545797609,0.6956525066528585,45.92218672999675,24565.255,24664.8725,24706.6675,24590.23909330997,24640.59798206808,24706.30970858936,37.2178897014103,29.493339108150952,300.6802217065716,-0.6766824001041225,-41.77208875337913,0
1678883220,0.6829949140665892,0.7345787602911011,0.8553215761924712,0.6589652711352306,1.8665752688524808,2.056950559507445,2.9280016313087405,-48.01419635807906,-15.638148449183802,-32.37604790889526,24638.25833333333,24797.016666666663,24456.216666666664,24979.05833333333,24297.45833333333,25137.816666666666,24115.416666666664,24407.76580706828,24579.125,24750.484192931726,1.3943473816234409,0.9285588578212975,50.45484787702137,24579.125,24667.46,24709.545,24635.49272887332,24656.125621692063,24708.184974437987,47.42243761752888,36.13611269038892,332.48163444181665,0.1047565548757344,55.97786907319951,0
1678885680,0.7101694565938736,0.7877514693879414,0.8426558050961473,0.742512469360344,0.6989187608545083,0.8277273742889076,2.9256552010281305,-27.872453561998555,3.6028754775173653,-31.47532903951592,24768.033333333336,25119.966666666674,24374.06666666668,25513.93333333333,24022.13333333333,25865.86666666668,23628.16666666667,24354.792363991484,24642.995000000003,24931.19763600852,2.33902280147781,0.9039345427657998,55.83462453422278,24642.995000000003,24682.95,24719.54375,24715.603485915544,24696.0709632026,24724.150691158186,58.60988219872458,47.75006983922129,342.7733781284325,0.6265946763723503,123.98191879276676,0
1678888140,0.7503443998345625,0.768666787714773,0.7782362859923453,0.7631960913484118,0.28388716959021737,0.3794017017382083,2.8881418358599174,-16.06399463559137,12.329067523139642,-28.393062158731013,24883.752984648523,25118.072015351485,24641.505969297046,25360.31903070296,24407.186938594084,25594.638061405924,24164.939923242608,24420.46402197797,24704.355000000003,24988.245978022034,2.298307144809334,0.7072890812170617,53.58561092976845,24704.355000000003,24688.975,24732.765,24751.08565727703,24718.97624262031,24733.4744348574,61.119957537155024,55.71742578446953,335.12527969068736,0.2433183371160563,74.66063475805716,1
1678890600,0.7608890577685051,0.7077395403648638,0.7252651246441806,0.6646584007861743,0.6840195424892168,0.7878727898866486,2.8249888143880577,-20.324159355517622,6.455122242570713,-26.77928159808833,24824.050000000003,24940.900000000005,24705.200000000004,25059.750000000004,24588.35,25176.60000000001,24469.500000000004,24539.8201444835,24737.845,24935.869855516503,1.6009871152196296,0.2791438863271581,47.06751071984167,24737.845,24670.9125,24726.0925,24717.515438184688,24706.50328941661,24725.560202966222,58.351636283768975,59.36049200654957,339.0484739984956,-0.7274173412266924,-47.608945674537416,0
1678893060,0.7356962535023021,0.6980241863750357,0.7286638652292329,0.6675228685350766,0.1501147168562992,0.2278105520173593,2.7754382427707482,-25.61404157933066,0.9321920150061443,-26.546233594336805,24624.9049128288,24817.8098256576,24457.4700871712,24985.244651315195,24264.5651743424,25178.149564143994,24097.130348684805,24545.34330510688,24739.45,24933.556694893123,1.569207843287721,0.2000361062658869,46.10446351612397,24739.45,24652.3525,24712.26,24686.01029212313,24691.32087315905,24715.79256458849,49.09674939600263,56.18944773897558,340.6878687128888,-0.7481276654063452,-43.75742726146375,0
1678895520,0.718241933662731,0.6205764010077217,0.6829892245623855,0.5527293234978197,1.2941665655823478,1.399943321716995,2.7906680270324085,-46.8749003976518,-16.262933442651995,-30.611966954999804,24621.666666666668,24803.333333333336,24441.333333333336,24983.666666666668,24259.666666666668,25165.333333333336,24079.333333333336,24342.59578274605,24675.205,25007.814217253945,2.695898309691421,0.0934718793533556,39.21596851881918,24675.205,24627.165,24688.68375,24592.26519474876,24639.22162349376,24686.17184415149,37.33141711659335,48.25993426545502,355.83721270636795,-1.021529688745227,-146.80073068218235,0
1678897980,0.6707889621815154,0.5576084856964787,0.6359493098439034,0.4673681845805322,1.280530863957269,1.3665416742210854,2.768368397752195,-77.15164277214717,-37.23174065371789,-39.91990211842928,24398.78456154053,24678.16912308107,24125.39043845947,24951.56324616213,23846.00587691893,25230.947807702665,23572.611753837875,24131.25610128306,24545.51,24959.763898716945,3.375394511802303,0.1159843021569239,34.67921090684876,24545.51,24594.2525,24660.70375,24470.62679649917,24564.335873767624,24642.474525660866,31.7390680584966,39.38907819036422,377.382900535256,-1.3402778696861013,-193.91101137569987,0
1678900440,0.6155769586666522,0.5650791049288407,0.5812179019740339,0.5548418684626343,0.22976349584481517,0.2929754362807572,2.744504209222433,-98.31431394564788,-46.71552946177488,-51.59878448387301,24215.608947436936,24550.21789487388,23892.74105256308,24873.085789747736,23558.132105126137,25207.69473718468,23235.26421025228,24072.458377149665,24430.78,24789.101622850336,2.9333621181995584,0.2455079621636824,35.63065589946935,24430.78,24567.5675,24637.38625,24396.551197666115,24506.892987628053,24604.943618455072,27.69655469105612,32.25567995538206,368.8279377224092,-1.0885061339370332,-140.91599789127162,1
1678902900,0.5917064516204955,0.5891678593419761,0.6210048109104802,0.5578495595989822,0.27780826763512634,0.34354363149330724,2.7272865320725197,-108.35983336709614,-45.40883910657851,-62.95099426051763,24252.204473718462,24379.108947436933,24121.49552628153,24509.817894873868,23994.591052563064,24636.72236859233,23863.88210512613,24076.825396369488,24363.96,24651.09460363051,2.357043794444838,0.416964031159826,38.729679205161126,24363.96,24550.9025,24616.2725,24369.792465110742,24472.23517169568,24577.4513690784,29.89916731720011,29.778263355584315,368.3616564565228,-0.6806784728540459,-94.83506983537907,0
1678905360,0.5918161721367448,0.6008174116603716,0.6044689430902797,0.6059368119336783,0.24283710955310017,0.31236709400808454,2.595571880027974,-112.376866151797,-39.5406975130235,-72.8361686387735,24315.325,24496.95,24134.65,24677.625,23953.025,24859.25,23772.35,24179.03329277308,24309.18,24439.326707226923,1.0707618046098013,0.6533653860730958,40.22839825678816,24309.18,24524.315,24594.59375,24362.8949767405,24449.8469586601,24555.70361964236,33.0672651574291,30.22099572189515,354.9786809953426,-1.080135161624174,-67.58981773665768,1
1678907820,0.5976960971881051,0.5836580558463744,0.611822126865646,0.5665145745394117,-0.000888119911558133,0.05595724652381615,2.5426721546024424,-118.10044606970403,-36.21142194474443,-81.88902412495962,24355.36666666667,24442.733333333337,24261.733333333337,24536.36666666667,24174.36666666667,24623.733333333337,24080.733333333337,24199.195955365096,24288.375,24377.554044634904,0.7343352087976583,0.5693828917469502,38.72578661596745,24288.375,24481.79,24574.625,24342.17998449367,24422.7384207219,24531.422322533563,34.42948217538378,32.4653048833377,351.90877520996094,-1.719849551079835,-73.47420178240428,0
1678910280,0.5920559566596191,0.5903124078942031,0.5864905846729983,0.5927244544418662,-0.03048324383976935,0.0254786385323329,2.4828057497518548,-119.743131805164,-30.28328614416351,-89.4598456610005,24309.516666666663,24461.13333333333,24149.13333333333,24621.516666666663,23997.516666666663,24773.13333333333,23837.13333333333,24240.547816223385,24306.805,24373.062183776616,0.545173944305847,0.59580093264154,39.66693664904269,24306.805,24426.1575,24554.55375,24334.61998966245,24403.967798772464,24511.23924419704,34.513400988810844,34.00338277387461,338.68671983782104,-2.236408239726711,-61.9524617649887,1
1678912740,0.592563227290221,0.6087227818931912,0.5962361918776686,0.6134560397745468,-0.3217240046898237,-0.2741676708816473,2.39717354411928,-115.527365565933,-20.854015923946,-94.673349641987,24316.166666666668,24401.233333333337,24234.43333333333,24482.96666666667,24149.366666666665,24568.03333333334,24067.63333333333,24280.637109991385,24331.4,24382.16289000861,0.4172623853014337,0.8937423577855118,42.30718260570684,24331.4,24381.09,24535.0325,24346.871659774966,24398.04183535929,24497.91883998779,35.09302628155093,34.67863648191523,324.25195413511943,-1.81562360884779,-42.98246233425546,1
1678915200,0.6020225057479154,0.6170806480652635,0.6048207700651775,0.617537906316733,-0.3683916072151939,-0.32227659613724174,2.3667970044874798,-109.0292311555313,-11.484705210835443,-97.54452594469586,24361.99166666667,24434.983333333337,24298.38333333334,24498.591666666667,24225.39166666667,24571.583333333336,24161.78333333334,24279.06776816737,24347.13,24415.19223183263,0.5590986028548858,0.8511124945001507,43.51564916314673,24347.13,24355.545,24513.22875,24362.88943984998,24397.47513802124,24488.109902846096,37.54358574030719,35.71667100355635,311.7768145540394,-1.0362925513303431,-31.59741215090397,1
1678917660,0.6109312851406843,0.6298836214052825,0.666355307974818,0.6103051252507545,0.3635922964201135,0.4445651026704643,2.372062244907811,-99.8178240686866,-1.818638499192588,-97.99918556949402,24381.775000000005,24463.15000000001,24313.55000000001,24531.375000000004,24232.175000000007,24612.750000000007,24163.95000000001,24267.6794902338,24363.51,24459.340509766207,0.786672443881896,0.8521321141077689,45.40228242872648,24363.51,24336.345,24494.34875,24385.592959899983,24403.57056747192,24482.6708644798,40.8587981904198,37.83180340409268,314.1284706573224,-0.7797587621329651,-2.063517865156854,1
1678920120,0.6217874787187437,0.6085098426276613,0.59950818274422,0.6179675764790672,-0.06071537292042869,-0.0028126331502068115,2.3548591907298184,-96.26765812806843,1.3852219531404728,-97.6528800812089,24445.36666666667,24610.533333333336,24265.833333333336,24790.06666666667,24100.666666666668,24955.233333333337,23921.13333333333,24304.78194972669,24377.515000000003,24450.24805027332,0.5967224327279707,0.4536661808168753,42.83031331147252,24377.515000000003,24332.945,24480.055,24380.653639933327,24397.60773702248,24472.014115481725,43.47275689694151,40.6250469425562,301.2121513246567,-0.1393169984152691,-24.17358748102045,1
1678922580,0.6165281565535428,0.5951479037156232,0.5906773256742823,0.5917218907297507,-0.10744495283837878,-0.05430687460018858,2.316821502749893,-95.39254056059872,1.808271616488156,-97.20081217708687,24369.091666666664,24436.58333333333,24303.28333333333,24502.391666666663,24235.79166666666,24569.88333333333,24169.983333333323,24315.864697266246,24380.24,24444.61530273376,0.5280940854868962,0.1340599733187987,41.25684872953113,24380.24,24343.5225,24468.8875,24364.81075995555,24385.88360301839,24458.786580673943,46.46329513177935,43.59828340638026,292.6612833728955,0.4365933542050677,-43.42794430975709,1
1678925040,0.6072171949540992,0.5685216230549157,0.5784337469478362,0.5664787686925497,-0.08885929604556975,-0.03604043040329598,2.3010962279942344,-99.60471294436502,-1.9231206138225048,-97.68159233054251,24323.74166666667,24419.18333333333,24237.68333333333,24505.24166666667,24142.24166666667,24600.68333333333,24056.18333333333,24239.42046808773,24357.585000000003,24475.749531912275,0.9702483387599604,0.0790403499678585,38.24195818686675,24357.585000000003,24344.4925,24456.03,24329.24050663704,24362.65022065141,24439.67357299071,45.38593465839825,45.10732889570641,287.271191703403,0.0400026393493883,-88.10066167051073,0
1678927500,0.5892479141204839,0.5489400830955103,0.5551180399124737,0.5535886638224895,0.15409398676982305,0.2129540327517658,2.3075797520875305,-106.1711760604885,-6.791666983956787,-99.37950907653172,24263.63333333333,24369.466666666664,24152.266666666663,24480.83333333333,24046.43333333333,24586.666666666664,23935.066666666666,24157.6765834948,24319.185,24480.6934165052,1.3282387259704589,0.1400806765502155,36.149764031225885,24319.185,24333.1575,24442.03,24287.135337758024,24333.60927144206,24417.12608984873,43.57485969000399,45.14136316006056,280.10393663966795,-0.4661487008186843,-138.52310507533878,1
1678929960,0.5704720185637888,0.5790887341068662,0.5710101977774913,0.586637460475449,-0.5026810124634402,-0.4638855347021185,2.301138536522715,-103.32927478610507,-3.1598125676586903,-100.1694622184464,24211.15154027037,24300.50308054074,24113.57345972963,24398.08116108148,24024.22191945925,24487.43270135185,23926.64383891852,24173.98563059576,24290.56,24407.13436940424,0.9598327037683728,0.4884837464113272,41.46007270029822,24290.56,24327.035,24425.675000000003,24287.38189183868,24325.293949361683,24404.816462244096,45.44292273499329,44.80123902779855,270.88044116540584,-0.2514466653798233,-39.14280263026496,0
1678932420,0.5761591432663375,0.6119701056925315,0.5988397114919135,0.607315750667975,-0.6606448187417217,-0.626124266685921,2.2822372281588077,-92.53428917470592,6.108138434992398,-98.64242760969832,24285.291666666668,24356.483333333337,24216.68333333333,24425.09166666667,24145.491666666665,24496.28333333334,24076.88333333333,24170.43716271833,24292.51,24414.582837281672,1.0050244892904867,0.8605019837333431,46.669605527975456,24292.51,24335.0125,24408.401250000003,24318.42959455912,24335.33595856865,24402.50298964942,48.936766873106926,45.98484976603478,263.0424699962499,0.3282820489079615,52.687512084239295,0
1678934880,0.5954442060926567,0.5946510454293849,0.589199652379711,0.5992769244174811,-0.33774366148033325,-0.2922467532145079,2.2763160171575256,-86.91503504413049,9.381914052454263,-96.29694909658475,24361.792051734257,24451.732948265737,24290.584103468515,24522.94089653148,24200.643206937035,24612.88179306296,24129.43525867129,24170.525216191,24292.23,24413.934783809003,1.00200585791427,0.6622573853053305,44.42700107391266,24292.23,24336.235,24381.19625,24322.861396372748,24334.67942064708,24395.762228730426,49.2824354129636,47.88737500702131,255.4108649965176,0.0502683032134497,-2.790618122265062,1
1678937340,0.5964267782701751,0.5765423353898979,0.5622344152802569,0.5939060473882894,-0.3999492014577314,-0.3580922553630998,2.2626599918297137,-85.59237115215001,8.563662355547791,-94.1560335076978,24328.908333333336,24408.41666666667,24252.216666666674,24485.108333333334,24172.70833333334,24564.61666666667,24096.01666666668,24178.83138398879,24296.75,24414.66861601121,0.97065340846995,0.4319445879585574,42.14651166148079,24296.75,24327.167500000003,24354.12875,24308.807597581832,24324.864980529423,24384.80392123229,41.57887762538923,46.599359970486624,244.1190174967661,-0.3720553313056783,-71.3155366090869,1
1678939800,0.5878632606704361,0.5682909388505918,0.5552483493020651,0.5762537648856783,-0.26080322921333465,-0.2148146071757288,2.2340971636454015,-85.43538524074393,6.976518613563101,-92.41190385430704,24281.35217960023,24328.30435920046,24233.747820399767,24375.90871840093,24186.795640799537,24422.86089800116,24139.19128159908,24220.349722942952,24307.655,24394.960277057053,0.7183356605731837,0.2124744248437873,41.11097968203205,24307.655,24313.42,24334.4825,24291.68839838789,24312.60771134225,24372.674976353024,33.42443516862118,41.42858273565804,235.5390876755685,-0.563539342711659,-100.01237722287468,1
1678942260,0.5794555991609656,0.590365642710585,0.5988748941894028,0.5816604477617321,-0.2521619093866241,-0.20315063871171046,2.2053901975247423,-79.37694459516206,10.42796740731599,-89.80491200247805,24250.55,24316.0,24192.0,24374.55,24126.55,24440.0,24068.0,24228.788097873767,24314.01,24399.23190212623,0.7010106693731863,0.5330900851734629,45.00398680628622,24314.01,24302.285,24319.315,24301.008932258595,24313.888127461843,24367.62497860512,32.624395415093254,35.87590273636793,235.35058141302773,-0.4557734026441756,-5.293418672760194,1
1678944720,0.586289667268052,0.632376785305869,0.6305745046277029,0.6175359611104249,-0.012115823558650889,0.049717278982715024,2.164575522863999,-64.28270255551615,20.41776755756952,-84.70047011308567,24317.650000000005,24435.10000000001,24202.20000000001,24550.550000000003,24084.750000000007,24668.000000000007,23969.30000000001,24201.01842357002,24325.51,24450.001576429982,1.0235475139471306,0.9518980449383372,51.566244820639874,24325.51,24309.01,24320.9775,24346.680954839067,24336.458467923323,24374.32974254749,43.048101769032165,36.36564411758224,234.4544993585194,0.2759452664102803,116.35478281547296,0
1678947180,0.6107133135043611,0.641666260764636,0.6256841096766218,0.6421758320849953,-0.17078246252032836,-0.11427386229371964,2.1399511742689463,-49.63612884860777,28.05147301158233,-77.6876018601901,24420.539855783365,24540.68514421664,24317.87971156673,24643.34528843328,24197.734423133454,24763.490576866552,24095.07427891681,24184.53188453952,24352.005,24519.47811546049,1.3754359483786665,0.8349642110959351,52.904421964476526,24352.005,24322.1175,24332.82,24385.853969892712,24359.68420102817,24382.888814685823,56.746505002319054,44.13966739548152,227.71419342755053,0.5386689954537311,126.16031604026185,1
1678949640,0.627570104511714,0.6650008552790175,0.6709642413459798,0.6591818577802494,0.1360738677311032,0.2113325514494613,2.107559466156236,-32.35022490332631,36.26990156549104,-68.62012646881735,24447.569927891684,24525.930072108324,24385.839855783368,24587.66014421664,24307.479711566728,24666.02028843328,24245.74963945841,24203.433301584537,24401.855,24600.276698415462,1.626283726507372,0.8227847584788612,56.179604494848974,24401.855,24349.3025,24346.8975,24433.88597992848,24390.641619023045,24396.8946418586,69.99384264415853,56.59614980516995,227.25568733718848,1.1206566054225278,170.5105074044852,1
1678952100,0.64766637541997,0.6929934962268783,0.6840522048121813,0.6794560427835229,-0.05679997740643563,0.010612858447649916,2.101615030498764,-12.14645144302267,45.17894002063574,-57.32539146365841,24528.21829727917,24639.73170272083,24418.43659455835,24749.513405441656,24306.923189116693,24861.02681088331,24197.141486395867,24279.24690223836,24472.13,24665.013097761646,1.5763490775968036,0.8543467561085112,59.792006515281656,24472.13,24389.8925,24361.525,24492.198986618983,24430.311324655217,24417.07848549112,78.37739797060806,68.37258187236192,225.44260639033507,1.6770700235611926,185.1505032013985,0
1678954560,0.6717115249050674,0.6871909012411721,0.6720197222706734,0.7037140661410782,-0.11826785187911558,-0.0544214849474456,2.093803194095457,2.516863392746018,47.87380388512354,-45.356940492377525,24585.78414863959,24698.240851360417,24496.368297279176,24787.65670272083,24383.911594558347,24900.11340544165,24294.49574319793,24391.488685790315,24526.695,24661.901314209685,1.102523713118991,0.7432578699615456,58.71155218652189,24526.695,24420.3525,24373.69375,24525.624324412656,24459.79562926336,24433.782915444343,84.04188452668643,77.47104171381771,216.47697572249788,1.2541237139930872,143.29221741915958,1
1678957020,0.6808326583873111,0.659579776477387,0.6535488060885345,0.643282310209991,0.3703087984469922,0.4502448051245511,2.0773315147879083,7.770265461876988,42.501764763403614,-34.731499301526625,24591.5170743198,24641.957925680206,24542.034148639592,24691.44085136041,24491.59329727918,24741.88170272082,24442.110371598978,24436.35380713184,24542.025,24647.696192868163,0.86114485555419,0.370589139491759,53.73564495320636,24542.025,24433.7675,24384.390000000003,24521.97454960844,24469.773696670018,24441.486923497265,81.3501385375254,81.25647367827334,216.741120313748,0.5502342545945906,66.1487514359837,0
1678959480,0.6715869786421038,0.7119184734509,0.7484013585210036,0.6887557357238142,2.0606553157306737,2.2441798622027207,2.0850122711492904,23.56201619454077,46.63481239685392,-23.072796202313143,24491.825,24611.35,24395.15,24708.025,24275.625,24827.550000000003,24178.95,24473.93233378947,24581.615,24689.29766621053,0.8761236087257117,0.8739459786524315,60.55929671048664,24581.615,24466.81,24401.5225,24568.69969973896,24504.75120636637,24462.502454592763,76.47721959246142,80.6230808855578,226.8881831484802,1.3580007171707018,142.94390548755808,1
1678961940,0.6931347840210617,0.7853559026507235,0.8159169550039082,0.7253269872981223,1.335487261589626,1.4986837938699222,1.985767412409438,52.17279507403509,60.19647302107859,-8.023677947043497,24673.18333333333,24847.066666666666,24488.266666666663,25031.98333333333,24314.38333333333,25205.86666666666,24129.466666666664,24410.34625770996,24649.44,24888.53374229004,1.939952731502561,0.9593072949052026,67.74740008402506,24649.44,24525.6475,24426.4075,24668.82479982597,24570.991896117943,24501.22364939345,74.48718521711506,77.43818111570066,242.7220520043087,2.423220912082436,184.8920645698187,0
1678964400,0.7406292208260135,0.7814076537690126,0.774331006570978,0.7732418966266134,-0.18438890961493873,-0.11481561238667504,1.7786261343614889,73.10662131781282,64.90423941188506,8.202381905927767,24840.17088428997,25078.904115710026,24630.341768579943,25288.73323142005,24391.608537159893,25527.4664628401,24181.779421449864,24415.192529312862,24699.265,24983.337470687133,2.300250397630321,0.7793037277004764,67.03998339562301,24699.265,24585.6975,24449.558750000004,24731.86653321732,24623.16609682377,24535.197587546456,76.7545746060852,75.90632647188727,239.42359640150377,2.475528136716761,149.2096951905435,1
1678966860,0.762402216964218,0.7564493973549608,0.7534676669595337,0.7577177967786366,0.08798056698585255,0.16996259393810903,1.616384482062244,83.06467183567293,59.889831943796125,23.1748398918768,24841.66877547832,24948.08122452168,24751.53755095664,25038.21244904336,24645.12510191328,25144.62489808672,24554.9938773916,24470.47693973834,24738.295,25006.113060261665,2.165210336942485,0.5920961042578716,62.590730492136416,24738.295,24632.495000000003,24467.390000000003,24750.45268881155,24653.06771558308,24559.23829349441,75.5135468454928,75.58510222289772,235.22191094425327,1.9242670021978048,103.87187523071756,0
1678969320,0.7608089684503991,0.7443650940361064,0.7673296497705109,0.7445412451336852,0.25235634853532807,0.3435930886606581,1.572183784703934,87.20371800395878,51.22310248966559,35.9806155142932,24784.00833333333,24876.11666666666,24695.516666666663,24964.60833333333,24603.408333333333,25056.71666666666,24514.916666666664,24635.154958248244,24786.075,24936.99504175176,1.217780885047405,0.3923270904819317,60.49719423591285,24786.075,24664.05,24486.53,24751.4934592077,24671.34176729525,24577.74655125685,71.06216518287285,74.44342887815033,236.76320301966405,1.2912254570490016,85.07916215837882,0
1678971780,0.753969893128458,0.7244464002396095,0.73745953960168,0.696167546024099,0.36931841334486215,0.4612442619989012,1.5551575420910881,84.97557790213614,39.19596991027435,45.77960799186179,24773.525,24891.95,24635.15,25030.325,24516.724999999995,25148.75,24378.34999999999,24664.390786140284,24793.135,24921.87921385972,1.0385472741524455,0.1283910665520805,57.10656409491453,24793.135,24687.375,24504.74625,24733.478972805136,24676.08871869611,24589.146879708584,64.876478976375,70.48406366824692,241.78011708968805,0.9534339974329836,40.84043278295898,1
1678974240,0.7405905150555951,0.7489255433062182,0.7450941849569643,0.7500553455503226,-0.004689023920234336,0.07155652837328322,1.5270592856748133,87.76378063829543,33.58733811714691,54.17644252114852,24681.483333333334,24842.966666666667,24535.966666666667,24988.483333333334,24374.483333333334,25149.966666666667,24228.966666666667,24668.459037993096,24772.605,24876.750962006903,0.8408155864666116,0.4703301026707737,60.06853296351085,24772.605,24711.0225,24530.1625,24744.46098187009,24692.513497115,24606.030510212528,63.86523250959939,66.60129222294911,237.23868015471035,0.964025609510016,65.12641658970446,0
1678976700,0.7461410040576533,0.7749928583949066,0.8083526750436036,0.7742242921816852,0.35030314509207827,0.45325094744424693,1.5167259801019723,94.80737217644491,32.50474372423712,62.3026284522078,24761.875,24853.25,24675.05,24940.075,24583.675,25031.45,24496.85,24676.322337882408,24768.99,24861.657662117595,0.7482554768490266,0.8824689129960266,62.99869395035467,24768.99,24734.1275,24562.01,24776.265654580064,24719.30649763954,24628.301414001813,65.94567737196581,64.8957962859801,241.04306014365963,0.9388908247346196,104.54102994598094,1
1678979160,0.7619505519574102,0.769358840327746,0.7627207163993478,0.7814570732476637,-0.371041029287467,-0.31339750062346994,1.4780059488294202,97.97904791514884,28.54113557035282,69.43791234479602,24868.791666666668,24999.583333333336,24709.083333333336,25159.291666666668,24578.291666666668,25290.083333333336,24418.583333333336,24673.70446859369,24776.265000000003,24878.82553140632,0.8278934004484865,0.7327162278970902,61.94075806399879,24776.265000000003,24757.28,24588.81625,24792.17710305338,24738.341679886893,24646.93937457307,68.46741770971344,66.09277586375958,233.86855584768384,0.9414465197179278,73.89004112484668,1
1678981620,0.7670381772829914,0.7719762187998915,0.774788381638345,0.771359824432783,-0.10259977232043979,-0.029138658589300825,1.4406266767172102,99.93572779117312,24.398252357101683,75.53747543407144,24827.0,24895.8,24755.2,24967.6,24686.4,25036.4,24614.6,24684.270227895944,24791.825,24899.379772104057,0.8676632083685377,0.683859810338009,62.2578516044338,24791.825,24788.95,24611.358750000003,24805.243068702253,24755.25682899837,24664.50467223277,68.8373400061799,67.75014502928643,231.67080185856344,1.2918792519174769,67.70361534208814,1
1678984080,0.7708907440310832,0.753157711208635,0.7499142145130655,0.7520246671276929,0.16948682922116248,0.2550410805015255,1.4283578088479632,96.0999558673575,16.44998434662884,79.64997152072866,24831.49166666667,24932.983333333337,24729.88333333334,25034.591666666667,24628.39166666667,25136.083333333336,24526.78333333334,24748.500316130856,24808.005,24867.50968386914,0.4797216371823647,0.2508179350619352,58.48495619421087,24808.005,24800.57,24633.69,24796.27871246817,24759.4555873623,24675.34708440108,64.81977523788193,67.37484431792512,228.43717315438047,0.4711673556441635,24.4604567393894,0
1678986540,0.7634073073545171,0.7286785681420275,0.7277614540007677,0.7323672572008507,0.14961496520795678,0.23155489524024703,1.429264378682094,86.49728605961718,5.477851631110823,81.01943442850636,24772.25,24868.5,24682.1,24958.65,24585.85,25054.9,24495.7,24699.54223392732,24796.595,24893.647766072685,0.7827910733121534,0.0506568049040397,53.90845833410968,24796.595,24784.6,24655.12375,24767.310808312115,24750.35002602369,24678.58783826765,59.13137573164128,64.2628303252344,224.8584515683583,-0.6421630076711768,-29.07664942050961,0
1678989000,0.7474254109777452,0.7205957485212658,0.711918672840044,0.7320091987322379,-0.10796345818305163,-0.040549877485787034,1.4200951576621732,76.17129363407003,-3.878512635549072,80.0498062696191,24709.97002365002,24798.840047300044,24620.504976349974,24888.30509460009,24531.63495269995,24977.17511825012,24442.169905399904,24648.292575028867,24765.94,24883.587424971138,0.9500743761079568,0.162806049433425,52.44904588430632,24765.94,24767.465,24676.58125,24740.40720554141,24738.7591122012,24679.35090128977,52.010476612070114,58.65387586053114,218.39035041883565,-0.689316697475062,-59.08213317589826,1
1678991460,0.7353928527157566,0.7513477274516264,0.75902653316292,0.7438967398901825,0.09468419999338752,0.17705085824689495,1.411225028549295,74.1253304102429,-4.739580687500961,78.86491109774386,24687.035011825017,24753.97002365004,24619.664988174995,24821.34004730006,24552.729976349976,24888.27505912508,24485.35995269996,24651.988243741584,24755.79,24859.59175625841,0.8386058878219382,0.5841026232568357,57.19683954860335,24755.79,24766.027500000004,24699.26125,24751.35480369428,24745.03018271007,24688.293672595508,48.62043864973489,53.25409699781547,219.5767539603474,-0.0579926475408596,-2.014952392025423,0
1678993920,0.7447533249734571,0.8132065840882314,0.8553215761924712,0.7774025118392442,0.9720265694514149,1.1216717679849686,1.4142589257180591,85.58190816467322,5.373597653543484,80.20831051112974,24771.61666666667,24889.93333333333,24654.93333333333,25006.61666666667,24536.61666666667,25124.93333333333,24419.93333333333,24596.097724826646,24779.025,24961.95227517336,1.4764687082995005,0.9606338771522588,64.80856450453929,24779.025,24785.425,24724.7375,24816.753202462853,24781.851967671875,24712.984751395936,54.239934819894586,51.6236166938999,233.54439590112543,0.7836241835775325,184.2789087020577,0
1678996380,0.7803645220607563,0.8123814444342993,0.8240089754265595,0.8133289780593693,1.4242842721453088,1.5967959780181926,1.4242961920929909,93.39709691057578,10.55102911955683,82.84606779101895,24952.14208628959,25157.40791371042,24742.28417257918,25367.26582742083,24537.01834515835,25572.53165484166,24327.16043144794,24586.33714811502,24812.4,25038.462851884982,1.822176426987964,0.7937789178816022,64.6434284572235,24812.4,24810.2025,24748.78875,24859.57713497524,24811.5561553679,24735.10287031061,60.85892499511155,54.573099488247045,232.9902869485892,1.0032412253086769,153.25000266036582,1
1678998840,0.7977575303334442,0.7643725125265742,0.7790806707320994,0.7323314513539899,0.8047991014323188,0.9269622909151783,1.4279410547124949,87.66458556436555,3.854814218677277,83.80977134568828,24955.1460431448,25063.07895685521,24837.29208628959,25180.93291371041,24729.359172579178,25288.86582742083,24611.505215723973,24630.03181155616,24832.515,25034.99818844384,1.6307908276213074,0.4442793246851282,55.74356238268169,24832.515,24814.555,24762.78875,24843.03475665016,24811.26412711919,24742.231168376264,59.33151609553486,58.14345863684704,239.5124093094042,0.1757419571052253,-5.925114998805982,0
1679001300,0.7824483790271398,0.7898276272268643,0.8268235912257426,0.7788432464267906,0.002091447971219329,0.08492547393414183,1.4282828744448695,87.89592755164631,3.2689249647664127,84.6270025868799,24792.08333333333,24963.166666666664,24638.866666666665,25116.38333333333,24467.783333333333,25287.466666666664,24314.566666666666,24730.77782274362,24871.53,25012.282177256384,1.1318336849914854,0.5360385188980815,58.96913938218708,24871.53,24818.735,24776.43125,24855.914837766777,24824.066104006608,24755.51153329281,55.91121495327111,58.70055201463921,245.98295150158955,0.1682778194334831,91.44815876715208,1
1679003760,0.7875219914103866,0.8004834629727846,0.7898465761639755,0.808060817465593,-0.41584124200982275,-0.3588908396754933,1.3912461548313215,89.47067209949455,3.874935610091711,85.59573648940284,24904.525000000005,25058.15000000001,24728.05000000001,25234.625000000004,24574.425000000007,25388.250000000007,24397.95000000001,24797.69183936252,24899.22,25000.74816063749,0.8155127802194984,0.5614607805442301,60.27440388157438,24899.22,24827.505,24792.3925,24874.50989184452,24839.99953964177,24770.386625360163,54.17056074766375,56.47109726548994,238.65559782290467,0.3532871414759939,79.27132746692595,1
1679006220,0.7953869794882827,0.8141825557219128,0.8056787900343803,0.8284844306545246,-0.40539345816054007,-0.34647673682227126,1.3820228642855223,92.76403979823954,5.73464264706935,87.02939715117019,24906.7,24980.9,24837.5,25050.1,24763.3,25124.300000000003,24694.1,24797.176338390567,24899.77,25002.36366160944,0.824053086509901,0.7462627768973029,61.95022982623495,24899.77,24839.3975,24814.17375,24899.77326122968,24860.05416879781,24787.52123246872,59.42729415193722,56.50302328429073,230.9916349005796,0.478930385449871,104.32617439114036,1
1679008680,0.8061693593160799,0.8279969905732011,0.8210536288374167,0.8393622678613527,-0.029343387739062414,0.0549749585145026,1.3902094729461947,97.39230178673824,8.290323708454451,89.10197807828379,24953.579961029885,25017.620038970123,24886.25992205977,25084.94007794024,24822.21984411953,25148.98015588048,24754.899805149416,24786.24039850291,24908.57,25030.89960149709,0.982229019948484,0.8296626450708938,63.61702669003268,24908.57,24860.485,24830.527500000004,24929.590507486457,24883.539774470933,24806.731115090748,63.35434129788727,58.98406539916278,224.82652229733608,0.8510453682347695,114.19420646688954,0
1679011140,0.8184681089276679,0.8131001144554665,0.7996273660661364,0.8285059560233823,-0.15769245148805514,-0.0831642129727324,1.3892950472018273,96.5601161448285,5.966510453235756,90.59360569159274,24991.24831384828,25062.57668615173,24917.89662769656,25135.92837230345,24846.568255393107,25207.2567446069,24773.216569241387,24862.787147772247,24936.03,25009.27285222776,0.5874459745818004,0.57659450484746,60.53737912575323,24936.03,24884.2725,24834.43625,24935.47700499097,24895.12345183985,24820.113866034488,63.14049332595227,61.97404292525895,216.91748499038368,0.962691286202114,68.60949583680262,1
1679013600,0.8171686765835444,0.8258587254485013,0.8296030243274364,0.8287565969514115,-0.14903632672208644,-0.07345535252425302,1.3750125986455828,97.67552493085532,5.66553539141006,92.00998953944526,24946.85,25004.10000000001,24890.000000000004,25060.950000000004,24832.75,25118.200000000008,24775.9,24900.37271267656,24956.335000000003,25012.297287323447,0.448481616579068,0.7400277158502351,62.22407072222531,24956.335000000003,24913.932500000003,24840.69875,24951.384669993982,24911.137369687152,24835.64587879311,65.16423694408608,63.886357189308576,215.6090932053564,1.201461521635243,85.5311948099505,1
1679016060,0.8228985820205247,0.9597176712425968,1.0530483360850822,0.856239595880032,2.2290329062447025,2.5142209999883263,1.3611658791284402,127.52434349619216,28.411483165397527,99.11286033079465,24987.466666666664,25084.633333333328,24886.03333333333,25186.066666666666,24788.86666666666,25283.23333333333,24687.433333333323,24729.957476675576,25046.07,25362.182523324424,2.524248501456906,0.9971410127865,74.52604512136556,25046.07,24972.645,24869.33625,25087.714779996,24992.81693883494,24885.620080812816,64.81195627086166,64.3722288469667,254.27589956975223,2.369995862472627,260.2867399089434,0
1679018520,0.8926963241796544,1.0609969094105307,1.1121552678679267,0.9266552637323016,3.098582060271994,3.514604267549786,1.4480467394365886,172.22185840070597,58.48719845592908,113.7346599447769,25350.476872564366,25733.89812743563,24976.95374512873,26107.421254871264,24593.53249025747,26490.842509742528,24220.009362821835,24634.79795315935,25185.160000000003,25735.52204684066,4.370526507202298,0.9184427347815916,79.86803963638553,25185.160000000003,25042.465000000004,24913.945,25273.72651999733,25111.53204086495,24958.01340644969,71.56805095475411,67.181414723234,288.1336703971588,2.7986716130441547,269.715406447972,1
1679020980,0.9782373236787061,1.0618486664726532,1.071308156082283,1.0129535653986186,1.1651949654613394,1.3850959875125386,1.4948026895994444,205.4700896404211,73.38834375651533,132.08174588390574,25567.15510294885,25970.594897051145,25242.310205897706,26295.43979410229,24838.870411795408,26698.87958820459,24514.02551474426,24705.22234192468,25316.945,25928.66765807532,4.832515598349797,0.7707150010121265,79.90620321298309,25316.945,25112.7575,24961.480000000003,25398.53434666489,25209.098942525867,25023.740701073533,76.17568855665236,70.8518985940894,294.0646471956991,2.817873961850426,187.97941967459548,1
1679023440,1.0214337230627726,1.0902760584209716,1.075213435503649,1.0565323863941134,-0.12602444021607712,-0.021495693216816953,1.4998974069227002,235.5674777667992,82.78858550631469,152.77889226048444,25609.594218141094,25814.45578185891,25443.288436282182,25980.761563717817,25238.42687256437,26185.623127435632,25072.121090705463,24923.04611943138,25473.145,26023.24388056862,4.319049576081957,0.7318719497631998,81.1879578663395,25473.145,25204.5875,25009.57125,25508.439564443262,25303.4900438848,25090.83682478081,82.86118007164364,76.8683065276834,291.67136330946056,3.701337568193403,149.7068368526943,0
1679025900,1.0572463230575662,1.1036823596799952,1.1057871996222757,1.0926620385597992,1.2152967279551177,1.4550152614216478,1.527542547127301,259.47691316191776,85.35841672114665,174.1184964407711,25680.563775737213,25834.686224262787,25574.127551474427,25941.122448525573,25420.005102948853,26095.244897051147,25313.568878686063,25344.851342762824,25629.71,25914.56865723717,2.2228785049629907,0.7392677851572291,81.77827978813225,25629.71,25293.0225,25055.87875,25594.30137629551,25387.587308633018,25155.140460515977,86.01095066725752,81.68260643185121,288.44871852979816,3.554222133357173,129.17211406066338,1
1679028360,1.081856105844442,1.088137793296269,1.066065934156304,1.1029577722150787,0.6004135143688513,0.7756731296232824,1.552209574370231,271.7583578371596,78.11188911711076,193.6464687200488,25755.75688786861,25884.168112131407,25637.61377573722,26002.3112242628,25509.202551474424,26130.7224485256,25391.05943934304,25607.164598704843,25702.08,25796.99540129516,0.7385814789710007,0.6061208177235445,78.69471651389203,25702.08,25374.075,25100.79,25636.942584197008,25448.430525245192,25209.148511895408,87.94912142669811,85.60708405519979,275.6970243490985,3.2535916858343583,97.7702306301868,0
1679030820,1.0863883289075267,1.0931152486280447,1.0783798782777299,1.1051061230267554,-0.07430965057380108,0.03546858438026626,1.5580982705103714,279.40241440224054,68.60475654575336,210.7976578564872,25713.108333333334,25770.11666666667,25665.216666666667,25818.00833333333,25608.20833333333,25875.01666666667,25560.316666666666,25642.11522303219,25720.18,25798.24477696781,0.6070313424541411,0.6029273420368959,78.96818363430941,25720.18,25452.67,25146.03375,25670.04505613134,25500.76133883697,25259.34865361965,88.15892997639651,87.37300069011742,265.56866546702014,3.150062323899901,85.94113216796781,1
1679033280,1.091143291428413,1.1581149594312237,1.2007804828447044,1.1268590998423642,2.0732327661751655,2.4221732773299514,1.6192775890475748,296.81753092015424,68.81589845093364,228.0016324692206,25731.45,25800.800000000003,25666.9,25865.35,25597.55,25934.700000000004,25533.0,25626.368899764067,25774.43,25922.491100235933,1.1488991239451878,0.989561403261876,82.18415995023942,25774.43,25545.6875,25203.08625,25753.163370754228,25576.87745904843,25322.210686608258,86.09066039424948,87.39957059911474,276.6742905800383,3.722304313158984,107.50317512828636,0
1679035740,1.1260222385496692,1.1899050172810437,1.2181959181021498,1.1620468334215945,1.6843014291961549,2.0008763278673567,1.6459366319210988,314.22490105903125,68.97861487184852,245.2462861871828,25928.71752765024,26134.58247234976,25713.535055300483,26349.76494469952,25507.670110600968,26555.62988939903,25292.48763825121,25603.383325409763,25830.575,26057.76667459024,1.7590911126851656,0.8926200207858832,83.5120646660411,25830.575,25651.86,25268.06625,25838.43391383616,25655.44064831235,25387.616811693184,86.0259599658505,86.7585167788322,283.5028204332239,4.255879906602911,106.77179382063,1
1679038200,1.159357528678588,1.1992122376786059,1.2015193194919895,1.1956772438742047,0.6064245554303169,0.8037555425920185,1.6221668967326526,326.37426625548323,64.90238405464038,261.47188220084286,26007.833763825125,26194.54123617489,25822.26752765025,26380.10747234976,25635.560055300488,26566.814944699523,25449.99381912561,25619.48174819744,25884.41,26149.33825180256,2.047010164052861,0.784586485159732,83.89063995268245,25884.41,25757.06,25335.496250000004,25904.022609224103,25724.48780316465,25449.291401055736,86.06626903538363,86.0609631318279,279.74900142101626,4.210829677543294,101.5241094284735,1
1679040660,1.1806790145412984,1.2065941322169955,1.220306879951537,1.1995261411999458,0.9755670626193096,1.214753318018582,1.5373809028885794,333.83289407315533,57.888809497849934,275.9440845753054,26032.08354857923,26149.116451420778,25918.16709715846,26263.032902841547,25801.13419431692,26380.06580568309,25687.217742896144,25716.914318884217,25951.165,26185.415681115785,1.805319191764868,0.723766691948661,84.20049738728977,25951.165,25826.6225,25399.63375,25954.681739482738,25784.7627480438,25507.07317238376,87.78895549957419,86.62706150026948,279.30978703380094,2.742960228308927,100.81556923351484,1
1679043120,1.1950308876386673,1.210728702956046,1.2111241959067014,1.2167129476933594,0.6251597601389476,0.8248323575545734,1.2853013367122907,336.8015296103804,48.68595602805999,288.1155735823204,26060.4,26195.0,25921.4,26334.0,25786.8,26468.6,25647.799999999992,25911.58912438009,26017.445,26123.30087561991,0.8137299847845094,0.7371384663628409,84.38170008733388,26017.445,25868.8125,25455.63875,25992.33782632183,25836.19679385402,25560.46144168054,88.9532575432171,87.60282735939167,273.609087959958,1.6451068890556972,96.96859810506513,1
1679045580,1.2042742119966776,1.2781683428434274,1.318677702132985,1.240991578632216,2.0765540282523802,2.4664499965498563,1.2259290695853011,350.4478790528192,49.86584437639903,300.58203467642016,26071.58333333333,26169.366666666665,25969.866666666665,26271.08333333333,25872.08333333333,26368.866666666665,25770.366666666665,25907.970739279728,26085.1,26262.22926072027,1.358087649426457,0.9871442451073572,87.00057568335356,26085.1,25929.765,25521.261250000003,26080.78355088122,25912.829194971466,25626.862732949063,88.3539248051646,88.365379282652,285.3079866258745,2.376487193033407,130.94128778183935,0
1679048040,1.2426173650312722,1.3786756761738135,1.4273922373764312,1.2796741870515143,1.8860912834395005,2.287730851683879,1.2234420454721187,379.7372083418777,63.32413893236605,316.41306940951165,26259.42711023908,26477.247889760936,26039.854220478148,26696.820779521862,25822.03344095629,26914.641559043725,25602.46055119536,25807.2188578019,26191.480000000003,26575.741142198105,2.9342453515273044,0.9546322300523816,89.75714704449258,26191.480000000003,26011.0275,25607.807500000003,26234.147367254147,26027.01934134029,25713.91152028725,87.47958536373498,88.26225590403892,310.52594005555454,3.158493096110307,167.18540579213928,0
1679050500,1.312045098424258,1.4327356322103642,1.4527237795690788,1.3497165704167327,2.2679044033035005,2.7369979556524093,1.2371827389813879,410.5084810516346,75.27632931369834,335.23215173793625,26492.83855511953,26836.036444880465,26197.67711023907,27131.19788976093,25854.47922047814,27474.39577952186,25559.31777559768,25812.960404803456,26323.080000000005,26833.199595196555,3.875835162120459,0.8627776735937658,90.8776533677669,26323.080000000005,26103.745000000003,25698.38375,26387.16491150277,26148.14309746024,25807.1770897837,87.55476288187366,87.79609101692445,325.1128134316363,3.598440194015178,173.93966949154748,1
1679052960,1.373790282550445,1.443577789813624,1.4896656119333567,1.4120083902150629,2.1942303507623215,2.670366128867338,1.2720048552700147,432.37590575527065,77.71500321386753,354.6609025414031,26632.819277559767,26920.38072244024,26405.63855511953,27147.561444880463,26118.077110239068,27435.122889760933,25890.896387798835,25946.48946112508,26456.630000000005,26966.770538874927,3.8564287203239607,0.7618102068393827,91.08821667987247,26456.630000000005,26203.8975,25788.98625,26499.35994100185,26252.798897922006,25894.469747899537,87.04446549643114,87.35960458067996,333.73126130511594,3.89361729010613,164.14256449622113,1
1679055420,1.410084222044868,1.4001293071760095,1.4055437822352732,1.352488718991326,2.1500402197515527,2.5904076888796106,1.287542472255418,434.81504584210415,64.1233146405608,370.69173120154335,26735.992972113218,26952.757027886782,26506.985944226435,27181.76405577357,26290.221888452867,27398.528111547137,26061.214860566084,26231.13181291045,26563.365,26895.598187089552,2.501439008872185,0.5571285492766973,82.83654929946762,26563.365,26290.405,25871.5375,26533.34829400124,26316.167280118003,25961.78929571863,83.14137967988623,85.91353601939704,336.5290283547506,3.361309437078054,98.66420657391735,1
1679057880,1.406505873976027,1.3991622080117245,1.4130728794980871,1.3840336700761116,1.494977564238985,1.849317263917545,1.3065935755566709,431.5535168976894,48.68942855691682,382.8640883407726,26560.075,26767.15,26394.25,26932.975,26187.175,27140.050000000003,26021.35,26497.31804775413,26631.55,26765.781952245863,1.0080671402593075,0.3772646920174103,82.6570591823671,26631.55,26358.325,25952.00625,26555.09886266749,26367.51868373291,26022.43793422162,77.28872076124928,82.49152197918892,334.3626691865542,2.620431028496019,88.4192628863145,0
1679060340,1.4042331263982217,1.3736183686174646,1.3699388923756068,1.3615475982472292,1.638122084990623,2.001120530673329,1.3260201581538156,418.338603714481,28.37961229896672,389.9589914155143,26595.666666666668,26750.233333333337,26444.033333333336,26901.86666666667,26289.466666666667,27056.43333333333,26137.833333333336,26486.518541983376,26628.7,26770.881458016625,1.0678813311699382,0.1410396917294745,77.85835877787204,26628.7,26410.090000000004,26030.975,26545.607575111662,26396.44710487238,26070.455750010035,71.27879755157015,77.23629933090193,328.07962138751475,1.990274511010148,59.82730466302144,0
1679062800,1.390324200027652,1.3211732020111866,1.3588211599688331,1.2687030373359354,2.0843872012561553,2.479490308434886,1.2991316281799519,391.4293286710636,1.1762698044393574,390.2530588666242,26509.875,26641.45,26395.05,26756.275,26263.475,26887.85,26148.65,26339.960928625267,26565.83,26791.69907137473,1.7004480671202895,0.0860876416988761,69.00102145493051,26565.83,26444.455,26100.7575,26490.02171674111,26393.24763125921,26099.82663096146,64.70960044636344,71.09237291972767,338.5096484312636,1.3199437684365698,19.453611454646467,0
1679065260,1.3571458541364914,1.3105351112040604,1.3284233093376565,1.3110255483259663,0.525762843789794,0.7354937164057661,1.1708112799649875,363.4946621422241,-21.406717379520103,384.9013795217442,26363.65,26608.3,26134.2,26837.75,25889.55,27082.4,25660.1,26275.8284169838,26490.855,26705.8815830162,1.6234023629377194,0.1698547732833079,67.32786824484945,26490.855,26473.7425,26150.182500000003,26442.97281116074,26385.179880121177,26123.545523250847,57.30614419850772,64.43151406548047,333.5803878290305,1.1240213386552045,9.979883363497253,1
1679067720,1.3352373722136892,1.3336390215141167,1.3482663507218966,1.3281407431256569,0.6400835999333127,0.8679541365956663,1.1058442188043907,342.6593004784081,-33.793663234668884,376.452963713077,26364.25833333333,26491.316666666666,26221.816666666666,26633.75833333333,26094.75833333333,26760.816666666666,25952.316666666666,26264.74259065471,26453.385,26642.027409345286,1.4262251076396302,0.3955431068316551,69.08137270720609,26453.385,26508.375,26188.59375,26433.30687410716,26390.415356462778,26151.20547341743,52.412819033377126,58.14285455941613,329.61750298409964,1.3285624135662288,18.706007306334044,0
1679070180,1.3358356588391775,1.3482253612029567,1.3416871862913071,1.3526319423787716,0.5278775208229781,0.7420992995563738,1.090835962258909,325.7089823602764,-40.595185082240505,366.3041674425169,26420.691666666666,26556.38333333333,26278.283333333333,26698.791666666664,26142.591666666667,26834.48333333333,26000.18333333333,26300.49297006704,26424.68,26548.867029932968,0.9399321386897972,0.6223759035722587,70.1698765606635,26424.68,26528.115,26228.94,26440.562916071445,26402.17165528773,26180.14542833005,51.21997742762122,53.64631355316873,319.71625277094967,0.7517801937909777,20.72552324390946,0
1679072640,1.3434283333934165,1.3648878587307156,1.3787697494455433,1.3744377031172892,0.3491692249287034,0.5466069187686073,1.052392732227549,312.46233446304905,-43.07346638357433,355.5358008466234,26450.95833333333,26548.516666666663,26357.516666666663,26641.95833333333,26259.95833333333,26739.516666666663,26166.516666666663,26311.1452422386,26419.76,26528.3747577614,0.8222236520044306,0.8787008399941236,71.4081880532393,26419.76,26524.23,26267.62875,26461.050277380964,26420.32680887177,26210.80062563196,52.90347861046525,52.17875835715457,313.7008061444532,-0.1463779924361896,40.314341448617,1
1679075100,1.355556332271219,1.3242874387695704,1.3315897521117375,1.316682872130048,0.2085007700143267,0.3793453587428564,1.056107108052034,289.397156373052,-52.9109155788571,342.3080719519091,26522.041666666668,26629.783333333336,26394.283333333336,26757.541666666668,26286.541666666668,26865.283333333336,26158.783333333336,26315.344996686592,26421.515000000003,26527.68500331341,0.8036632518113449,0.3403974807273923,64.39373838795251,26421.515000000003,26493.6725,26298.70875,26436.575184920646,26414.38102544054,26227.64104223844,49.54405794524005,51.22250466110888,310.0578914198495,-1.1447672066294063,-37.27521599557458,0
1679077560,1.3413191157970619,1.3854098804462145,1.4300661223856546,1.3451127145379034,0.8204500052473888,1.080094497887093,1.0832598720843083,281.7669210447275,-48.432920725745305,330.1998417704728,26385.441666666666,26517.88333333333,26255.18333333333,26648.141666666663,26122.741666666665,26780.58333333333,25992.48333333333,26340.26608721528,26463.710000000003,26587.153912784725,0.9329297576547032,0.8894076177237583,69.28529214918127,26463.710000000003,26477.2825,26340.590000000004,26477.6667899471,26440.829929905896,26259.27999059668,51.10753595579675,51.185024170500725,320.99661346128863,-0.6133121287244546,49.004127409376586,1
1679080020,1.3647632427927312,1.454348967661707,1.4492055098201,1.4029014332619392,0.8081626147558687,1.0839420362070733,1.1130703945738227,288.07352389524385,-33.701054300183216,321.77457819542707,26562.61666666667,26792.833333333336,26329.63333333334,27025.816666666666,26099.41666666667,27256.033333333333,25866.43333333334,26282.31362440509,26531.735,26781.1563755949,1.8801738792800564,0.9457617144273068,73.67762325362858,26531.735,26492.56,26391.4825,26569.81119329807,26497.788124468458,26306.405705777943,57.64820895029868,52.7666009504452,323.5115237122284,0.5743134975419375,125.88112347705908,1
1679082480,1.4109565579611278,1.458705350135685,1.4551513856958749,1.4495037020069255,0.9951423468874097,1.2975257038920132,1.1412161571910588,290.7109076226261,-24.850936458240767,315.5618440808669,26699.29821434185,26904.80178565815,26548.596428683704,27055.50357131629,26343.092857367406,27261.0071426326,26192.39107170926,26300.65367764036,26593.995000000003,26887.33632235965,2.2060718772011763,0.7938215431316822,73.93131883268626,26593.995000000003,26509.3375,26433.83125,26635.33246219872,26546.622101837827,26350.212305227666,69.23886511700063,59.3315366743654,317.757320481871,0.6307662809320846,130.4419783950165,1
1679084940,1.4362315147178166,1.4466920265720078,1.4324233631174708,1.4348421667722655,0.4107770683675099,0.6267438587109024,1.1391641691658658,286.764004188266,-23.038271914080724,309.8022761023467,26752.40744050426,26880.867559495746,26637.91488100852,26995.360118991484,26509.454762017034,27123.820237982967,26394.96220252129,26346.60913082784,26640.095,26933.580869172165,2.203339508903131,0.6574692510080942,71.8740927139971,26640.095,26529.9275,26470.00875,26667.729974799146,26580.422628776403,26386.623038063128,74.7044917257683,67.19718859768925,310.72465473316583,0.7762012694792552,94.21743817660553,0
1679087400,1.4428620336673412,1.5141050490511974,1.5843070681808877,1.4816916397610627,1.9570254113896088,2.422547062224946,1.1672606233287683,295.5564416207417,-11.396667585284035,306.9531092060257,26705.94166666667,26828.88333333334,26609.58333333334,26925.24166666667,26486.64166666667,27048.18333333333,26390.28333333334,26516.49717352842,26747.064999999995,26977.63282647157,1.7240607630898963,0.8803869834840732,75.92286771801002,26747.064999999995,26584.29,26514.3725,26752.644983199432,26642.61396899887,26437.656558247592,73.7010304360271,72.54812909293206,325.6841022252112,2.0608366172141697,203.4425848282725,0
1679089860,1.4798854746341106,1.5977901804046766,1.6531947898658932,1.519042852582825,1.8409740839023918,2.3131668811134847,1.2251277259455406,317.8871952601912,8.747268843332392,309.1399264168588,26956.7726934594,27199.7023065406,26679.5453869188,27476.9296130812,26436.6157738376,27719.8592261624,26159.388467297,26545.659838201293,26866.75,27187.840161798707,2.390241929512929,0.953961277366635,79.80859884100592,26866.75,26665.23,26569.48625,26887.854988799627,26736.370520089986,26506.286886033537,74.62225816815159,74.3425934433157,346.10959205276055,3.0718579066468736,200.6817129106294,0
1679092320,1.5402418342110251,1.7293955189719084,1.7659201526231758,1.5799335524431537,2.5194017074488473,3.1580816339230284,1.3104497661328462,361.3416353451139,41.76136714260406,319.58026820250984,27135.4113467297,27452.6636532703,26841.0226934594,27747.0523065406,26523.7703869188,28064.304613081204,26229.381733648497,26431.993362051737,27021.75,27611.506637948263,4.365051397102432,0.9301350483862686,84.14276328018201,27021.75,26776.7425,26642.55875,27101.603325866417,26880.50315280089,26603.697658792247,79.26388349167918,75.86239069861932,375.8148340422386,4.221723538392083,208.19467404849308,0
1679094780,1.6362259439904012,1.7025030642292904,1.7239471945178584,1.6745265056616616,0.6670049814545743,0.9668732877455939,1.3384694162345043,385.2245540971781,52.51542871573452,332.7091253814435,27422.505673364853,27856.79432663516,27094.811346729704,28184.488653270306,26660.5226934594,28618.77730654061,26332.82836682425,26551.569991191016,27159.140000000003,27766.71000880899,4.474147626242856,0.7420996722473917,80.34740812419342,27159.140000000003,26876.5675,26702.34125,27218.843883910948,26984.65257956437,26684.614548431084,82.5104402646512,78.79886064149402,376.0066316106502,3.7733780758512303,161.5062463033046,1
1679097240,1.6707711052103995,1.6434390354527728,1.651365289596424,1.6028073943985206,1.1272063018163019,1.4911660636431616,1.3836582049985298,386.2701507935526,42.84882032968727,343.42133046386533,27445.541666666668,27638.68333333333,27260.18333333333,27824.041666666668,27067.041666666668,28017.18333333333,26881.68333333333,26837.087684386584,27270.015000000003,27702.94231561342,3.175116079792538,0.5195009640083277,72.60172227554615,27270.015000000003,26955.055,26739.6425,27241.52925594064,27039.60665600721,26741.97506762812,79.20816258817783,80.32749544816944,377.8079436384613,2.9615661444738657,95.72648529923194,1
1679099700,1.6585102080377838,1.7104261794009026,1.7556116222586682,1.6992489668275683,0.9867358806904768,1.3498026016018934,1.4235452497926646,397.7443915010408,43.45844882974035,354.28594267130046,27254.533333333336,27456.966666666674,27084.466666666674,27627.033333333336,26882.033333333336,27829.466666666674,26711.966666666674,27105.573630596293,27380.65,27655.72636940371,2.0092756702540564,0.6726793184851435,75.48789128599549,27380.65,27063.8575,26778.765000000003,27319.569503960425,27118.88726400589,26811.84887071116,77.61378758765925,79.7774634801628,381.8216619499998,4.123239586738107,118.96699337622758,0
1679102160,1.6858749911262163,1.6800468441852217,1.6809539381853367,1.6664343842710119,0.4700808202059069,0.7337569640838976,1.451155733340559,395.3729915823969,32.86963912887717,362.50335245351977,27505.99862583728,27690.551374162736,27291.09725167456,27905.45274832546,27106.54450334909,28090.00549665092,26891.64312918637,27260.9265835686,27427.005000000005,27593.083416431407,1.211057615889177,0.3887423158467262,71.79421011855221,27427.005000000005,27146.8775,26812.080000000005,27343.063002640287,27168.189579641188,26866.91564492914,75.6620839476107,77.4946780411493,374.47011466785705,3.12577066512049,80.91698953738279,1
1679104620,1.6843669623718502,1.6759743807319505,1.6696251095936245,1.679038042366182,0.09295951332667593,0.29432687751377845,1.462304647875687,388.0939974400753,20.47251598924447,367.62148145083086,27376.18333333333,27522.56666666667,27243.666666666668,27655.083333333336,27097.283333333333,27801.46666666667,26964.766666666663,27264.63338666036,27396.9,27529.166613339647,0.9655589744799236,0.4307270386029153,71.29061894508044,27396.9,27209.325,26850.9425,27354.900335093527,27206.44147425188,26915.645107316843,77.59540030278747,76.95709061268585,362.8293921915815,2.3341282270754844,69.37109004666077,1
1679107080,1.681576615367019,1.6535980129124561,1.6660716571471565,1.6432680013517647,0.14362137837435193,0.3494753673320354,1.4726767390281017,372.9387285543198,4.253797682791173,368.6849308715287,27373.358333333334,27481.716666666667,27270.216666666667,27584.858333333334,27161.858333333334,27693.216666666667,27058.716666666667,27238.165571835376,27369.340000000004,27500.51442816463,0.9585501744991138,0.2948723666915366,68.44958396666597,27369.340000000004,27264.24,26886.78875,27341.775223395685,27226.27484256972,26953.728906620003,74.03041232522936,75.76263219187588,358.43443560646875,2.051641285007781,50.69342205497374,1
1679109540,1.6689927035488865,1.6340519628306374,1.6254641368380014,1.6539023378695645,-0.4538853580704739,-0.34538078775674746,1.4745788673412132,352.4214810962003,-13.010759820262706,365.432240916463,27315.675,27466.25,27164.95,27616.975,27014.375,27767.550000000003,26863.65,27218.64251393304,27364.05,27509.45748606696,1.062762902910649,0.1437597444182126,65.97623265833828,27364.05,27317.0325,26923.48,27314.666815597124,27232.48850755704,26982.94043932286,70.53439519604318,74.05340260802004,343.9877610877559,1.9748415086116973,33.85348174038281,1
1679112000,1.6529272383180378,1.6561799015070124,1.6388402492900598,1.6600967493765655,-0.3965065913897212,-0.2783010741970138,1.4711155245941447,337.30430452819564,-22.50234911061392,359.8066536388096,27268.743664114827,27342.68732822965,27186.50633588517,27424.92465645932,27112.56267177033,27498.868320574144,27030.32534354068,27239.656551948417,27333.480000000003,27427.30344805159,0.6865093508150862,0.4430845901435434,67.41185835918435,27333.480000000003,27357.065,26970.6775,27317.37787706475,27248.908778910303,27015.30801653021,67.46894502308454,70.67791751478573,332.05292101005915,1.4869546726294691,36.17942927426495,0
1679114460,1.6559590232915922,1.6692756663371373,1.6408808457444672,1.6854472889543513,-0.501861458850582,-0.40007073632379225,1.4661850957577875,324.5600288179012,-28.197299856726715,352.7573286746279,27307.966666666664,27403.83333333333,27226.933333333327,27484.866666666665,27131.066666666666,27580.73333333333,27050.03333333333,27245.89117638065,27327.410000000003,27408.92882361936,0.5966084866392642,0.69805241640123,68.26528848836946,27327.410000000003,27377.2075,27021.21875,27331.4852513765,27269.05263729025,27048.10725305114,65.9944093717055,67.99924986361111,316.3277123664833,0.7416708167216043,41.21163711619556,1
1679116920,1.6640231226594193,1.712094203647557,1.717860587852124,1.704810687778512,0.5589957251200065,0.8474968583371773,1.4858211124760632,320.5010090583528,-25.80505569302011,346.3060647513729,27345.8,27408.7,27296.8,27457.7,27233.9,27520.599999999995,27184.9,27200.77437579457,27347.765,27494.755624205416,1.074973579781897,0.9509981528301914,70.94458682665575,27347.765,27372.3325,27074.5375,27381.106834251,27307.47033960111,27089.273228951035,69.80225029003638,67.75520156160884,313.4915276229445,-0.1770853387869563,86.93049939863346,1
1679119380,1.6894655018880071,1.725314183049241,1.7153626163303495,1.730478310680228,-0.18372062880982387,-0.023479085137374085,1.478421314224509,316.639942191945,-23.73289804754233,340.37284023948735,27476.976291347684,27616.97370865231,27340.35258269537,27753.597417304623,27200.355165390745,27893.59483460925,27063.73145673843,27195.0055648272,27388.18,27581.3544351728,1.4106409054767506,0.8349822140911856,71.73795315815615,27388.18,27378.76,27127.66375,27426.60455616733,27345.67573240091,27130.06625476522,73.66014314466379,69.81893426880193,305.2303872911964,0.234124646103866,105.84286824912112,1
1679121840,1.7087970087467201,1.7066553799071338,1.681446495950193,1.7303478209183933,-0.43970264933297315,-0.3250168406638967,1.457968780429421,305.8124403200636,-27.648319935539007,333.4607602556026,27510.92147900717,27613.17852099282,27415.34295801435,27708.75704198565,27313.085916028704,27811.01408397129,27217.50739503588,27279.788689335102,27429.095,27578.401310664896,1.0886710674551612,0.6203231123989194,68.8792263224247,27429.095,27396.5725,27175.81375,27439.411370778223,27367.375599237108,27161.967087644724,74.61324416182686,72.69187919884239,291.2353596275395,0.6527857689953787,69.64589108333664,1
1679124300,1.709132898306941,1.6824335384530418,1.6726860042752365,1.6866288819007733,-0.003120762287245416,0.1821195100337507,1.4265094297626815,288.39986830853013,-36.048713557658,324.44858186618814,27461.141666666663,27513.983333333326,27412.183333333327,27562.941666666666,27359.341666666664,27615.78333333333,27310.383333333328,27328.939703765613,27443.890000000003,27558.8402962344,0.8377113902904464,0.295063599036181,65.24446887382909,27443.890000000003,27388.685,27226.27125,27425.199247185483,27372.72094483036,27184.329745964274,66.85896466956767,71.71078399201947,284.6471196541438,-0.2870723713542719,-0.2234901734147628,1
1679126760,1.6971893222298262,1.6265458537206876,1.653415316641905,1.603308676254579,0.09716177509771719,0.29285401651803333,1.4148974250251523,258.9088233615039,-52.431806803747406,311.3406301652513,27389.391666666663,27492.58333333333,27293.58333333333,27588.391666666663,27190.391666666663,27691.58333333333,27094.58333333333,27223.06276468434,27419.81,27616.557235315657,1.435073658903246,0.0412642019838546,57.68111429419965,27419.81,27373.61,27260.24375,27363.23283145699,27348.46259122484,27189.56500825339,50.33710991364311,63.93643958167925,291.2385257236827,-0.5503823468741518,-119.39065658849196,0
1679129220,1.6632723071291258,1.6251528760253426,1.6234302277895327,1.6314162660406821,-0.04922072597232668,0.12377462149731691,1.364836519878783,232.53967050145,-63.04076773104106,295.5804382324911,27241.07560154256,27428.651203085123,27051.724398457434,27618.00240617025,26864.14879691488,27805.57800771281,26674.797593829742,27139.75575087909,27370.815,27601.874249120912,1.6883622144310275,0.2069150001237809,57.50219059097277,27370.815,27359.29,27284.307500000003,27320.613554304666,27327.90121100214,27193.92786461021,36.337239880156176,51.17777148778902,285.6643453148483,-0.5230367175793508,-103.3232298486373,1
1679131680,1.645617276218121,1.6603854520012402,1.655903857572607,1.6709817268223945,-0.3417884848770553,-0.21295752629016793,1.337642211688118,217.14942628914287,-62.74480955467857,279.89423584382143,27237.525,27343.05,27129.849999999995,27450.725,27024.325,27556.25,26916.65,27155.779711453928,27334.225,27512.67028854607,1.3056546402619464,0.5011908411913414,60.81318973785041,27334.225,27361.202500000003,27312.72125,27325.292369536444,27329.1282635472,27207.32997274257,32.50671681903499,39.727022204278136,279.69724922093053,0.0700151287591946,-26.56099412960249,0
1679134140,1.654406921687176,1.6876239330503473,1.6701528500559715,1.6951093537136024,-0.3752827915645868,-0.25092856394395696,1.320417702925261,208.73941243290392,-56.92385872873405,265.663271161638,27338.216666666664,27433.933333333327,27238.933333333327,27533.216666666664,27143.216666666664,27628.933333333327,27043.933333333327,27173.63175451657,27323.5,27473.36824548343,1.0969915675768525,0.7932575867438163,63.20023545144219,27323.5,27376.2975,27346.665,27353.994913024297,27344.086761084072,27226.76521343375,44.476341176954826,37.77343262538204,271.7271170924025,0.5537326052944861,39.59156125962828,1
1679136600,1.6724216598179247,1.6903477811552576,1.6778578608062356,1.7132835779423512,-0.08721785393516374,0.08708562578466016,1.3002648044684155,200.38382422721045,-52.22355754754204,252.60738177475247,27399.76153352615,27489.63846647384,27321.5230670523,27567.87693294769,27231.64613410461,27657.75386589537,27153.407667630763,27168.60753342265,27327.960000000003,27487.31246657736,1.1662229202424998,0.7858914014856805,63.440069515458816,27327.960000000003,27385.925,27371.495000000003,27375.688275349534,27357.720986341512,27245.080431201965,57.09835321121796,44.69380373573596,262.2650158508569,0.352361397806965,59.571147501760215,0
1679139060,1.6827910204229144,1.6806146822266357,1.6636440510203605,1.6978719178152137,-0.41759689398763006,-0.30087382826505993,1.2854301575760945,189.36609757913905,-50.59302735649075,239.95912493562977,27426.53910009641,27492.435899903587,27353.178200192822,27565.796799807176,27287.281400385647,27631.69359961435,27213.92050048205,27221.915600011173,27358.43,27494.944399988828,0.9979695471474628,0.6216721459520749,61.887951046476346,27358.43,27389.120000000003,27383.16375,27381.008850233025,27363.88989791578,27259.03943775416,63.180682021068016,54.91845880308031,253.6675147186529,0.1167775962455755,23.005750240880168,1
1679141520,1.6831089101098922,1.704863141088918,1.7282043009141224,1.6873808046848595,-0.014158435120475795,0.17366151764986315,1.2512428359939776,184.02638470581587,-44.74619218385115,228.77257688966705,27389.58333333333,27461.566666666666,27319.666666666664,27531.483333333334,27247.68333333333,27603.466666666667,27177.766666666663,27321.496234024668,27403.35,27485.20376597533,0.5973997046005766,0.8458912325247536,64.23558321256752,27403.35,27387.0825,27379.7075,27407.33090015535,27381.359916476547,27278.17615796805,64.86508149595862,61.71470557608157,260.88412081017776,-0.0741438882692542,80.12905603490987,0
1679143980,1.6953926851741823,1.7044904973742399,1.6969620655431905,1.7155958120115464,-0.30176954860731864,-0.16319559890121837,1.2098963716102786,177.66192151781797,-40.88852429747925,218.5504458152972,27463.75833333333,27639.216666666664,27284.516666666663,27818.45833333333,27109.05833333333,27993.916666666664,26929.816666666666,27374.1303534051,27428.205000000005,27482.27964659491,0.3942995656836096,0.7840517870614094,64.17016551491055,27428.205000000005,27381.215000000004,27379.9875,27424.5289334369,27395.46265893536,27295.390333399664,66.03334494824699,64.69303615509125,255.6138264665938,-0.2132271709742102,69.57892076351526,1
1679146440,1.7013482416162178,1.688874951235338,1.6673382342567884,1.7094730121982684,-0.5227303207108581,-0.42302187577082095,1.1902332542034233,167.14090994297294,-41.12762869785945,208.2685386408324,27460.075,27553.050000000003,27365.95,27647.175000000003,27272.975,27740.150000000005,27178.85,27375.64425486896,27428.91,27482.17574513104,0.3883912640424791,0.3687242620412707,61.3505735039117,27428.91,27376.205,27386.38875,27421.32762229127,27399.00126640165,27306.7745873616,66.34577325417001,65.74806656612525,245.9271245761228,-0.1824138153888524,16.025172397223294,1
1679148900,1.696517859870673,1.7197688896760515,1.7151867028429006,1.7375931038228272,-0.0899494762745116,0.08708904721759907,1.180623522486458,163.9373719861178,-35.464933323771675,199.40230530988947,27411.641666666663,27473.283333333333,27353.283333333333,27531.641666666663,27291.641666666663,27593.283333333333,27233.283333333333,27368.476575167853,27445.49,27522.50342483215,0.5612100555111117,0.8667217769051739,64.65907828272069,27445.49,27386.725,27387.705,27448.21008152751,27417.723763419533,27325.36510285097,68.72066723211742,67.03326181151151,242.0091156778284,0.3839868013662085,106.26257258175632,0
1679151360,1.7095504036590174,1.6683972918668235,1.6947103729038435,1.638004541863158,0.6846422615062803,0.984297354564422,1.1921681576484746,148.0122368690827,-41.11205475264544,189.12429162172813,27512.16997187801,27595.80502812198,27418.339943756026,27689.63505624397,27334.704887512053,27773.27011248794,27240.874859390064,27340.345006084,27438.605,27536.864993916,0.7162171248574706,0.0858945397983054,56.06473037259097,27438.605,27398.5175,27386.06375,27417.88172101834,27406.723988252343,27328.39937876993,62.97003109980185,66.01215719536313,253.10846455798327,0.4329222850807446,-49.5405320459577,1
1679153820,1.6903796038450132,1.6172563782619207,1.6466648737912337,1.597078458900716,1.0369684377244575,1.381818972268342,1.2192879756393797,122.3533733230397,-53.41673463895074,175.77010796199045,27351.80833333333,27553.21666666666,27155.816666666666,27749.20833333333,26954.408333333333,27950.616666666658,26758.416666666664,27188.703003539744,27389.235,27589.76699646025,1.4643125042393712,0.060893016803672,49.07199311477039,27389.235,27396.2925,27377.79125,27349.629480678894,27371.52417220646,27317.420866506127,52.25612901449545,61.31560911547161,261.8250012973068,-0.0816952217474516,-146.55241619190937,1
1679156280,1.6552224800475193,1.5953946136674586,1.6631163105580138,1.4266068219941717,3.4728996029043406,4.174949177149386,1.310833483019101,95.94197455251924,-63.86250672757697,159.8044812800962,27220.154992969503,27404.209985939007,27029.070007030496,27595.29497187801,26845.01501406099,27779.34996484752,26653.930028121984,27070.04702883052,27327.755,27585.46297116948,1.886052997543916,0.1580819770528163,46.4073116670141,27327.755,27377.98,27369.59125,27283.59465378593,27331.524322714373,27301.621260172207,45.103438854203546,53.44319965616699,307.26607263321347,-0.6699372408280333,-208.73194081707737,0
1679158740,1.626712494195587,1.6158545280971781,1.6709620520982362,1.5441216113928866,1.117595342200557,1.4761117345676318,1.348443765896116,78.75478777159515,-64.83975480680084,143.594542578396,27056.50833333333,27553.016666666663,26655.016666666663,27954.50833333333,26158.50833333333,28451.016666666663,25757.016666666663,27032.02653585926,27286.605,27541.18346414074,1.8659592436709576,0.3479250783027861,49.18817519010295,27286.605,27357.7575,27367.027500000004,27258.78810252396,27309.27899131176,27292.81685444152,47.9100432742757,48.42320371432493,327.61135315941243,-0.7377405021268603,-91.42268397464552,1
1679161200,1.6226879654076274,1.6294205338053498,1.6307482288674084,1.6327410823745498,0.21056597915698075,0.42630204857576287,1.3635722769136998,67.44084043302428,-60.92296171629738,128.36380214932166,27192.55833333333,27496.916666666668,26904.81666666667,27784.658333333333,26600.458333333336,28089.016666666663,26312.71666666667,27099.443599665086,27235.69,27371.93640033492,1.000498980087642,0.5429736124081591,51.0035713962348,27235.69,27340.590000000004,27363.2575,27254.992068349307,27298.02826561871,27288.491439732803,59.34441366574334,50.7859652647409,320.6605422194543,-0.6261152135876183,-55.77174236378583,1
1679163660,1.6274590399845996,1.6496231466225537,1.626209660891225,1.6679228999890006,-0.21900603953642647,-0.07205444828606937,1.3483486309130093,62.34910573262823,-52.811757133354746,115.16086286598298,27249.7,27363.7,27133.4,27480.0,27019.4,27594.0,26903.1,27124.773856939704,27225.11,27325.44614306029,0.737085308821839,0.8947480817176865,53.65887065065865,27225.11,27331.8575,27360.48875,27271.43637889954,27299.173126415302,27289.99939785349,64.04739919975378,57.10061871325765,306.2664187622228,-0.3188015325838375,-29.46628945949689,1
1679166120,1.6399463842298225,1.663135917514342,1.6515060203863836,1.6800048002314367,-0.20532248170167436,-0.054230425729479254,1.344569959918945,60.686645716843486,-43.5793737193116,104.26601943615508,27297.127395393927,27360.29760460607,27241.154790787856,27416.27020921214,27177.984581575714,27479.44041842428,27122.011976969643,27115.746433951423,27250.965000000004,27386.183566048585,0.9923946990396936,0.8381007603909475,55.399901330147074,27250.965000000004,27320.1,27353.59125,27295.09091926636,27307.03255797616,27294.989931391254,68.14789165897207,63.8465681748231,295.6259602792068,-0.4281686345307929,2.6116662951205463,1
1679168580,1.6529467765962287,1.662266415513426,1.6457712406955483,1.669048211091885,-0.4858834823869585,-0.3819238996276958,1.3346811328295052,58.497121251861245,-36.615118547435074,95.11223979929632,27345.033333333336,27422.366666666672,27265.06666666668,27502.333333333336,27187.733333333337,27579.66666666667,27107.76666666668,27183.638395859023,27288.65,27393.66160414098,0.7696357580237814,0.7442587198797997,55.25604450905667,27288.65,27308.202500000003,27344.70875,27310.04394617757,27313.01754743504,27299.271842687325,70.9964604493691,67.73058376936503,286.7669631164065,-0.433283531675033,-5.212821644747852,1
1679171040,1.659012200235837,1.6647507069446148,1.6581203675144636,1.6852324538731829,-0.4347133562063082,-0.32164117016015786,1.3256437575834126,56.67345255420514,-30.75102979607294,87.42448235027808,27328.58333333333,27420.066666666666,27248.466666666664,27500.18333333333,27156.98333333333,27591.666666666668,27076.86666666666,27240.995848932584,27316.205,27391.414151067413,0.5506559279915676,0.7043966695784402,55.6107078708666,27316.205,27301.405,27338.805,27322.345964118387,27319.18708426503,27303.812619574248,72.30840258541095,70.48425156458408,277.81932289380603,-0.247948881859055,19.26041517851915,0
1679173500,1.6632871193230487,1.6456305353938572,1.6209674389652475,1.6737029711838511,-0.5755535767348786,-0.48677611799331216,1.3065776265519466,50.30108018362807,-29.698721733320014,79.99980191694809,27357.68333333333,27433.06666666667,27271.56666666667,27519.18333333333,27196.18333333333,27594.56666666667,27110.06666666667,27281.0306487941,27325.340000000004,27369.649351205902,0.3243096057059286,0.1359120691017338,52.18239916777376,27325.340000000004,27280.515000000003,27333.620000000003,27312.588976078925,27314.43943258048,27302.789989138604,70.79024315173903,71.36503539550641,264.89294268710574,-0.7595818118516864,-22.40170714059088,0
1679175960,1.6558640193621421,1.6150560058514387,1.6124497319391469,1.6358919968983419,-0.2177441725882546,-0.07346443589291883,1.314023198080559,37.86288439262353,-33.70953401945965,71.57241841208318,27293.791666666668,27337.483333333337,27249.38333333333,27381.89166666667,27205.691666666666,27425.58333333334,27161.283333333333,27199.512350264453,27305.86,27412.20764973554,0.7789364607856637,0.0348510275214335,47.17422989741423,27305.86,27265.485000000004,27332.00125,27277.367650719283,27294.89135392948,27293.659990173022,67.40023331197067,70.16629301637359,258.0784516607537,-0.5493978281788423,-64.40124358101623,0
1679178420,1.6368644470835245,1.5451675644104566,1.5936155423873377,1.5254309593312991,0.49948016564041825,0.7446809240349117,1.344337963827002,11.97725652909503,-47.67612950639053,59.65338603548555,27221.805022772725,27299.11004554545,27129.61997722728,27391.295091090906,27052.31495445455,27468.600113863627,26960.129908909097,26989.200393708383,27239.38,27489.55960629161,1.8368964806953096,0.041569348117387,38.158909476105016,27239.38,27245.172500000004,27320.7325,27188.24510047952,27243.092925942303,27266.644753013687,57.51927861904263,65.23658502758416,269.9626718392063,-0.7464229117383615,-164.5603962996355,0
1679180880,1.5924187086393242,1.5118336968855397,1.5495566840955497,1.5154053222101413,0.10383115534364902,0.2864369654319637,1.3558765801931316,-15.93259158653018,-60.46878209761259,44.53619051108241,27035.4858447197,27234.9716894394,26810.51415528031,27459.94337887879,26611.02831056061,27659.42922359849,26386.05662112122,26823.89051376729,27154.605,27485.319486232707,2.4357893346834376,0.1393717089366371,34.74799284819173,27154.605,27221.6275,27299.80375,27097.52173365302,27183.63512122552,27233.257157488573,46.30337794773738,57.07429662625026,274.05310721351617,-0.8671704443857231,-173.09421537555298,1
1679183340,1.5535280797613307,1.5216377755693402,1.521928145531493,1.5215281220234194,-0.2459724041223172,-0.11387554078142534,1.359900086801858,-35.4140100066179,-63.96016041416025,28.54615040754235,26953.101255693186,27098.202511386364,26770.97374430682,27280.330022772727,26625.87248861364,27425.43127846591,26443.74497722728,26775.053950480087,27073.955,27372.85604951991,2.2080338799404142,0.2821101662085047,36.54458542788253,27073.955,27195.08,27276.41875,27046.247822435347,27140.010553729968,27205.680285346803,38.635505009426176,47.48605385873543,271.0207424125509,-0.9756819161183494,-145.8006128252995,0
1679185800,1.5389850475740678,1.5585383757918922,1.55897552598824,1.5770629905052624,-0.4104781416055691,-0.3001589709113405,1.355988991042028,-41.979349110602925,-56.42039961451622,14.441050503913294,26941.83333333333,27058.566666666666,26826.966666666664,27173.43333333333,26710.23333333333,27290.166666666668,26595.36666666666,26820.306911080763,27024.875,27229.44308891924,1.5139244042330424,0.5557271667356786,42.915281887697006,27024.875,27175.1075,27257.84875,27046.723548290232,27123.222271233608,27190.632162932823,41.9587850216871,42.29922265961692,267.25497509736834,-0.7330057179767557,-64.53545763392964,0
1679188260,1.5501647458559658,1.5744644583596912,1.5665398059485445,1.58994431251795,-0.5493848735319248,-0.4600544414510881,1.3482223756740064,-43.06496408824751,-46.00481167372864,2.939847585481134,27063.291666666668,27146.38333333333,26964.583333333336,27245.091666666667,26881.49166666667,27328.18333333333,26782.783333333336,26871.97998998596,27002.0,27132.020010014043,0.9630398490040945,0.8482156323100554,45.46030173803237,27002.0,27153.93,27242.89375,27061.99903219349,27117.64549464568,27181.29100455827,49.90058931943768,43.49829311685036,260.1170860986315,-0.7756097248329759,-39.83700860337481,0
1679190720,1.5637180308719019,1.5858212191879835,1.5649214018640147,1.6036175859859296,-0.6271827949004884,-0.5498038527346222,1.3321503046423384,-40.872041759186686,-35.049511475734256,-5.82253028345243,27097.408490294983,27178.64150970502,27011.316980589967,27264.73301941004,26930.08396117993,27345.966038820072,26843.992451474915,26861.296636841395,27024.91,27188.5233631586,1.2108337319798788,0.8044983553801016,47.26578713942731,27024.91,27132.145,27226.1225,27082.84935479566,27118.900859255555,27175.887099362244,52.64750242284712,48.168958921324,250.4328131314097,-0.7967479080110091,-32.064138004786784,0
1679193180,1.576173335173732,1.5916593040512776,1.5665398059485445,1.6161831582177224,-0.8163252272585362,-0.768378585677975,1.3152818827431485,-37.37591125340623,-25.24270477596304,-12.133206477443192,27119.27091181416,27184.179088185847,27059.64182362832,27243.808176371687,26994.733647256635,27308.716352743373,26935.104559070794,26928.54367738821,27069.895,27211.246322611787,1.0443433386925705,0.7515186935862121,48.214833084757664,27069.895,27112.25,27210.22625,27102.23290319711,27122.91888484545,27172.5645184706,52.442198468812485,51.6634300703658,239.2621573562208,-0.7276896995056711,-19.492002587651903,1
1679195640,1.5853201744030554,1.5887136442114396,1.5684396716129936,1.6125107788979276,-0.7262702732290185,-0.6641197098718258,1.2927483100867967,-34.87294961778389,-18.19179451227256,-16.68115510551133,27137.98545590708,27186.51454409292,27092.470911814155,27232.02908818584,27043.94182362832,27280.558176371684,26998.42727953539,27039.28251280556,27107.695,27176.107487194444,0.5047458826318071,0.6827517243228639,47.74790929284139,27107.695,27090.825,27196.115,27112.38860213141,27124.697269419004,27168.767897663874,50.17637141055848,51.75535743407274,230.0077175450621,-0.7834511709715343,-17.926466089198676,1
1679198100,1.5884206911149328,1.604834921105976,1.6021446958082106,1.6271195644173289,-0.03425049267877577,0.1396029544464766,1.2933375417268567,-28.89088053440355,-9.767780343113774,-19.123100191289776,27133.6,27188.000000000004,27078.300000000003,27243.300000000003,27023.9,27297.700000000004,26968.6,27078.6134166971,27133.785000000003,27188.95658330291,0.4066633777993358,0.9018372987100954,50.5693024106102,27133.785000000003,27079.33,27179.922500000004,27134.30073475428,27134.41140225191,27169.65905026732,53.88618014050547,52.16825000662552,225.3428805775578,-0.4211691060827727,21.00056328495195,0
1679200560,1.598031987345445,1.5900445146210052,1.5626345265271784,1.6172013448367546,-0.8120022217166649,-0.7632850789642371,1.2752098441123778,-27.199334893182822,-6.460987761514435,-20.738347131668387,27194.275,27268.55,27103.849999999995,27358.975,27029.575,27433.25,26939.15,27105.40357370665,27142.565,27179.72642629335,0.273823983056481,0.417723825348755,48.0081229382957,27142.565,27072.2825,27168.88375,27135.01715650285,27134.782056387925,27166.49628357519,53.64763552479826,52.57006235862078,215.37731767916085,-0.259033315966426,-6.876873827516111,1
1679203020,1.5954420657650938,1.5826448751438202,1.5704099026724212,1.6054212212193948,-0.46458710619746874,-0.3613277699750845,1.253393510430502,-27.2273337794868,-5.191189318254729,-22.03614446123207,27133.716666666664,27175.133333333328,27095.03333333333,27213.816666666666,27053.61666666666,27255.23333333333,27014.933333333323,27099.66281197559,27140.775,27181.88718802441,0.3029551516079403,0.1938255878639263,46.732886281045495,27140.775,27082.84250000001,27164.0075,27128.544771001903,27131.294409771937,27161.64901847279,52.75112718884345,53.42831428471576,209.6432235592207,0.3909663087745225,-4.803069426584598,0
1679205480,1.5904471018998578,1.5521501978259777,1.54760223930552,1.5573339688846974,-0.48155795904809046,-0.38373233467102524,1.1869639438407782,-33.793403177249274,-9.40580697281376,-24.38759620443552,27123.166666666668,27186.93333333333,27051.833333333336,27258.266666666663,26988.06666666667,27322.033333333333,26916.733333333337,27020.62323580719,27118.51,27216.396764192807,0.7219184549063219,0.0462358944411697,41.80457592422341,27118.51,27094.202500000003,27157.915,27095.58818066794,27112.818153449763,27149.080064332527,47.2830049986579,51.22725590409991,209.2811101972256,0.4220526209709335,-70.2635758280367,0
1679207940,1.572701525759812,1.5263845466967891,1.5300111304201993,1.5212416752485294,-0.0072737146525585945,0.15907480258378642,1.1518767894425603,-44.34410252675298,-15.965205057853964,-28.37889746889901,27028.149545497097,27131.1990909942,26926.625454502908,27232.723181988385,26823.57590900581,27335.772727485484,26722.05181801162,26924.21628886583,27083.385,27242.553711134173,1.175397470694086,0.1032197562574697,38.144353581531306,27083.385,27095.54,27145.31,27049.41712044529,27084.5012164589,27130.79386772943,39.88390963004903,46.63934727251683,212.57348220068408,0.0496405467697322,-116.30552103329072,0
1679210400,1.5509452737449616,1.5290374150465238,1.5084442567887453,1.5594465138495133,-0.5890885902661653,-0.508132218865571,1.1413017426314305,-51.50867777178428,-18.50382424230821,-33.004853529476065,26953.68310608188,27083.06621216376,26827.69189391812,27209.05742432753,26698.308787836235,27338.440530409407,26572.31757567247,26891.830269403355,27040.67,27189.50973059665,1.1008583041518305,0.2442887067355586,38.73909246262876,27040.67,27087.2275,27131.1675,27021.128080296865,27062.69190437546,27114.961118421863,34.70403199845449,40.62364887572051,203.630709123694,-0.3073277093132773,-86.50679899144583,1
1679212860,1.5413936476409464,1.5387438965669542,1.5297738870717155,1.5391087928323075,-0.47364935647246376,-0.3745522873964954,1.1266260138995827,-54.35318911451032,-17.078668468027395,-37.27452064648292,26971.30821970761,27011.616439415226,26924.2417802924,27058.68287883044,26883.93356058479,27098.991098538045,26836.867121169576,26896.11452190396,27011.76,27127.40547809604,0.8562602221849858,0.4141341264398412,40.97529742076415,27011.76,27077.1625,27115.546250000003,27011.38538686458,27049.820649034467,27103.24101190549,33.62670779269143,36.07154980706502,203.7142299005729,-0.3715043434449611,-68.86007003528508,0
1679215320,1.5414713158408824,1.542621165693488,1.5325533201734094,1.5576562215064493,-0.43876534375748616,-0.3347530231221321,1.1085665871255783,-55.09087533329148,-14.253083749446844,-40.83779158384464,26981.7,27089.2,26884.4,27186.5,26776.9,27294.0,26679.6,26936.5112109538,26989.205000000005,27041.89878904621,0.3904804831872828,0.6292372426288514,41.88782108915125,26989.205000000005,27064.99,27098.5675,27008.531924576386,27041.27598557365,27093.67758220021,36.7313823144946,35.02070736854688,200.65607062196065,-0.4487632052881929,-54.38646388945924,1
1679217780,1.5434488805689106,1.5372976840552262,1.518480241177494,1.5537175783517088,-0.6236094801983255,-0.5473792117416068,1.0826207822329248,-56.23759957497532,-12.319846392904545,-43.917753182070776,27005.24166666667,27084.483333333337,26923.583333333336,27166.14166666667,26844.341666666667,27245.38333333334,26762.68333333333,26946.37234479122,26980.835000000003,27015.297655208786,0.255460256947444,0.6014141243274913,40.951690026179975,26980.835000000003,27049.672500000004,27080.961250000004,27001.62961638426,27031.55762456026,27083.596383895427,37.62393797715525,35.99400936144713,195.7449227203921,-0.564367561991081,-81.20954466961012,1
1679220240,1.5417757902170488,1.556692902157293,1.5378307247968777,1.576597514496066,-0.5948413211988863,-0.513595217097791,1.0671997466655765,-52.13560176347528,-6.574278865123603,-45.56132289835168,26983.24166666667,27051.483333333337,26919.583333333336,27115.14166666667,26851.341666666667,27183.38333333334,26787.68333333333,26946.83926599596,26997.915,27048.99073400404,0.3783679888172104,0.9362149743797424,45.71201094457763,26997.915,27040.65,27065.7375,27015.24474425617,27033.54260191294,27079.68006161967,40.560744280335946,38.30535485732864,190.54885681179272,-0.3325323318357634,-22.465180349048527,0
1679222700,1.5506373346359514,1.5524607342548764,1.5333625222156742,1.5574413864252823,-0.21963947111049428,-0.08123265197228154,1.0523068022572657,-49.2789299537435,-2.9740856443134547,-46.304844309430045,27041.091666666664,27103.28333333333,26980.28333333333,27164.091666666664,26918.091666666664,27226.28333333333,26857.28333333333,26967.83421206746,27011.115,27054.395787932543,0.3204665037525551,0.724522252578828,44.86212335097453,27011.115,27025.8925,27052.61125,27020.346496170787,27032.998492474224,27075.001008132083,42.56805676223589,40.250913006575736,188.6382241823789,-0.5429918362653682,-41.55380341365429,0
1679225160,1.5529519180362854,1.5858389641267774,1.577622355657828,1.5890937550506512,-0.3122963976110049,-0.18540977161200958,1.0538418349236647,-38.97664941958283,5.862555911877777,-44.839205331460604,27015.050000000003,27104.700000000004,26940.900000000005,27178.85,26851.250000000004,27268.500000000004,26777.10000000001,26942.452881304667,27037.655,27132.85711869533,0.7042187548833773,0.9566337450863014,52.3816514672,27037.655,27024.7075,27048.495000000003,27055.09766411386,27049.65331202436,27079.72472164332,52.47067767158989,45.19982623805394,189.5354938836376,-0.0436682027310211,56.510022465346495,0
1679227620,1.5707991516649764,1.6319491875835241,1.6375384894829372,1.6107613965786869,0.09939349494753894,0.2969270514240668,1.0591200408601127,-20.09649630113927,19.79416722425708,-39.89066352539634,27117.8,27221.8,27020.6,27319.0,26916.6,27423.0,26819.4,26899.361611110027,27087.995000000003,27276.62838888997,1.3927453020422906,0.941411780226064,60.413357862380266,27087.995000000003,27038.6,27060.72125,27121.57344274257,27086.90270983812,27096.372367201093,62.23761352472979,52.42544931951856,198.21051180984952,0.5123434480520546,147.21025246191445,0
1679230080,1.6027790226533103,1.6216038882665011,1.6044667538425361,1.6234315621906175,-0.20777037594340175,-0.062065093990474565,1.0492620824895227,-7.400689769016026,25.99197900510425,-33.39266877412028,27238.04641838313,27401.77858161688,27090.79283676627,27549.03216323374,26927.06067353253,27712.76432646748,26779.807091915667,26952.13340077005,27135.505,27318.87659922995,1.3515252377278495,0.7450488526505787,58.04771520925364,27135.505,27058.17,27076.18625,27156.173961828383,27112.079489867545,27108.658332229563,71.13590290393073,61.94806470008351,197.02404668057443,0.724019064232171,109.05406621640353,1
1679232540,1.6135960521696329,1.6159343803217527,1.5906399537290496,1.6284801865980572,-0.3824201043075558,-0.264742192864031,1.0353596851458047,1.3561465711864005,27.799052276245344,-26.442905705058944,27208.791666666668,27307.88333333333,27126.283333333336,27390.391666666663,27027.19166666667,27489.483333333334,26944.68333333333,27005.759308209115,27168.890000000003,27332.02069179089,1.200863868865366,0.6241642500110491,56.73652443064439,27168.890000000003,27083.402500000004,27089.47125,27173.91597455226,27129.774128073448,27118.252776779125,72.27569815805138,68.54973819557068,192.1080433462477,0.9360251436774972,98.0643477950468,1
1679235000,1.6161696724853887,1.6391979950809572,1.6287779978079808,1.6541887846444545,-0.301388761904945,-0.16807643900757135,1.0303053652658765,13.430520950878416,31.89874132474989,-18.468220373871475,27195.06666666667,27266.33333333334,27138.13333333334,27323.26666666667,27066.86666666667,27394.53333333334,27009.93333333333,27114.12049732773,27217.77,27321.41950267227,0.7616311157914083,0.7758334508405618,60.66296386821546,27217.77,27114.4425,27100.835000000003,27207.593983034843,27156.169741151,27133.17632184778,73.48930481283446,72.30030195827224,190.15746882151595,1.1511410351739515,135.92168384345686,0
1679237460,1.6290888664116336,1.6972416898768066,1.7272191853844086,1.6695671554160776,1.1172299507599197,1.500311854666082,1.0570251026362574,35.784170154896856,43.40191242301466,-7.617742268117809,27276.983333333334,27358.36666666667,27193.566666666666,27441.783333333336,27112.18333333333,27523.16666666667,27028.766666666663,27116.20045480972,27280.55,27444.89954519028,1.204884397054178,0.9805306878614366,68.37502158578431,27280.55,27159.1025,27118.1325,27284.562655356567,27207.502515487176,27162.254767386086,74.75129258454079,73.50543185180892,205.26412615949064,1.6545704452076309,183.5440505317216,0
1679239920,1.6645717488868281,1.7450554274577956,1.765849787228196,1.7053641710432885,1.1101146994755,1.5000289221741276,1.0606334287824903,63.637209614968015,57.003961506468656,6.633248108499357,27439.08310948228,27639.61689051772,27237.96621896456,27840.73378103544,27037.43243792912,28041.26756207088,26836.3155474114,27063.67512761385,27344.29,27624.90487238616,2.052456819220065,0.9079167259619784,73.06037642101431,27344.29,27216.1425,27140.56625,27380.783436904378,27273.997512671325,27201.39478953979,78.83741398318863,75.69267046018801,219.99349827499705,2.112371575936954,181.07390871038825,0
1679242380,1.7062212435674942,1.8388551739239727,1.9223776083602653,1.747382392448822,4.379923246276859,5.411802247636948,1.137866058316431,105.81794184591126,79.34775498992953,26.47018685598174,27553.91655474114,27769.30844525886,27357.83310948228,27965.39189051772,27142.44121896456,28180.78378103544,26946.3577737057,27017.164355608355,27466.72,27916.275644391648,3.273457073808934,0.912412795419114,79.48240637796367,27466.72,27301.1125,27175.3925,27533.03062460292,27376.457055822,27261.97861910743,76.37431992815793,76.65434216529583,257.067188961661,3.148456757815796,220.77074870241947,0
1679244840,1.7739481881615151,1.8735642742054404,1.8726996395046838,1.8157089297787672,1.9641287155925793,2.5459694945442313,1.168160040559129,145.46133100866064,95.19291532214312,50.26841568651753,27829.43327737057,28202.991722629435,27463.966554741142,28568.458445258864,27090.40810948228,28942.016890517727,26724.94138685285,27121.51006588618,27611.905,28102.299934113817,3.552054333910085,0.8297546298927897,81.26241009286788,27611.905,27390.3975,27215.52375,27667.12874973528,27478.069409308904,27326.106845859103,78.06325887606823,77.7583309291383,267.77668146041015,3.301657854911588,174.1657767929643,1
1679247300,1.8251670705660212,1.8704145475694687,1.871362697000072,1.867381257558906,0.5103005261448315,0.8175309433569553,1.181439850374839,174.1553101987447,99.10951560978174,75.04579458896296,27878.574972018618,28110.450027981384,27703.449944037235,28285.575055962767,27471.57488807447,28517.450111925533,27296.44986009309,27341.088134978607,27742.205,28143.32186502139,2.89174465419307,0.7296649880206071,80.57923532648732,27742.205,27479.9875,27252.94,27753.56916649019,27559.59315307092,27383.28238434872,77.43728042437972,77.29161974286866,267.1417429255291,3.3143979682248337,140.82690752727078,0
1679249760,1.8492015704113811,1.9058334454027046,1.9219554159903876,1.8916285369945047,0.8878919568875119,1.2795987544211107,1.2155071854055408,202.61292568729183,102.05370487866313,100.55922080862877,27922.45415267597,28053.895847324024,27795.00830535195,28181.34169464805,27663.5666107039,28312.7833892961,27536.12076337988,27549.305974547067,27859.755,28170.204025452927,2.2286558187818244,0.7681519127932428,82.37375709946708,27859.755,27570.152500000004,27297.43,27844.462777660126,27644.439852512573,27444.517395363124,82.06484815965037,79.18846248669948,271.9865306441371,3.324104318589036,131.18151225676834,1
1679252220,1.878929146803673,1.969094152204051,1.9847917137071491,1.921619294296083,1.4397889248491424,1.9591517505311158,1.2637229142739197,236.81917228729435,109.00796118293246,127.81121110436187,28026.22707633799,28193.72292366202,27858.75415267597,28361.19584732403,27691.25830535195,28528.69169464806,27523.785381689937,27736.977800064404,27986.01,28235.0421999356,1.7796906378265047,0.93867821120423,85.03374274415158,27986.01,27665.15,27351.875,27964.475185106752,27746.26897023756,27516.896691042828,84.75056220708514,81.41756359703845,283.25959170477154,3.485567992837881,130.96777867524196,0
1679254680,1.9254248557734481,1.9497699138571598,1.990209849120577,1.9221239367073994,1.2356791729125594,1.7051383395533,1.296778716973094,256.576554412226,103.01227464629125,153.5642797659347,28173.09687150233,28403.70312849768,27973.89374300466,28602.90625699535,27743.28748600931,28833.5125139907,27544.08435751164,27824.28610443833,28048.515000000003,28272.743895561674,1.5988646497803634,0.7264092675158146,81.01193261201256,28048.515000000003,27757.6175,27407.89375,28026.33345673784,27819.68370292164,27577.197006181606,86.32472879025362,84.38004638566308,294.72676372585926,3.396371950799573,107.49229660389176,1
1679257140,1.939010112299714,1.8782400655777147,1.8931311655544734,1.8404866058636853,1.2139961591787447,1.6532263808419578,1.3326217679108976,253.05397283589627,79.59175445596924,173.46221837992704,28160.550000000003,28377.200000000004,27933.400000000005,28604.35,27716.750000000004,28821.000000000004,27489.60000000001,27832.052660890626,28051.15,28270.247339109377,1.562127321763106,0.265743389633879,68.16097067322836,28051.15,27831.527500000004,27457.465000000004,28000.38897115856,27843.10484784497,27612.55919606908,80.06120165453387,83.71216421729092,304.68556631686914,2.7163406763839046,54.71449029475447,0
1679259600,1.9100360441705613,1.8959495144943321,1.9290271381858346,1.8961646977329727,1.2418811892824724,1.703680514527558,1.3689672817459948,251.39093629790293,62.34297433438073,189.04796196352223,27925.39088454225,28134.881769084503,27739.00911545776,28321.263538168994,27529.51823091551,28530.754422711245,27343.13646183101,27873.286694164137,28065.54,28257.793305835865,1.3700310475826512,0.3253866176498413,69.45295794131566,28065.54,27903.872500000005,27509.1575,27999.72598077237,27871.34033005498,27649.30593930059,74.04662123206519,80.14418389228427,307.37945443709265,2.652433826643131,65.38159233426012,1
1679262060,1.9044041733407926,1.8990282613751268,1.8885318533750886,1.8971672614450883,0.2018452773666188,0.4543197120358872,1.3159956459991313,247.91515626047112,47.09375543755911,200.821400822912,28027.86666666667,28184.333333333336,27841.93333333333,28370.266666666663,27685.46666666667,28526.733333333334,27499.53333333334,27865.74054810932,28061.705,28257.66945189068,1.396668177437419,0.3606124746786413,69.68327932371531,28061.705,27960.73,27559.91625,28002.17565384825,27896.01936095408,27683.379183176723,69.5362649879038,74.548029291501,301.4594934058718,2.072179601654612,51.92552516236081,0
1679264520,1.9031276876465861,1.9226201575020252,1.9100988469363287,1.9265280558713362,-0.24934310634853996,-0.0826572385958223,1.2285123415888102,247.66957182931583,37.47853680512304,210.1910350241928,27993.325,28112.45,27887.95,28217.825,27768.825,28336.95,27663.45,27896.02193348844,28035.515000000003,28175.008066511564,0.9951168474098708,0.6363329409524725,71.45912770560554,28035.515000000003,28010.7625,27613.452500000003,28025.967102565504,27928.297658962423,27720.538308588464,71.9068604647336,71.82991556156757,294.4838153054523,1.814532032433654,62.9633162966717,0
1679266980,1.9142859773853302,1.9557499582308082,1.9552734305132176,1.9572891420809984,0.13008957836963309,0.3766295613764794,1.201464413344011,252.1014407584153,33.528324587377966,218.5731161710373,28063.25,28170.3,27966.5,28267.05,27859.45,28374.1,27762.7,27888.1272817737,28038.885,28189.642718226303,1.0753474556944844,0.9245719605806088,73.78169807711329,28038.885,28043.7,27672.40625,28072.94473504367,27971.67990278744,27763.04894586576,75.61319813534728,72.35210786266158,291.0413434370864,1.183205044270279,88.49797198705687,1
1679269440,1.9364308434564883,1.9016190224390805,1.9044696153379626,1.8626504250708158,0.39797884415784934,0.6853437218942289,1.2151569352963958,240.5335153808373,17.56831936784002,222.96519601299727,28165.80359695056,28289.496403049445,28043.207193901115,28412.092806098888,27919.514387802228,28535.78561219777,27796.917984752785,27925.65351043238,28052.060000000005,28178.46648956763,0.9012278568320742,0.3509372417155664,64.54018206779891,28052.060000000005,28051.605,27721.00125,28053.421490029115,27979.442647735174,27786.984760545205,74.7118071970392,74.07728859904006,298.04553319158043,0.2829750504066062,17.395794502787588,0
1679271900,1.9204364674261603,1.8406740301503788,1.8747191959013358,1.7911461488888432,1.5502305550328679,2.0410635319190753,1.2239089582638427,215.03034290118376,-6.347882489450882,221.37822539063464,27978.725,28179.650000000005,27813.450000000004,28344.925000000003,27612.525,28545.85000000001,27447.250000000004,27809.07083316632,28020.910000000003,28232.749166833688,1.5120077601597122,0.079256275729326,56.03079067379007,28020.910000000003,28043.225,27761.60625,27983.16432668608,27954.571257237865,27792.28621192185,65.680233982302,72.00174643822953,311.1380092288191,-0.3000739442356592,-75.61823490925835,0
1679274360,1.8819652732687697,1.806444043216354,1.8365828761769074,1.8291719582555208,-0.14890511953342953,0.025893644457703834,1.2043288102953111,184.90471952936423,-29.17880468901632,214.0835242183805,27826.730065904307,28075.36013180861,27594.019934095693,28308.07026361723,27345.389868191385,28556.700329521536,27112.67973638277,27661.80463069003,27968.735,28275.665369309965,2.194810521891449,0.1374829240581621,51.892453178428845,27968.735,28015.22,27792.68625,27904.17621779072,27916.685574103707,27787.89704888168,48.9064172409567,63.099486140099344,307.9670870593643,-0.9992417822577022,-121.48761293999765,1
1679276820,1.8456138346270106,1.781432551985919,1.8005478604502445,1.7635398409587983,-0.11546540623647092,0.062104183899931706,1.2032533855705383,153.5729095425595,-48.40849174065687,201.9814012832164,27793.848366285485,27903.39673257097,27636.65163371452,28060.593465141937,27527.10326742904,28170.141831427423,27369.906534858063,27530.31231873248,27889.17,28248.02768126752,2.5734554399971032,0.2026049446035334,49.04218017480447,27889.17,27962.3425,27813.746250000004,27828.025811860483,27872.874560630305,27777.21399660723,32.97045822083715,49.18570314803199,310.7996200857113,-1.8747894839476025,-170.9226796666939,1
1679279280,1.814931749996054,1.724710855130239,1.7701328495589506,1.6647157036216709,0.7482984023963848,1.0636214726925886,1.1686320513108015,114.52550388859528,-69.9647179156969,184.49022180429216,27675.11584980941,27849.231699618824,27501.6091501906,28022.738399237634,27327.49330038119,28196.854249047046,27153.98660076238,27426.21196868504,27758.97,28091.728031314964,2.397481111979032,0.1347646380773172,43.24151885465135,27758.97,27898.9275,27828.272500000003,27723.98387457366,27807.97009506116,27752.3269493113,25.293683827048635,35.72351976294753,326.9692025591686,-2.2527491070175643,-201.8724233680236,0
1679281740,1.771228453892943,1.6592586483878071,1.7268099709817741,1.6338152577803882,0.48470543631175056,0.7464033063005762,1.137285884299297,67.91570739174495,-93.25961153003776,161.17531892178272,27501.02459157137,27777.049183142743,27239.87540842863,28038.198366285484,26963.85081685726,28314.22295785685,26702.70163371452,27261.657785463354,27622.390000000003,27983.12221453665,2.611882712079938,0.0967715270818309,37.70022206421996,27622.390000000003,27837.225,27834.37625,27593.147583049107,27721.33462323185,27712.245811281653,20.05292842078396,26.10569015622329,339.3526086161602,-2.207721344616008,-183.6117066008092,0
1679284200,1.7166490807997266,1.6482656588047966,1.6727056867704169,1.632060771284185,0.09540082956718006,0.2930193169427878,1.12393252604138,28.15315221738274,-106.41773336352,134.57088558090274,27369.73729578569,27600.77459157137,27100.43770421432,27870.074183142737,26869.400408428635,28101.111478928426,26600.10081685727,27157.339144462305,27513.96,27870.580855537693,2.592290281280443,0.2007185689152205,36.84618022010944,27513.96,27767.435000000005,27835.65375,27495.598388699407,27644.8192371897,27673.031924492923,17.916073360528724,21.08756186945381,340.21713254918643,-2.4926424367106743,-154.6476362788708,1
1679286660,1.683862627094839,1.691909335769147,1.6734952063175013,1.7095446238919911,-0.4655321806284439,-0.3560077131186909,1.0862757333987323,6.4892910156195285,-102.46527565222658,108.95456666784612,27306.51864789284,27479.23729578568,27127.781352107155,27657.97459157137,26955.06270421432,27830.69323946421,26776.325408428627,27177.54021153224,27449.415,27721.28978846777,1.9809149919425608,0.4522942157560926,42.42285791613629,27449.415,27709.075,27834.9025,27471.55725913294,27604.574830427933,27649.26459835074,17.27693019183926,18.415310657717352,329.273051652816,-2.0837591929896364,-102.15057793258096,0
1679289120,1.6892923200580345,1.6926368782597105,1.6733192928300524,1.7094730121982684,-0.5379679677353474,-0.4407233572039312,1.0558825041532813,-10.39423888337842,-95.47904444097962,85.0848055576012,27420.391666666663,27490.583333333325,27353.28333333333,27557.691666666666,27283.091666666664,27627.883333333324,27215.983333333326,27246.458333137434,27399.375,27552.29166686257,1.116205510983851,0.5855040870839273,42.513987590673686,27399.375,27644.272500000003,27827.5175,27456.21317275529,27572.02031580467,27627.95606517448,20.554256365960715,18.58241997277627,315.5392622490434,-2.308311560169631,-85.0909330086519,1
1679291580,1.6923709558107969,1.7160335800598716,1.7148348758680028,1.730097179990364,-0.4176404026358112,-0.2971562089072989,0.9907076989242339,-18.24464847508716,-82.6635632261507,64.41891475106354,27420.841666666664,27491.683333333327,27354.683333333327,27557.841666666664,27283.841666666664,27628.683333333327,27217.683333333327,27255.89336026529,27394.485,27533.0766397347,1.011821465048186,0.849822688387329,45.50127506078894,27394.485,27576.7275,27810.213749999995,27467.958781836864,27557.371167476547,27614.955487538817,26.44811454040864,21.426433699402907,307.10074351696903,-2.398027471961773,-55.193529577146,1
1679294040,1.705609204273442,1.7913076104248953,1.8256603729608363,1.7467649347158163,0.029066096902455683,0.23391186676209566,0.94218251045491,-7.267679938959191,-57.34927575201819,50.081595813059,27501.35,27595.10000000001,27397.700000000004,27698.750000000004,27303.95,27792.500000000007,27200.300000000003,27203.762290489634,27468.9,27734.03770951037,1.930457422833584,0.9425058970927384,53.81654684308885,27468.9,27545.645,27798.625,27546.48918789125,27583.949137026266,27623.39306015417,35.19617183440153,27.39951424692367,318.43994958862066,-1.1095196662427798,-0.2668432801431981,0
1679296500,1.7498672087072171,1.9091073866102353,1.945387092518586,1.7914147592460692,0.555747750637761,0.8797432986338836,0.8974428241749711,27.893679226821405,-17.750333268990076,45.64401249581148,27692.566790493303,27930.9832095067,27465.133580986607,28158.4164190134,27226.71716197321,28396.832838026792,26999.28395246652,27149.00441174135,27615.895,28082.785588258645,3.381317811779396,0.949334394986308,63.26315569873135,27615.895,27564.9275,27804.07625,27709.484458594165,27666.04474847603,27662.638959187105,52.805444887118085,38.14991042064279,344.36922563657936,0.692552612628457,75.9364981616187,0
1679298960,1.8308990176718516,1.9757573767212762,1.9744480006451521,1.8731639501083401,0.9207236625124364,1.3281051877397758,0.8641653261031714,70.10507254215918,19.568848037078155,50.53622450508102,27958.20839524665,28337.56660475334,27656.1167904933,28639.65820950669,27276.758580986607,29019.016419013384,26974.666976233257,27158.48475338569,27775.855,28393.22524661431,4.44537348437563,0.8623595423116639,67.33434427450885,27775.855,27612.635,27813.9275,27880.747972396115,27767.359339662205,27716.032867835955,72.51550548007829,53.50570740053268,358.0383814575398,1.719424641932952,119.50626951064665,0
1679301420,1.9047415685569047,2.00848791632719,2.0229649404835697,1.9476602357422168,1.0478541392408764,1.4889375530458253,0.835364538869487,109.73473884286796,47.35881147022954,62.375927372638415,28124.445864289988,28441.72913571,27905.99172857997,28660.183271420014,27588.708457159963,28977.466542840026,27370.25432144995,27329.986525348097,27953.85,28577.7134746519,4.463524520965104,0.7898470696667984,69.14282267893404,27953.85,27676.6125,27819.4775,28025.665314930746,27867.02127790544,27773.124975661103,85.30956921095259,70.21017319271635,365.7200116080736,2.3116828917761016,152.65374214267158,1
1679303880,1.9580289247475262,1.967275295977645,1.955343795908196,1.948369622456716,0.09503644307519572,0.3334949720793022,0.7987832327876299,130.26955159877616,54.31489938091019,75.95465221786597,28270.50626547833,28525.79373452167,28060.21253095665,28736.08746904334,27804.92506191332,28991.374938086683,27594.63132739165,27663.93135157412,28095.435,28526.93864842588,3.0716993591726065,0.6204393061092005,64.31453821958816,28095.435,27744.96,27821.94375,28083.56854328717,27927.449227377176,27813.720216074333,85.64727930041205,81.15745133048101,360.9042964932111,2.4839274746601,114.40426951290056,0
1679306340,1.9640652715674507,1.943976191340851,1.942818755601832,1.9039703723487311,0.39587115969861103,0.6906276269775528,0.7663224666585514,139.6364897796302,50.9454700494114,88.69101973021881,28168.391666666663,28319.58333333333,28048.18333333333,28439.791666666664,27896.99166666667,28590.98333333333,27776.783333333336,27994.651557642435,28181.47,28368.288442357567,1.3258246809521703,0.37221550667728,61.69173090647382,28181.47,27825.185,27831.205,28100.287362191448,27964.9539133086,27844.19686216249,80.35634743875278,83.77106531670584,360.82541817226735,2.935260537530448,83.667183904891,0
1679308800,1.9554333153909402,1.949840893612337,1.9192111655861843,1.9646970886254582,-0.06692476703847978,0.1377479077645801,0.7101073870383984,146.70219359904877,46.40893909506396,100.2932545039848,28093.30833333333,28293.41666666666,27933.61666666666,28453.10833333333,27733.50833333333,28653.21666666666,27573.816666666666,28075.888931113004,28204.425,28332.961068886994,0.9114603037430832,0.2892614871875836,62.11058861247477,28204.425,27910.16,27838.7975,28116.9415747943,27998.644110888847,27873.34478005178,76.26701311556545,80.75687995157679,343.8450311599627,3.1125803556711418,79.55566660033979,0
1679311260,1.954049833744672,1.9527776809827786,1.9460907464683819,1.9551011216666359,0.26521847055643966,0.5395708087365364,0.7032992053791356,151.2262955248152,40.74643281666432,110.47986270815088,28132.983333333334,28203.166666666668,28080.066666666666,28256.083333333336,28009.88333333333,28326.26666666667,27956.966666666664,28060.12850783172,28191.475,28322.82149216828,0.9318170983836964,0.3745684050786024,62.33268925399987,28191.475,27983.665,27846.370000000003,28130.80271652953,28027.71336345451,27900.504800999228,75.2561247216036,77.29316175864064,335.4489575056796,2.680367823552642,71.38274090492311,0
1679313720,1.954826559369798,1.9563355412110164,1.9432761306691988,1.9675257505274997,-0.19777647695802641,-0.018210504211555113,0.6814054160881612,153.8471583381688,34.69383650401433,119.15332183415448,28152.275000000005,28268.55000000001,28042.25000000001,28378.575000000004,27925.97500000001,28494.85000000001,27815.95000000001,28118.364334349862,28162.085000000003,28205.80566565014,0.3104931019854293,0.5739352878537006,62.618572626751565,28162.085000000003,28057.9675,27851.120000000003,28143.385144353026,28053.3200246446,27926.03291518978,76.11791635733734,75.88035139816883,324.6026033981309,2.70924622226921,64.61502926203067,1
1679316180,1.9569939404474654,1.945289316811624,1.933319427279589,1.9662009341936322,0.10708085118999289,0.3475688262837683,0.6704097452436092,151.66439093167355,26.008855278015247,125.6555356536583,28164.516666666663,28258.33333333333,28074.733333333334,28348.116666666665,27980.916666666668,28441.93333333333,27891.13333333333,28123.78157867278,28149.695,28175.60842132722,0.1841115601943048,0.2632500964450311,61.06885100164736,28149.695,28122.565,27849.64625,28141.39842956869,28068.61183834558,27946.16549469552,75.80054441969821,75.72486183287975,312.7738460125501,2.3497305525899947,53.86654143332855,1
1679318640,1.9525542451008644,1.8941661481455139,1.9065574027744991,1.83558120484369,1.8302890922959676,2.3835305849941433,0.7091123009389801,136.7347083091263,8.86333812437438,127.87137018475192,28143.475,28219.950000000004,28060.950000000004,28302.475,27984.475,28378.950000000004,27901.950000000004,27991.761506265764,28121.625,28251.48849373424,0.9235845633688368,0.0062122683128247,54.36315626886899,28121.625,28151.547500000004,27848.596249999995,28092.057286379128,28054.93241319184,27950.661638057845,69.40752789304052,73.77532955669206,322.4138663846644,1.0461655636191056,1.677867821449118,0
1679321100,1.924771546446127,1.890679267672452,1.8928945078638215,1.8856377787557566,0.38173644080046476,0.6658501913552821,0.7136390535298716,122.69567254150024,-4.140558114601348,126.8362306561016,27948.503043740715,28194.80608748143,27747.07195625928,28396.237174962866,27500.768912518564,28642.54021870358,27299.337825037128,27923.923944379032,28088.285,28252.64605562096,1.1703174873151865,0.181387419896085,53.928201649208646,28088.285,28146.355,27855.641250000004,28055.88819091942,28041.953792611504,27953.79386300472,62.476811238922096,69.22829451722032,318.605733071474,-0.1852117718711713,-1.0983831820381844,0
1679323560,1.9091366704898585,1.8862785228514896,1.8953221139906173,1.9018578273839153,-0.014838603622009403,0.19438171912293062,0.6918124582496794,109.30901292251656,-14.02177418686803,123.3307871093846,27978.88333333333,28115.766666666663,27846.666666666664,28247.98333333333,27709.783333333333,28384.86666666666,27577.566666666666,27882.208058715776,28050.810000000005,28219.41194128424,1.202118165459242,0.2637630996617268,53.348063066314,28050.810000000005,28121.1425,27866.88875,28027.64212727961,28029.080375773046,27955.44682843284,55.14448297817543,62.34294070337938,312.32675213779737,-0.8933229754519983,-13.489756177800148,1
1679326020,1.8991187510666039,1.8324048886722775,1.860702339660665,1.8066142747329155,0.4840945471027279,0.7771531627020914,0.6833443641313207,85.46580082305081,-30.291989029067025,115.75778985211784,27992.150000000005,28097.00000000001,27866.30000000001,28222.85000000001,27761.450000000004,28327.70000000001,27635.60000000001,27779.26493956581,27980.97,28182.67506043419,1.4417302933685956,0.0993655299175435,46.72178030539761,27980.97,28071.527500000004,27874.07,27958.211418186413,27990.947580177944,27942.48522572495,48.03662366537728,55.219305960824975,318.467698413669,-1.7522205152654955,-119.1201215521923,1
1679328480,1.8671716394703375,1.7591182914522043,1.8219180143035014,1.7441330719599852,1.009632869563843,1.3823180425830162,0.6837230102310026,49.33831782976631,-53.135577617881225,102.47389544764754,27820.08333333333,28018.866666666665,27620.566666666666,28218.38333333333,27421.783333333333,28417.166666666664,27222.266666666663,27583.67915215226,27876.055,28168.43084784774,2.0976845385599887,0.0498858713236274,39.52895363936977,27876.055,28012.875,27878.9175,27843.09094545761,27922.20256560013,27911.09139470353,34.71405281238172,45.96505315197819,328.76022500564864,-2.079921984086532,-199.5216759942616,0
1679330940,1.8145529692836817,1.7653290200301768,1.7700717109269706,1.7583121873170522,0.10674406173936583,0.32315285698440316,0.6757784443443987,21.867061150354857,-64.48546743783415,86.352528588189,27656.337690233795,27865.87538046759,27403.312309766206,28118.90076093518,27193.77461953241,28328.43845116897,26940.749239064826,27484.571866531067,27803.45,28122.32813346893,2.2938026285869832,0.2285796957650811,40.36681258521725,27803.45,27962.5375,27893.86125,27772.177296971746,27869.138462763745,27884.35411901748,23.127475866965327,35.29271744824148,324.9630660766736,-1.789222721129179,-167.65821017406063,1
1679333400,1.791349152358872,1.783136066110164,1.7841096072253968,1.788603933761693,-0.06246217706325194,0.12499888903881295,0.6230080152992884,4.097363624885475,-65.80413197064281,69.90149559552829,27626.25,27766.1,27490.5,27901.85,27350.65,28041.7,27214.9,27472.4174932545,27742.845,28013.272506745503,1.9495297381757488,0.3847750349992155,42.81335128487319,27742.845,27915.565,27912.8625,27741.626531314498,27834.84510589761,27864.9418219682,18.80480335267569,25.54877734400762,318.24427564262555,-1.668635269669003,-116.72556026456806,0
1679335860,1.7886512081310668,1.842883275030257,1.8666130328389505,1.825018480019613,0.6041085069667659,0.9265866763125239,0.5906879715717485,3.55817196105636,-53.07465890757755,56.63283086863391,27684.475,27797.950000000004,27567.050000000003,27915.375000000004,27453.575,28028.85000000001,27336.15,27523.36641526069,27718.390000000003,27913.41358473931,1.4071783010435217,0.8345364617679919,50.19639247961691,27718.390000000003,27884.6,27934.1325,27777.37602087633,27837.395995734405,27863.41164844741,29.373045486484084,23.768441568708408,321.4911130967238,-1.099666974743888,-42.4199971009413,0
1679338320,1.8171773207983135,1.84529658670627,1.8584154643238289,1.8118777342215238,0.4801239364994345,0.7753838244620357,0.5374004131185668,3.6376295240334,-42.39616107568041,46.03379059971381,27852.658333333336,28032.616666666672,27668.91666666667,28216.358333333337,27488.958333333336,28396.31666666668,27305.21666666667,27514.12136814781,27725.655,27937.188631852187,1.5259053887252632,0.8073270166581773,50.4745237254976,27725.655,27853.3125,27955.640000000003,27803.475680584223,27840.71945105542,27862.67482478576,40.16854598634965,29.44879827516985,325.4631764469577,-1.1107245491869349,-41.009670073327925,1
1679340780,1.8326470927631324,1.828004143851315,1.8252733632884492,1.8378369731959503,-0.25809433252550223,-0.1016363366900051,0.5132270099309469,-0.228466453965666,-37.00980564294358,36.78133918897792,27834.925,28033.85,27656.75,28212.025,27457.825,28410.95,27279.65,27580.55753208408,27764.475,27948.392467915924,1.3248402349832005,0.6154729903616842,48.38923887216008,27764.475,27820.265000000003,27971.415,27804.633787056155,27834.579550863527,27857.36769861569,47.35492096801729,38.96550414695037,317.2443781293179,-1.174503352741063,-43.07497823489114,1
1679343240,1.8317353288734797,1.8698112196504655,1.8636576862498078,1.8740076652483042,-0.05800240475002491,0.14082864613773968,0.48225679139079675,6.142295574140007,-24.51123489187033,30.65353046601033,27811.45,27914.4,27704.0,28021.85,27601.05,28124.800000000003,27493.6,27661.7472483151,27823.355,27984.9627516849,1.161669767609981,0.8137071054540089,53.40159934196366,27823.355,27813.402500000004,27982.475,27844.672524704107,27850.97417797925,27863.785060652288,50.96975270795034,46.1644065541058,310.3733511200809,-0.2451472893139894,10.056021658031067,0
1679345700,1.8521840206573112,1.9223894732976998,1.9198796368384896,1.894637391140883,-0.055491694348936076,0.14982231767648121,0.4550227560781016,22.88186929332369,-6.217328938149322,29.09919823147301,27920.75631807657,28031.993681923435,27813.512636153144,28139.237363846863,27702.27527230628,28250.474727693727,27595.03159038285,27714.79630943944,27901.830000000005,28088.86369056057,1.340655366049962,0.9573240240495512,58.81843795728861,27901.830000000005,27822.3375,27984.34625,27920.748349802743,27891.324327437564,27883.70076916159,60.10230322081412,52.808992298927286,311.1085062461572,0.3192947285101504,74.18376733512359,0
1679348160,1.8886987960730033,1.893970953818778,1.891381651871761,1.892798948128012,-0.25380467688965774,-0.09131368594911958,0.4361071913181662,29.34840859703036,0.1993682924458752,29.14904030458448,28042.61149237161,28218.08850762837,27897.422984743225,28363.27701525676,27721.945969486464,28538.754030513523,27576.75746185808,27740.75996891202,27930.620000000003,28120.480031087984,1.3595117551130695,0.6638180496535692,55.09079827830083,27930.620000000003,27824.505,27972.82375,27944.77389986849,27909.778995176188,27894.093553050963,68.73963217858011,59.937229369114895,306.3721843714316,0.0774905572348626,58.706441270477136,1
1679350620,1.892746219932613,1.8794733388239104,1.8700609371929495,1.9017146039964707,-0.48477418103351544,-0.3670955691983514,0.42101066133723186,30.82164128686418,1.338080785823756,29.483560501040422,27987.20833333333,28112.416666666664,27867.616666666665,28232.00833333333,27742.408333333333,28357.216666666664,27622.816666666666,27775.425228197262,27949.88,28124.334771802733,1.2483400415510564,0.5060044215998003,53.23720072393704,27949.88,27837.767500000005,27954.6475,27947.174266579,27917.45099605324,27899.60607180801,71.92848151662749,66.92347230534061,295.8670283449007,0.4767365161299599,58.043399331659806,1
1679353080,1.8875207651661892,1.8459087870946698,1.857606262281564,1.82970904595844,0.12448975865144771,0.35331230744376774,0.4205107405717473,24.080195202979667,-4.322692238448603,28.40288744142827,27961.69166666667,28036.483333333337,27877.18333333333,28120.99166666667,27802.39166666667,28195.783333333336,27717.88333333334,27816.70071716257,27959.97,28103.239282837432,1.0248171427754114,0.1420377139865117,49.11683532448895,27959.97,27862.222500000003,27937.54875,27917.24951105267,27906.53263313447,27895.586445921534,64.55381559087799,68.40730976202856,297.9479548916935,0.8856383893730743,-4.6545384331185184,1
1679355540,1.8681249303093963,1.8014932052927701,1.8228630071747904,1.7927216061507398,-0.053123681257896106,0.13663457684896055,0.43098288496677156,8.540541488222516,-15.889876762564604,24.43041825078712,27851.33333333333,28016.866666666665,27691.866666666665,28176.33333333333,27526.33333333333,28341.866666666665,27366.866666666665,27686.75773486517,27921.47,28156.18226513483,1.681231433265004,0.0969107113100696,44.2376050588523,27921.47,27872.4125,27917.475,27855.58300736845,27874.84488165548,27880.03059392901,54.03621232568609,63.50616981106389,300.2051745294067,0.3687973550823694,-64.79810822144407,1
1679358000,1.8362181215215634,1.8403546212520825,1.8351597012830791,1.8622923666022029,-0.2855105221452369,-0.13268026174848482,0.43388327922016695,5.0033137460268335,-15.54168360380823,20.544997349835064,27742.266343273222,27902.03268654645,27572.48365672677,28071.815373092904,27412.717313453548,28231.58171636613,27242.934626907096,27692.81088334181,27875.24,28057.669116658188,1.308897190899064,0.4082109242935404,49.01037704257241,27875.24,27888.535000000003,27902.05,27850.9720049123,27868.827630445387,27876.384823078624,49.07782276203343,55.889283559532544,294.1012334915919,0.5824492129394169,16.66321632892393,0
1679360460,1.8396963879535218,1.8403368763132886,1.8193274874126744,1.8395198479984305,-0.4402936001383658,-0.31749116816314177,0.4354920845122665,2.1709750449190324,-14.699217843932823,16.870192888851857,27855.18333333333,27933.56666666667,27763.36666666667,28025.38333333333,27684.983333333334,28103.76666666667,27593.166666666668,27705.497475635984,27845.015,27984.532524364007,1.0021005509532783,0.488119771996004,49.008314325789634,27845.015,27887.8175,27886.20875,27847.8813366082,27863.89533400077,27873.081506594943,48.37156995051743,50.495201679412354,286.579716813621,-0.0257640568963711,-9.239969315169228,0
1679362920,1.8414266482604482,1.845828934870095,1.8277009694152437,1.8688806424246787,-0.6144599916569278,-0.5230866187459131,0.404828978685904,1.1616387401227255,-12.566843318983306,13.728482059106032,27818.966666666664,27924.733333333326,27735.933333333327,28007.766666666663,27630.166666666664,28113.53333333333,27547.133333333328,27731.22276705862,27826.055,27920.88723294138,0.6816074570497227,0.6640792325286492,49.7137319426105,27826.055,27887.9675,27870.64,27850.979224405462,27862.67345509154,27871.56660120495,53.15152517405908,50.20030596220335,275.43830846979085,0.005384899127364,10.854428112791128,1
1679365380,1.845037943765786,1.8302311336699872,1.8083856684933508,1.861110773655781,-0.4635061699353374,-0.3448597740844853,0.39751801370140377,-3.148372766372632,-13.501483860382931,10.3531110940103,27859.391666666663,27923.58333333333,27792.983333333334,27989.991666666665,27728.791666666668,28054.18333333333,27662.38333333333,27727.628686779124,27817.22,27906.81131322088,0.6441428239117859,0.477704311632572,47.69565083483262,27817.22,27888.595,27854.430000000004,27838.39448293698,27853.68282689308,27866.01025823305,48.47540634385968,49.99950048947877,262.72128643623444,0.0225663008708176,-40.51001620234912,0
1679367840,1.839044304460947,1.8197882371895968,1.7962124551618832,1.8447475016401766,-0.6783782079325716,-0.6002783127234401,0.39128127736199825,-8.836576963578409,-15.351750446070968,6.515173482492559,27819.20833333333,27864.916666666664,27767.516666666663,27916.608333333334,27721.80833333333,27962.316666666666,27670.11666666666,27775.385820989788,27827.53,27879.67417901021,0.3747668514612026,0.0806818629608069,46.33935474973287,27827.53,27874.5,27843.95125,27820.19632195799,27840.97685836706,27858.180709829903,41.79653603503631,47.80782251765172,251.7054802622177,-0.5047493710776308,-88.92222359441472,0
1679370300,1.8308257778308894,1.83928992492443,1.8346671435182216,1.8528038171839643,-0.3861396978090249,-0.25219748822567406,0.3812727615011162,-8.808969688303478,-12.259314536636827,3.4503448483333514,27782.63333333333,27837.466666666664,27728.966666666664,27891.13333333333,27674.13333333333,27945.966666666664,27620.466666666664,27775.38856613705,27826.93,27878.471433862946,0.3704428326297243,0.6146650288332148,49.24214021057152,27826.93,27851.085,27836.71125,27826.38088130533,27840.5719750276,27856.33016603658,38.28728495815417,42.85307577901676,247.67651738634493,-0.8340784172636295,-22.739457378706646,1
1679372760,1.8364678415650102,1.8571147159432102,1.842759163940873,1.8787820753006197,-0.47025010715130383,-0.3511700595186006,0.36644594669780545,-4.680400231169188,-6.504596063602032,1.824195832432844,27844.88333333333,27939.466666666664,27744.166666666664,28040.18333333333,27649.58333333333,28134.766666666663,27548.866666666665,27764.245727723,27836.385,27908.524272277,0.5183092005445369,0.8645032611229121,51.80821322341466,27836.385,27840.7,27832.6025,27847.245587536883,27849.372525022576,27859.439197842617,42.074178093507264,40.719333028899285,240.3958291858584,-0.3709879227980819,23.43284101889629,1
1679375220,1.848201710575719,1.833700269204255,1.8221421032118574,1.8480416395514145,-0.2552845050723775,-0.0979655160077419,0.36106137583144154,-6.655391109699849,-6.783669553706154,0.1282784440063049,27893.47603914016,27964.098960859843,27818.35207828031,28039.222921719687,27747.72915656062,28109.845843439376,27672.605195700777,27760.1615787422,27829.55,27898.9384212578,0.4986672170969446,0.4528019237124316,48.35033769546893,27829.55,27827.8025,27832.785,27839.16372502459,27844.577520473016,27855.96879804808,44.23288727352824,41.5314501083966,235.5818413868685,-0.4614164115415764,-50.36884242702451,0
1679377680,1.842360841585758,1.800872132434973,1.7973231832495573,1.8134173856365583,-0.11835205798115334,0.061216231678325045,0.3668999044656465,-15.505821101596666,-12.507279636482377,-2.998541465114289,27823.33333333333,27909.666666666664,27736.666666666664,27996.33333333333,27650.33333333333,28082.666666666664,27563.666666666664,27706.443644881747,27813.005,27919.566355118248,0.7662699885772898,0.1128756062249674,43.92386021075913,27813.005,27815.1125,27838.6675,27802.94248334973,27823.836153114284,27844.01938871017,38.27165592818982,41.52624043174181,232.98006909888616,-0.4555342566068673,-125.72130849115965,0
1679380140,1.8230255253428929,1.7360143811421493,1.7781561722336237,1.7020970077448456,0.6840194322180041,0.9968946599284317,0.3945801106511529,-36.84156173796509,-27.074416218280643,-9.767145519684451,27736.75234311837,27833.20468623674,27634.047656881623,27935.909372473485,27537.595313763253,28032.36171559185,27434.890627526507,27524.867599307174,27765.795,28006.72240069283,1.7354259130187202,0.0474881657856839,36.76293330929498,27765.795,27796.6625,27834.5375,27717.878322233155,27773.63867072987,27815.80325645205,30.756754505654403,37.75376590245752,248.87995806879144,-0.665290410983589,-257.78062663644613,0
1679382600,1.7809273846330687,1.7016158172895801,1.7364244768943613,1.69160589461449,0.8768506230820899,1.2146239237784138,0.4197718015790689,-60.86965982357651,-40.88201144311365,-19.987648380462865,27554.04283822585,27778.685676451707,27323.107161774147,28009.62135290341,27098.46432354829,28234.264191129267,26867.528647096588,27357.94462396953,27688.21,28018.475376030467,2.385602940966335,0.1406147643250141,33.631269665389475,27688.21,27757.57,27823.0525,27628.86054815544,27714.94527605171,27781.04342250424,24.246538329239968,31.091649587694764,257.2645508737908,-1.4040963660689276,-227.1140431717344,1
1679385060,1.7426781800790896,1.7402199316363745,1.7355574846894886,1.7255856432858434,0.14190214310374938,0.35816088795995044,0.434391848964583,-70.32421348240678,-40.26925208155512,-30.05496140085165,27472.429752446264,27644.75950489253,27278.495247553747,27838.69400978505,27106.16549510748,28011.02376223131,26912.230990214965,27352.69762572763,27622.335000000003,27891.972374272376,1.9523141274796176,0.3836678331976475,39.82638017271228,27622.335000000003,27729.36,27808.588750000003,27605.773698770296,27686.700680405946,27759.95357274193,28.267408708987382,27.75690051462729,258.0956543828058,-1.013228358900506,-137.25804668423137,0
1679387520,1.7428565914467067,1.771149359954677,1.7566319204858711,1.781872434551773,-0.22380395582417867,-0.06648942227585207,0.4289136850292475,-69.97807502727301,-31.938490901137087,-38.03958412613592,27539.5,27684.0,27415.1,27808.4,27270.6,27952.9,27146.2,27397.354181194845,27587.085000000003,27776.81581880516,1.375504652304928,0.6572359208054378,44.311500006810114,27587.085000000003,27708.3175,27798.1425,27619.432465846865,27679.436920332133,27749.172280099843,36.18997045502699,29.567972497751487,251.9173933554624,-0.7553709232899577,-61.47927364378234,0
1679389980,1.7584112776097378,1.831340192344625,1.8889892284424554,1.7948341511155559,0.48313410028741766,0.7796677706781571,0.44942369090800566,-55.38006826012133,-13.872387307188326,-41.50768095293301,27640.916666666668,27729.63333333333,27558.033333333336,27812.516666666663,27469.31666666667,27901.233333333334,27386.43333333333,27358.46197649346,27604.255000000005,27850.048023506548,1.780834320698336,0.9314504068793223,51.8353400145196,27604.255000000005,27708.63,27798.6125,27685.07164389791,27704.33020754447,27755.57015818557,50.96917106401138,38.47551674267529,270.46615097292926,0.0112356621715029,50.69848281715901,0
1679392440,1.7962855281987304,1.8966238221685112,1.9136171166853075,1.8382440242976952,0.501318154882449,0.8130084682764557,0.47618269538470576,-28.637697507962,10.295986755976806,-38.93368426393881,27834.916666666668,28081.43333333333,27569.833333333336,28346.516666666663,27323.31666666667,28593.033333333333,27058.233333333337,27306.72758994196,27694.765000000003,28082.802410058044,2.802243745762357,0.8936927111670695,58.400179556361,27694.765000000003,27730.28,27802.390000000003,27790.147762598608,27758.14289708184,27778.8777621679,65.62874233942632,50.92929461948827,284.0302238617434,0.7792310627056055,114.1313306273071,0
1679394900,1.8478660858988887,1.8926489558786088,1.87832887110305,1.8902812293174294,-0.22346911410632958,-0.0548791694093331,0.47269374669563213,-8.25278939720738,24.544715893385145,-32.797505290592525,27959.978942861224,28210.32105713877,27749.957885722448,28420.34211427755,27499.615771444896,28670.684228555103,27289.59471430612,27447.57393421283,27802.42,28157.26606578717,2.5526271870374795,0.7630436377896357,57.882872259800656,27802.42,27745.315,27798.2,27856.465175065743,27800.13509761241,27798.89892767572,74.7452780852309,63.78106382955624,279.08032113648767,0.5400745363926129,107.36200966807182,1
1679397360,1.8716688331211135,1.8924892514294618,1.8787862461704168,1.904256819123621,-0.41191313628199866,-0.2798857591704704,0.4440400925984808,7.77644390207206,32.45915935413167,-24.68271545205961,27971.25613809728,28087.543861902723,27872.81227619456,28185.987723805443,27756.52455238912,28302.27544761089,27658.0806904864,27610.672160253584,27888.23,28165.787839746416,1.9905016542564085,0.6808992318353324,57.86069554322027,27888.23,27755.2825,27797.991250000003,27900.526783377165,27834.410534410155,27816.970458373267,79.61643100739548,73.33015047735093,271.7888696267385,0.3573992948826657,104.39985651962115,1
1679399820,1.8834903505507496,1.9057269757699398,1.891029824896863,1.914819543947698,-0.44126358811289706,-0.3141439707990086,0.40541299794452373,23.22183815191238,38.3236428831776,-15.101804731265217,27984.55,28075.1,27898.1,28161.55,27807.55,28252.1,27721.1,27813.88711680503,27964.07,28114.252883194964,1.0741131973633873,0.7060154881953886,59.254208256530255,27964.07,27775.577500000003,27801.69,27942.334522251447,27869.23589179013,27836.87327186153,80.59930260183167,78.32033723148605,265.3968075105428,0.7294324839161871,105.37686969070673,0
1679402280,1.89602029941904,1.9260449306893062,1.9375413509783637,1.9388617564237596,0.6910116428511853,1.0471388983227872,0.3327205872326082,39.625245747633016,43.781640383118585,-4.156394635485569,28018.416666666668,28113.333333333336,27931.033333333336,28200.716666666667,27836.11666666667,28295.63333333333,27748.733333333337,27946.31983686189,28017.44,28088.56016313812,0.5076849500747521,0.9623161498680464,61.36597004425845,28017.44,27810.847500000003,27812.980000000003,27989.289681500966,27908.1384569192,27860.332960255662,82.02948121859048,80.74840494260592,264.10803184646977,1.2718847478408275,121.327791146469,1
1679404740,1.9124447547187686,1.9052922247694808,1.8993681242019431,1.9082312681252225,0.5185463872112654,0.8333625577998272,0.3170670766319177,47.36067624858333,41.21365670725512,6.147019541328211,28103.948683928826,28217.25131607117,27969.89736785765,28351.302632142342,27856.594735715305,28464.60526428469,27722.54341964413,27953.259393474065,28022.325,28091.390606525936,0.4929327350670255,0.5173747840692354,58.05625498291102,28022.325,27858.545,27827.60375,28001.101454333977,27929.33601020661,27875.98934499322,81.39867879462209,81.34248753834811,261.2717438574363,1.7314481218974138,76.64846530325774,0
1679407200,1.9102801152312534,1.880555780090358,1.8942666330659237,1.8447475016401766,0.5837536493224407,0.9037135530402128,0.32681869559782745,47.32136195446583,32.93947393051009,14.381888023955735,28019.775,28134.45,27910.05,28244.175,27795.375,28358.85,27685.65,27929.926166218207,28015.51,28101.0938337818,0.6109746621196256,0.1466330302857576,54.2971272251464,28015.51,27908.965000000004,27833.267500000005,27985.74263622265,27934.00673562359,27883.516550231965,76.86142801293676,80.0965293420498,270.2666192961909,1.83673896868308,40.62832511128568,0
1679409660,1.8968289602677375,1.8695273006297584,1.8513171814692626,1.8828091168537149,-0.03745543011870996,0.16403840114434748,0.3315627225515724,44.272367998055415,23.912383979279745,20.35998401877567,27932.608333333337,28137.416666666675,27750.216666666674,28319.80833333333,27545.408333333336,28524.61666666668,27363.01666666668,27889.50259795688,28002.57,28115.63740204312,0.807550178738034,0.1523312706432621,52.66000170018468,28002.57,27945.4,27837.38,27965.145090815106,27932.17823823748,27887.36735497178,71.20162064185952,76.48724248313948,262.30646838027104,1.322043861304236,31.21504799067553,0
1679412120,1.8845888698095932,1.897360237128471,1.8896928823922512,1.908052238890916,0.21588162162146193,0.4715182440803026,0.34256903988425336,47.63515201513292,21.820134397085795,25.81501761804712,27916.991502157773,27999.883004315547,27841.05849784224,28075.816008631085,27758.16699568446,28158.70751078886,27682.23399136892,27887.13895145789,27997.855,28108.571048542104,0.7908895059432556,0.5204125782102922,56.24554887666009,27997.855,27980.9625,27844.640000000003,27977.555060543407,27944.941285830664,27898.320464022087,70.40729288836773,72.8234471810547,257.67029206739466,1.2863175599301908,56.77162380846423,1
1679414580,1.8923859824300147,1.9704427675524119,2.0055846879236148,1.9351952644993413,1.6133952257335746,2.166280890689376,0.3974244590243405,66.15402664942667,32.27120722510364,33.88281942432303,28002.99166666667,28101.38333333334,27903.983333333337,28200.39166666667,27805.591666666667,28298.78333333334,27706.583333333336,27824.489756081013,28022.875,28221.260243918987,1.4158807325728486,0.9673356655390248,63.963602658939145,28022.875,28020.1575,27864.39375,28054.47004036228,27992.824688406905,27927.842324591413,73.89077677388512,71.83323010137083,271.4791193041289,1.409063374598049,128.3708714558723,0
1679417040,1.9328276146746401,1.9929699673516565,2.006710534243287,1.97599493015398,1.1073243084060198,1.5606544953127255,0.4377188335134917,84.97275718456149,40.87195020819076,44.10080697637073,28206.70204220612,28432.9979577939,27982.004084412227,28657.69591558779,27755.70816882444,28883.99183117557,27531.010211030552,27790.949714966584,28072.285,28353.62028503341,2.004363271699559,0.8545413792946612,65.95699058548546,28072.285,28047.305,27888.7925,28126.905026908185,28043.542926878374,27960.59781748747,79.83147878933441,74.70984948386247,276.3911062603221,0.9695431834658992,157.046919115872,1
1679419500,1.9643125888396233,1.9420597379510776,1.9617822295488283,1.9180778760120738,0.629028353621094,0.9706972957189013,0.4691952860791499,87.30512148206981,34.56345160455926,52.74166987751055,28266.909354436382,28439.465645563607,28099.218708872773,28607.15629112722,27926.662417745552,28779.71258225444,27758.97177218194,27850.319320449304,28106.945,28363.570679550696,1.826065974446501,0.5416560026990156,58.13097687684889,28106.945,28061.2275,27903.27125,28127.378351272127,28058.957849264123,27976.571834869617,76.63591173868012,76.78605576729991,283.3845986702993,0.4974257836086269,77.05743844741228,0
1679421960,1.954598699849312,1.9230194186248935,1.9111895105585115,1.9387020438041709,0.05332389176561733,0.2800036416773762,0.47627845813634484,83.85777018830049,24.89288024863196,58.96488993966854,28122.608333333334,28312.61666666667,27938.316666666666,28496.908333333336,27748.30833333333,28686.91666666667,27564.016666666663,27946.655755167627,28137.090000000004,28327.52424483238,1.3536171994500985,0.3361245372255837,55.47962629921253,28137.090000000004,28069.83,27912.55625,28109.81056751476,28061.81551303428,27985.91499345346,69.03137989578472,75.16625680793312,275.4928416224206,0.3073567321038986,34.35604188575738,1
1679424420,1.9402211239403828,1.9371089000274937,1.9256847819243046,1.9429271337338014,-0.321323224314584,-0.16737939357542933,0.4548303703653327,83.3681613947374,19.522617164055085,63.84554423068232,28075.99166666667,28161.783333333336,27988.88333333334,28248.891666666663,27903.09166666667,28334.68333333333,27815.98333333334,28017.53073258539,28159.49,28301.449267414613,1.0082516935826005,0.3410987855120544,57.041042679225306,28159.49,28078.6725,27927.125,28111.33204500984,28071.37178339168,27998.149279791225,59.52840143682982,68.39856435709827,270.2647815065334,0.3155111601926046,45.77945514368669,0
1679426880,1.94007742577393,1.9412523432359408,1.9312084654302017,1.964446447697429,-0.3035336826489475,-0.14557807468018916,0.44418568138498116,82.96583927562097,15.296236035950926,67.66960323967004,28106.891666666663,28211.783333333333,28009.483333333334,28309.191666666666,27904.591666666667,28414.08333333333,27807.18333333333,28008.657420753727,28143.04,28277.422579246275,0.9549968961865808,0.4367849609105018,57.51296166984741,28143.04,28082.9575,27946.902500000004,28116.23803000656,28081.313277320463,28010.33030076349,56.54667355418631,61.70215162893365,262.23872568463827,0.1525823268003594,59.07593017719561,1
1679429340,1.9420774009545583,1.92992219981584,1.9262828877816314,1.958001395262399,-0.48470008000795217,-0.363446091650476,0.4379475831894493,79.15842634154978,9.191058481503788,69.967367860046,28136.05,28210.0,28052.1,28293.95,27978.15,28367.9,27894.2,28066.70392686308,28107.51,28148.31607313692,0.2903570834763998,0.3359925499926565,55.710727368529504,28107.51,28089.8975,27974.22125,28108.86702000437,28083.642681444013,28018.31074830982,54.66765197448507,56.91424232183377,255.07167385002137,0.247638469244574,35.72850847545708,0
1679431800,1.9374120361145886,1.910189827876683,1.8927185943763727,1.9267070851056427,-0.22399950901823654,-0.054183464929875635,0.4428203823616974,70.83799254600672,0.6964997487685736,70.14149279723814,28114.74166666667,28185.38333333334,28023.483333333337,28276.64166666667,27952.841666666667,28347.28333333334,27861.583333333336,28027.619216016243,28089.55,28151.48078398376,0.4409524822131829,0.088048166697027,52.61822338228661,28089.55,28098.247500000005,28003.60625,28085.41968000292,28075.43946663601,28020.23591513745,50.71212978683285,53.97548510516811,247.8451257178768,0.2986940630530647,-35.72303831763057,0
1679434260,1.9252126788277661,1.900438984009267,1.8794538325320034,1.9135663393075533,-0.42133646159857996,-0.29033860659404853,0.44616636461724796,61.32012569712242,-7.057093680092578,68.377219377215,28035.275000000005,28113.85000000001,27959.95000000001,28189.175000000003,27881.375000000007,28267.750000000007,27806.05000000001,27987.71547747388,28076.825,28165.93452252612,0.6347549804945516,0.1309316999161457,51.10845007456116,28076.825,28106.9575,28026.17875,28060.62978666861,28063.732290884007,28019.361066076744,45.28862478777624,50.22280218303143,241.06315137157145,0.3119186218282234,-63.47338951004915,0
1679436720,1.9142373366597798,1.8986201277828607,1.8766752843210295,1.9165740304439012,-0.6175476120186671,-0.5247375846033572,0.4464181377588652,52.75547075059512,-12.49739890129591,65.25286965189103,28001.315828289866,28082.63165657973,27929.73417171013,28154.213313159467,27848.418343420264,28235.529141449333,27776.83668684053,27960.51931100068,28055.135,28149.75068899933,0.6744981907898785,0.2399479910760459,50.81555431647445,28055.135,28107.3125,28044.1375,28042.39485777908,28053.22187435964,28018.081440736103,41.129032258065,45.709928944224735,233.60149770217336,0.0126774961052514,-56.00003834233412,0
1679439180,1.9078401923978645,1.9127894614100331,1.8959554025454335,1.9388810730384771,-0.5436598212081184,-0.43546709341283557,0.453543049318269,48.628969345187215,-13.299120245363056,61.92808959055027,27999.775000000005,28071.15000000001,27934.55000000001,28136.375000000004,27863.175000000007,28207.750000000007,27797.95000000001,27976.09641743811,28039.095,28102.09358256189,0.4493624531169043,0.5536123173355629,53.07181793367226,28039.095,28091.0675,28055.6125,28043.54657185272,28051.88153356698,28020.7260654279,41.47448594604825,42.63071433062986,226.13710500916085,-0.5758943289741117,-14.77656125096937,1
1679441640,1.9117266381456557,1.9287244164472312,1.9054547308676764,1.9547071447806943,-0.6134132678002359,-0.5181947980750335,0.4564920709568647,48.42354551650351,-10.803635259237415,59.227180775740926,28052.11666666667,28113.533333333336,27984.43333333333,28181.216666666667,27923.01666666667,28242.63333333333,27855.33333333334,27977.765656340154,28038.42,28099.07434365985,0.4326516519821562,0.9313788332577396,55.54183358874996,28038.42,28072.965,28060.135,28059.28104790181,28058.94852746389,28027.395011577624,42.3626186110709,41.65537893839476,217.9773342507422,-0.6403029169551663,9.876114844042498,0
1679444100,1.9216377333490664,1.9139783723092458,1.8932463348387194,1.923950034897324,-0.27755583667925493,-0.11796363617986837,0.45013435553178033,44.396235730309854,-11.864756036344858,56.26099176665471,28090.816561869568,28146.733438130435,28034.833123739136,28202.716876260867,27978.916247478268,28258.63375252173,27922.93280934784,27979.287762386342,28040.555000000004,28101.822237613665,0.4369901923386175,0.5705515732120231,52.77366460389775,28040.555000000004,28065.0525,28063.140000000003,28055.92069860121,28057.176067925,28029.471677141657,38.34032929577612,40.72581128429846,214.05752466140336,-0.2813000774130703,-58.23755933918111,1
1679446560,1.9192198935278002,1.9072974028532268,1.880862025322315,1.9337250310904526,-0.431115208459109,-0.30161633209200533,0.46008716297770774,39.23328663024222,-13.622164109129995,52.855450739372216,28036.766666666663,28124.533333333333,27961.43333333333,28199.866666666665,27873.666666666668,28287.63333333333,27798.333333333336,27988.918726097407,28044.42,28099.9212739026,0.3958097468415829,0.3734713727053283,51.52080145332367,28044.42,28060.622500000005,28065.22625,28047.405465734144,28052.30314648409,28029.55770789007,30.49036691086583,37.06443827257099,205.95341575701755,-0.1577934562020727,-72.20946673680002,0
1679449020,1.9146703233587492,1.9225580502162445,1.9044696153379626,1.946292883338762,-0.5438849142587393,-0.4352332460993252,0.4580150634126217,38.1713374876781,-11.747290601355289,49.91862808903339,28027.858333333334,28079.416666666668,27978.816666666666,28128.458333333336,27927.25833333333,28180.01666666667,27878.216666666664,28015.041682971914,28057.91,28100.77831702808,0.3055702796685993,0.6803779699337514,54.19572021063488,28057.91,28056.522500000003,28067.597500000003,28056.061977156096,28056.13439257789,28033.730783329112,26.178806522499173,31.66983424304708,200.71388606008765,-0.1458328701954071,-7.256559216390991,1
1679451480,1.9200262400597259,1.9259562059953352,1.8921908539140257,1.9591113765150994,-0.5625270503310827,-0.45755032887821784,0.4558992922086648,37.66814271800104,-9.800388296825886,47.46853101482692,28076.25833333333,28141.11666666666,28008.516666666663,28208.85833333333,27943.658333333333,28273.71666666666,27875.916666666664,28020.57831394433,28065.33,28110.081686055662,0.3189108131325586,0.6968640910879266,54.79386667046342,28065.33,28052.2125,28067.585,28065.0246514374,28061.009957563725,28038.41832777396,31.12340891760545,29.264194116990183,190.79860848436687,-0.153238723532094,20.81349808534146,1
1679453940,1.9244033604938475,1.9471170455074265,1.9522125358316056,1.9484770399972995,0.19017538620992006,0.44833148739316897,0.4610587563354371,41.60104547431547,-4.693988432409164,46.29503390672463,28079.75,28112.3,28050.4,28141.65,28017.85,28174.2,27988.500000000004,27999.344024859976,28075.695,28152.045975140023,0.5438937496651347,0.9379773793153714,58.4339746660479,28075.695,28057.057500000003,28073.4775,28090.874767624937,28075.83996527941,28048.338010843105,44.59982752845644,33.96734765618706,195.8987078783408,0.1724559850146631,133.8543524123061,1
1679456400,1.937172864756505,1.9613839762979688,1.9374358028858945,1.980378649125893,0.10446375686359068,0.3452179316372966,0.47918169758674684,47.41513116118222,0.8960778035660582,46.51905335761616,28146.591666666664,28275.683333333327,28013.483333333326,28408.791666666664,27884.391666666663,28537.883333333328,27751.28333333333,27994.771625779413,28102.41,28210.04837422058,0.7660437252220256,0.873310172054964,60.729917472921706,28102.41,28071.4825,28084.865,28121.508178416625,28095.28269886497,28061.14153361995,59.01623791247511,44.91315811951237,191.2705081129137,0.5144707148468045,148.08356260422676,1
1679458860,1.9506914357663732,1.9618719621148095,1.9345508216917315,1.9878634715447054,-0.48375482849092377,-0.361292869854006,0.4789176355062636,51.53966973452407,4.016493101526322,47.52317663299775,28175.69036294588,28244.78463705412,28113.68072589176,28306.79427410824,28044.58645178352,28375.88854821648,27982.5768147294,28038.31538953759,28133.165,28228.01461046241,0.6742903648587711,0.7687675771752721,60.80965504028693,28133.165,28088.7925,28097.875,28142.388785611085,28111.440389980424,28072.856625656143,69.45602817162468,57.69069787085211,184.8940432477056,0.6179704081067955,130.67800055206712,1
1679461320,1.957694726270263,1.975668652027305,1.9545697765634218,2.001082192526602,-0.44770600422541507,-0.31659583903270405,0.4786840106543274,57.28493876225184,7.809409703403276,49.475529058848565,28180.38333333333,28233.266666666663,28131.266666666663,28282.38333333333,28078.38333333333,28335.266666666663,28029.266666666663,28068.15707604497,28163.095,28258.03292395503,0.6742009282362535,0.8156272936218221,63.09146940951595,28163.095,28110.5025,28108.9075,28169.267523740724,28131.72850089308,28087.15837559366,76.39782011958876,68.29002873456288,180.400342143626,0.7751931064587173,158.32742404048537,0
1679463780,1.9680950583108463,1.9628035714015053,1.9353600237339965,1.9955617286198801,-0.5844498645585612,-0.481957015324836,0.4797072750360292,58.241660208335816,7.012904919589801,51.228755288746015,28224.614257403136,28284.810742596863,28162.82851480627,28346.596485193728,28102.632029612545,28406.79297038745,28040.84628701568,28132.88465689273,28183.860000000004,28234.835343107283,0.3617342912381668,0.5285922548266381,59.606362263050194,28183.860000000004,28124.595,28107.83125,28175.103349160487,28141.736955276152,28096.64567315617,76.31643242245796,74.0567602378905,173.42888913336694,0.5024807591854157,99.4994931310457,1
1679466240,1.96686236526778,1.9613484864203796,1.9309973692452633,1.9955617286198801,-0.5583489073811588,-0.4506865733412392,0.4806608438249953,58.00044014235027,5.417347882883405,52.58309225946687,28189.19166666667,28229.38333333334,28146.58333333334,28271.99166666667,28106.39166666667,28312.18333333333,28063.78333333334,28160.594757394098,28191.88,28223.165242605897,0.2219450608182203,0.352885909884838,59.20799250875393,28191.88,28133.7875,28103.37625,28177.62723277366,28149.18023613503,28104.838942379392,75.73462518195039,76.14962590799908,166.06968276669798,0.3272429536413206,78.10494473826103,1
1679468700,1.9655184402039039,1.9438874666468802,1.9371895240034658,1.9529169650080984,-0.13965284122406948,0.050515122959001665,0.4827509427199391,53.22569006054255,0.5140782408605418,52.711611819682005,28183.691666666666,28218.38333333333,28147.98333333333,28254.091666666667,28113.291666666664,28288.783333333333,28077.58333333333,28124.98946076966,28182.02,28239.050539230346,0.4047299606652871,0.0743946957617513,54.50079414797453,28182.02,28142.215,28103.63375,28162.909821849105,28146.32473865593,28107.566185962307,67.2613551348666,73.10413757975836,169.00041971193374,0.3004542019023637,20.79437296139653,1
1679471160,1.9561155351639037,1.9373928190482022,1.9269161763364473,1.9575359192532025,-0.049691111749950626,0.15836636893607167,0.48961297726951414,47.41839936897304,-4.234569960567171,51.65296932954021,28133.45833333333,28237.016666666663,28029.916666666664,28340.55833333333,27926.358333333334,28444.11666666666,27822.816666666666,28090.36456071988,28168.225,28246.085439280123,0.5528246048881278,0.1593263505158658,52.81873662779186,28168.225,28150.695,28105.65875,28146.99821456608,28140.6611498094,28108.29083491828,59.40864159162275,67.46820730281328,168.7146754467956,0.3025289529662122,-1.0838449069661416,1
1679473620,1.9481665979305374,1.9399924525815524,1.9252625895544269,1.9608300571644404,-0.5352290170373916,-0.42425891766467133,0.4730299081629662,42.912477609268535,-6.992393376217343,49.90487098548588,28121.925,28201.05,28036.05,28286.925,27956.925,28366.05,27871.05,28087.16434066569,28148.120000000003,28209.07565933431,0.4331064336396726,0.2898472407665116,53.43819065862543,28148.120000000003,28155.6075,28106.065,28138.832143044056,28137.359122571324,28109.644088735586,52.65259780399779,59.77419817682909,167.45648434345296,0.174987866617391,-3.037805399150275,1
1679476080,1.9454920104901052,1.9194704308660535,1.8995566417379952,1.9406355595346791,-0.4098210666647887,-0.27493349618998303,0.46775020171703674,34.280345431619935,-12.499620443092752,46.77996587471269,28125.86666666667,28199.733333333337,28048.63333333334,28276.966666666667,27974.76666666667,28350.833333333336,27897.53333333334,28048.16633859753,28123.7,28199.23366140247,0.5371530872713824,0.1092801612946373,48.07246343193167,28123.7,28153.78,28102.996250000004,28114.113095362707,28124.14382755836,28105.36131837981,44.98616874135583,52.34913604565883,165.09786578790454,-0.0650750722413344,-83.34918543082735,0
1679478540,1.9338931974501974,1.926639386138912,1.9054547308676764,1.9501957206466405,-0.4815269480356437,-0.36018588272347807,0.4651604800991663,28.73801571486547,-14.433560127877785,43.17157584274325,28063.436941521926,28131.27388304385,27996.83805847808,28197.8727660877,27929.00111695615,28265.70970760963,27862.402233912304,28053.16526503404,28104.140000000003,28155.11473496597,0.362756056338792,0.311033838499941,49.962595001191154,28104.140000000003,28148.01,28102.53375,28104.36706357514,28117.004040729564,28103.41024043888,40.239925058752895,45.95956386803555,162.19801823162564,-0.2050274361887664,-64.04539724452586,1
1679481000,1.9316784461876195,1.943532567870996,1.9192463482836737,1.970390218276402,-0.4382284393162043,-0.3072629181270058,0.46158477677289866,27.865386840316205,-12.244951201941646,40.11033804225785,28084.658333333336,28147.01666666668,28022.51666666668,28209.158333333336,27960.158333333336,28271.51666666668,27898.01666666668,28053.421413273427,28103.94,28154.458586726578,0.3595124863387514,0.7824208063701166,54.193753444809126,28103.94,28142.98,28107.23125,28113.73637571676,28119.8169424151,28106.17831277804,38.78852111397674,41.33820497136187,158.2767312150809,-0.1784778113581892,-7.719190775675877,0
1679483460,1.9390180799747012,1.9495126122446444,1.9252274068569377,1.9822402002004855,-0.6423324422901047,-0.5519441619230205,0.4156063498967891,28.208308527322515,-9.521623611948272,37.72993213927079,28132.391666666663,28186.083333333325,28078.78333333333,28239.691666666666,28025.091666666664,28293.383333333324,27971.483333333326,28048.220896050745,28110.77,28173.319103949256,0.4450187878116136,0.8081978602865284,55.62425330515479,28110.77,28139.497500000005,28114.145,28125.599250477844,28125.18204379417,28110.287521084887,44.98137442463197,41.33660686578724,153.48588590895233,-0.1235623568566046,22.01570274291813,1
1679485920,1.945678067219075,1.9584915512745127,1.9403559667775467,1.9796281267666114,-0.27451015209089996,-0.10959413820505123,0.37942526717983227,30.17375077750694,-6.04494508941108,36.21869586691802,28154.706701023573,28197.618298976427,28106.413402047147,28245.91159795285,28063.50180409429,28288.82319590571,28015.208505117866,28039.7728752128,28121.195,28202.6171247872,0.579080119370442,0.8281049231989674,57.757392196267,28121.195,28134.6575,28122.58,28141.941166985234,28134.17167219523,28116.414900029184,53.83138468592375,45.86709340817753,152.62975120117002,-0.1714911849456302,50.37780158461805,1
1679488380,1.9534977528220334,1.974027245188841,1.9415873611896892,1.9968480628947072,-0.29181737666576585,-0.12945277022150442,0.25734986623665485,34.86178956865115,-1.085525038613497,35.947314607264644,28175.041666666668,28245.583333333336,28104.083333333336,28316.541666666668,28033.541666666668,28387.083333333336,27962.583333333336,28063.32858084376,28151.94,28240.551419156243,0.6295226485722903,0.8750081007212842,61.23002818807803,28151.94,28137.82,28131.2075,28167.427444656823,28149.48591361428,28126.12776669308,63.68065107748749,54.16447006268111,148.64958856053795,0.1121980077536362,95.168628273401,0
1679490840,1.9651758274993372,2.0001300501551187,1.994537320911821,2.0086295246181574,0.8001768083803905,1.1916026517190357,0.22693510068787645,44.00470554953063,6.4459127538127845,37.55879279571784,28206.83084192256,28261.069158077444,28164.161683845123,28303.73831615488,28109.92336769024,28357.976632309765,28067.2542096128,28079.007969409296,28193.355,28307.702030590703,0.8111629892270932,0.9311218205259516,66.2502238431329,28193.355,28148.747500000005,28141.267500000005,28208.934963104548,28175.388474775315,28141.92036034135,70.48685516176722,62.66629697505953,153.35345631451094,0.3877382115076069,191.4746138254689,0
1679493300,1.9840669140548208,2.0273152963878425,2.0235982290383854,2.0276878556631166,0.9280007612557728,1.3502814328771777,0.23784985983028592,56.77702199552732,15.374583359847575,41.402438635679744,28292.482087627945,28399.46791237205,28184.96417525589,28506.985824744104,28077.978350511785,28613.97164948821,27970.46043813973,28080.10894738927,28240.57,28401.031052610728,1.1363867840537785,0.8987883599095968,70.53012920536946,28240.57,28172.255,28157.235,28262.139975403035,28210.50875208889,28163.504135546937,75.49291482205915,69.88680702043798,159.81941433190872,0.8355704369972097,214.4886461740062,0
1679495760,2.0071057540016235,2.0819697078739985,2.115565800276693,2.050930660533467,2.6701876177035024,3.4920299404274506,0.28442232070812284,78.42169132506388,29.615402151507304,48.80628917355657,28363.29104381397,28487.85895618602,28243.98208762794,28607.16791237205,28119.41417525589,28731.7358247441,28000.10521906986,28069.430741746968,28315.215,28560.999258253025,1.736057863258523,0.9217825044485902,76.87842687710598,28315.215,28212.9925,28181.84375,28348.94331693536,28267.24352443637,28197.69897978056,73.42424060806722,73.13467019729791,179.85827289956092,1.4489506111912742,254.2109012019192,0
1679498220,2.0459537338579903,2.1038847072848452,2.1098662032833473,2.090122565051825,1.144028733195861,1.634445743973995,0.27669392846780966,99.41199702398444,40.48456628034229,58.92743074364215,28523.395521906987,28743.154478093013,28302.791043813973,28963.758956186022,28083.032087627947,29183.51791237205,27862.42760953493,28122.06914642228,28397.15,28672.230853577727,1.937383530232612,0.8401727120697653,78.84617241242165,28397.15,28259.172500000004,28207.39,28427.395544623578,28324.890156357025,28234.518124563365,75.21748701587816,74.71154748200155,189.49030463098663,1.6421015201351334,190.89822925968105,1
1679500680,2.0763357664665203,2.0972481001758103,2.0859771516877816,2.101224782707511,0.8216923491129792,1.2368912605075402,0.26587620300327086,113.23275508412188,43.44425947238379,69.7884956117381,28575.06442762016,28737.03557237984,28422.32885524032,28889.77114475968,28260.35771048064,29051.742289519363,28107.6221381008,28235.244168818423,28466.590000000004,28697.935831181585,1.625384924443575,0.7139869983701645,76.71689664660896,28466.590000000004,28309.265000000003,28231.522500000003,28473.46369641572,28368.655582473926,28266.049731747808,75.07794405843585,74.57322389412711,191.3695685859164,1.7848950682664082,134.98163649891458,1
1679503140,2.088208314784996,2.093539407967822,2.1004372403560843,2.1006518891577315,0.215495784518926,0.5004817441005949,0.23978478581715723,121.936964332559,41.71877497665672,80.21818935590228,28556.533333333336,28668.966666666674,28453.16666666667,28772.33333333334,28340.733333333334,28884.76666666668,28237.36666666667,28363.306908685296,28519.23,28675.153091314703,1.0934593347345207,0.6151849918351848,75.49002193535854,28519.23,28356.2925,28252.151250000003,28500.69246427715,28402.56365838776,28293.583090628967,76.52993051843949,75.6084538642512,196.164599401208,1.6744778105653009,111.85349378265414,1
1679505600,2.092290150952175,2.1038403449378595,2.1528594596158688,2.050738538633109,2.363592244196825,3.1031966638579465,0.2690957724114459,129.68229107326988,39.57128137389407,90.1110096993758,28566.216666666664,28689.933333333327,28431.433333333327,28824.716666666664,28307.716666666664,28948.433333333327,28172.933333333327,28516.70787078945,28562.355,28608.00212921054,0.3196314114192727,0.7390073634133854,76.60894350894935,28562.355,28401.4625,28272.22125,28528.51997618477,28435.58390231725,28321.258510569063,73.27205706339164,74.95997721342236,221.2171280154076,1.6056177069383493,96.6978284856866,1
1679508060,2.09948179274098,2.023908268139355,2.156975835222174,1.8535557399680518,5.466525462203909,6.836441255312463,0.4066650418279481,116.30603947612326,20.95602382139795,95.35001565472533,28579.091666666664,28855.08333333333,28308.183333333327,29125.991666666665,28032.191666666666,29401.98333333333,27761.28333333333,28357.493803288864,28529.635,28701.776196711133,1.2067535859546357,0.0042296578011489,55.45376081245173,28529.635,28422.425,28280.96125,28471.99665078985,28421.650465532293,28324.848176229152,66.11077246452494,71.97092001545207,284.65161887144984,0.7446892598667997,-1.5808757776531757,1
1679510520,2.063109594806543,1.8348625626952761,2.0170542473052855,1.6260453890114905,6.630451705996225,8.02874285745587,0.5864382308614551,62.00805273219521,-26.67357033802409,88.6816230702193,28324.35,28896.300000000003,27787.000000000004,29433.65,27215.050000000003,30005.6,26677.700000000004,27802.63630051673,28378.03,28953.423699483268,4.055205378831929,0.0205413263166598,32.555822488801354,28378.03,28387.590000000004,28261.12375,28256.756100526567,28313.400380890056,28277.36501658828,54.73975681642085,64.70752878144584,360.53364609491774,-1.2363962253268626,-179.39713155303463,0
1679512980,1.9503959592441347,1.6041872308399885,1.9044179038249156,1.4445097454248106,5.835694552772952,6.910129353764864,0.7355291310396745,-33.089606998601084,-97.41698405505632,64.32737705645523,27802.425,28487.85,27140.85,29149.425,26455.425,29834.85,25793.85,27028.054716364488,28100.17,29172.28528363552,7.630667598349149,0.0691368204046207,21.104434703734064,28100.17,28283.38,28210.6,27896.60406701772,28106.654857091864,28172.50168167511,40.16054459775141,53.67035795956576,444.3421728056159,-3.692980466645871,-252.5430899001532,0
1679515440,1.7786957602296138,1.5373686638104032,1.7342122777770994,1.5130779421641583,2.2376834081944073,2.748109750074447,0.7836017211935121,-122.2383192435409,-149.2525570399969,27.01423779645601,27310.05100668157,28010.10201336313,26476.24899331844,28843.904026726257,25776.197986636875,29543.955033407823,24942.39597327375,26529.6141319498,27786.745000000003,29043.875868050203,9.048421238617191,0.1823242431240237,19.017696145001945,27786.745000000003,28152.9875,28150.867500000004,27593.74437801181,27903.267610347888,28059.69437865843,27.53047805159856,40.81025982192365,473.9303397496684,-4.608819823306627,-207.2500500988444,1
1679517900,1.6594347216836147,1.6290922524376559,1.6543206361855667,1.6304853140222895,1.4565277076296925,1.8797100558147815,0.7811532092598477,-170.07405311928233,-157.67063273259066,-12.40342038669166,27149.86717000745,27498.234340014904,26639.65782999256,28008.443680029803,26291.2906599851,28356.81085003725,25781.0813199702,26509.816537907987,27519.205,28528.59346209201,7.33588388248869,0.3649033497793544,29.345390596184107,27519.205,28040.78000000001,28106.517500000005,27477.987918674546,27783.85077210281,27982.244914024297,23.40157806694204,30.36420023876404,471.8621011961205,-3.955348440438446,-134.58763252692478,0
1679520360,1.6456682693051121,1.6181879875486165,1.622656208444757,1.6063521732377875,0.45395089893760077,0.703952089027695,0.7969062007261214,-208.065023499199,-156.52928249000587,-51.53574100919313,27269.625,27409.85,27106.25,27573.225,26966.025,27713.45,26802.65,26725.50687325168,27290.565,27855.623126748324,4.141051141655156,0.4337988461200159,28.87395799556913,27290.565,27910.1,28061.546250000003,27390.57527911636,27680.55972262957,27909.24539840293,23.985581264526047,24.972545794355582,458.2290939678262,-4.581638037272261,-112.00560206400358,1
1679522820,1.6333326405028503,1.5756444967895062,1.5901144785936225,1.5723724245664341,0.6539585308653465,0.9314744952913656,0.8170117123968054,-245.0215954663763,-154.78868356574654,-90.23291190062976,27206.916666666668,27351.833333333336,27070.833333333336,27487.916666666668,26925.916666666668,27632.833333333336,26789.833333333336,26958.290438843604,27144.485000000004,27330.679561156405,1.3718776477534982,0.369464500740243,27.048214622364707,27144.485000000004,27761.2575,28010.215000000004,27292.34185274424,27574.2534094242,27831.781550935983,25.58215274385276,24.323104025106986,445.7417614524671,-5.207141682671966,-101.4575727250573,0
1679525280,1.6058920266473615,1.6101495302748403,1.6232543143020837,1.6028790060922433,0.16306342385502925,0.36911574802849945,0.801719169334685,-263.4280652928974,-138.5561227138141,-124.8719425790833,27104.4938129176,27241.8876258352,26958.4811870824,27387.900251670395,26821.0873741648,27525.294064588,26675.0747483296,26958.88935598737,27147.845,27336.80064401262,1.3920489380473868,0.6197503261585054,30.86639658462533,27147.845,27624.0075,27966.63625,27259.261235162827,27504.952789528885,27770.95473656113,24.79200900060691,24.78658100299528,434.7887784915767,-4.804730164953651,-77.13367001773271,1
1679527740,1.6094250913730035,1.6370686024256524,1.6174843519137578,1.6497292952072884,-0.26843391583413667,-0.1303820752989393,0.7820391836934054,-268.79634717643785,-115.13952367788364,-153.65682349855422,27196.7,27341.1,27048.7,27489.1,26904.3,27633.500000000004,26756.3,27084.12833443916,27204.03,27323.93166556084,0.8814992893394321,0.7707218440058234,33.77834093054718,27204.03,27495.3875,27925.84,27262.490823441884,27462.043191432724,27723.144761650543,25.579562108629005,25.3179079510296,414.1006257644498,-4.504266305727691,-61.35680912768954,1
1679530200,1.6246518267690904,1.6447876508011323,1.6539688092106688,1.6557642419063512,-0.08091613277210302,0.09120510749233628,0.777431915095284,-268.20401706039047,-91.637754849469,-176.56626221092148,27260.13178656273,27337.118213437265,27191.963573125464,27405.28642687453,27114.97714625093,27482.272853749066,27046.808932813663,27076.377520154143,27212.875,27349.372479845857,1.0031830877542856,0.7850785233833124,34.62863623562762,27212.875,27366.04,27883.75125,27271.8938822946,27430.889883899497,27681.959546255253,28.46367929416291,26.278416801132977,401.0934382098462,-4.525143720257807,-48.84592305556002,1
1679532660,1.636124909905151,1.6420460577574267,1.61713252493886,1.6675801713705731,-0.32196203811803803,-0.19207491952391895,0.7811834895350883,-265.2997240400073,-70.98676946326862,-194.31295457673863,27307.566666666666,27415.13333333333,27183.13333333333,27539.566666666666,27075.566666666666,27647.13333333333,26951.13333333333,27078.5597705596,27226.32,27374.08022944039,1.0854219699202468,0.6917126151420079,34.459396902044595,27226.32,27258.4425,27840.433750000004,27275.587588196395,27403.99626864504,27643.961018040467,29.794155526935185,27.94579897657574,379.17962119485713,-3.794128485010913,-45.54396676050772,1
1679535120,1.6404905870245068,1.6193857709172255,1.5995763588914564,1.626439253326964,-0.3161657852276197,-0.18785254892110015,0.7869793143774888,-265.0943694053494,-56.625131862888594,-208.46923754246083,27281.091666666664,27329.183333333327,27234.883333333328,27375.391666666663,27186.791666666664,27423.483333333326,27140.58333333333,27174.60710715082,27250.97,27327.33289284917,0.5604416492269773,0.2914890412618896,33.0228254108003,27250.97,27197.7275,27792.65875,27256.766725464266,27370.38331070957,27603.500444893754,29.056564669656968,29.104799830251725,363.8721482523673,-2.1819305674223424,-50.3051980859024,0
1679537580,1.631342720723619,1.6410967035319368,1.6234654104870219,1.663140246359774,-0.5421727239449173,-0.4482943623489019,0.7837252096912106,-257.0324035872509,-38.85053283583204,-218.18187075141884,27204.875,27291.65,27132.35,27364.175000000003,27045.575,27450.950000000004,26973.05,27217.187674747183,27268.41,27319.63232525281,0.3756898568916405,0.6160626732710667,35.78501641776262,27268.41,27208.1275,27745.753750000003,27264.61115030951,27354.0045269442,27572.719450141965,28.90260691921653,29.251109038602934,346.8937805200553,0.3826863848279432,-32.90974725856968,1
1679540040,1.6376247917994062,1.6623107778604114,1.6404586533745895,1.6781786501195426,-0.4972038634560843,-0.39467904455238023,0.7699734581278611,-243.0185283327592,-19.869326065072244,-223.1492022676869,27282.066666666666,27343.533333333333,27218.83333333333,27406.766666666663,27157.366666666665,27468.233333333334,27094.13333333333,27205.67534430746,27282.635,27359.594655692537,0.5641658563591013,0.8731825427434378,38.455833047255055,27282.635,27243.3325,27698.16,27289.76576687301,27351.47188568161,27550.56283584273,29.747894183653813,29.235688590842475,331.47280655503334,1.304467444357263,-9.067271399675883,0
1679542500,1.6513733901100593,1.6736320488111143,1.6497820682093833,1.6920489660084153,-0.4897692763609279,-0.38543421713622916,0.7426534674509396,-226.7248251751625,-2.860498325980501,-223.86432684918205,27332.091618330083,27401.58338166992,27270.583236660168,27463.09176333983,27201.09147332033,27532.583526679664,27139.58309165042,27193.06390867879,27298.89,27404.716091321203,0.7753142440678509,0.8453070933999283,39.89261644556815,27298.89,27255.8825,27648.33125,27317.168844582007,27355.19972464859,27533.554470524374,34.43029154750898,31.026930883459816,316.2792184085931,0.4606100422164702,51.85945328113999,0
1679544960,1.6639086052411423,1.664582130026069,1.6515412030838728,1.6865214643601896,-0.5406977350274641,-0.44507176354835537,0.704465644656264,-213.4095326707757,8.36383534272511,-221.7733680135008,27364.47080916504,27427.60419083495,27308.84161833008,27483.23338166991,27245.708236660168,27546.36676333982,27190.07904582521,27201.304744392863,27311.590000000004,27421.875255607145,0.8076077270282773,0.6581580411993709,39.106676268092,27311.590000000004,27268.955,27589.5275,27326.93756305467,27353.61341107612,27515.737378093483,40.51232006684364,34.896835266002185,303.6307028079791,0.4803284862625448,101.53304261540306,1
1679547420,1.6656510291896989,1.6840926902303,1.7013950854269033,1.6769613032482282,-0.21044726073247705,-0.05841528154098799,0.6715854699404952,-196.1598358918891,20.49082569728938,-216.65066158917847,27352.49166666667,27419.083333333336,27279.88333333334,27491.691666666666,27213.29166666667,27558.283333333333,27140.68333333334,27267.655451466715,27348.055,27428.45454853329,0.5879726988503224,0.8320603223157093,41.77017324477179,27348.055,27299.5125,27530.385,27351.77504203645,27362.31097269864,27504.852865894107,52.9969900902578,42.64653390153685,303.91422403598045,1.1277546859069905,141.71813384954194,1
1679549880,1.6762780046676529,1.7439286238443652,1.7482232557858124,1.7171740633601056,0.7879040213145694,1.123067481164116,0.6896905177675776,-166.96010381849555,39.75244621654636,-206.71255003504191,27409.15,27559.099999999995,27251.5,27716.75,27101.55,27866.7,26943.9,27236.34619709136,27406.005,27575.66380290864,1.2381140768867374,0.9834556096931236,49.12043689789525,27406.005,27337.2075,27480.6075,27424.53336135764,27400.081704935248,27511.06211676133,66.72409661393935,53.411135590346966,305.6626506450613,1.3861972338571342,215.5211369645051,0
1679552340,1.7115109417330483,1.7672099835423636,1.744634620641854,1.7527189207883094,-0.3200841616990838,-0.1796127094415727,0.6709821732829102,-136.94709317616434,55.812365487102056,-192.7594586632664,27547.15260114563,27722.79739885437,27394.40520229126,27875.544797708742,27218.76040458252,28051.189595417483,27066.013005728146,27233.780800112843,27465.120000000003,27696.45919988716,1.684603598215914,0.8685713447681553,51.67636127864591,27465.120000000003,27373.877499999995,27434.6325,27494.90557423843,27442.912304037927,27522.927629450733,81.12994828123259,66.95034499514328,299.46682547623925,1.3447529149453892,187.9198777407914,0
1679554800,1.7407686669431646,1.7622414006799858,1.739849773783242,1.7763225282882749,-0.4990391676502097,-0.39129171485556596,0.659690763299885,-112.988784631023,63.81653922579471,-176.80532385681772,27598.70963390615,27726.64036609385,27507.7192678123,27817.630732187703,27379.7885356246,27945.561464375405,27288.798169530743,27277.98047921705,27515.055,27752.129520782943,1.723234940165973,0.7248132773778674,51.08654059027237,27515.055,27406.972500000003,27386.50625,27537.153716158955,27475.410066940123,27532.329759979235,87.61144468704522,78.48849652740576,288.0334807993649,1.212684174462365,153.77674512306837,1
1679557260,1.7529131150134074,1.770253240545569,1.7623315174792171,1.7927574119976006,-0.2965149749070386,-0.1519858322051719,0.6450123294755874,-91.12955389473063,68.54061596966966,-159.6701698644003,27611.483333333337,27686.26666666668,27546.86666666668,27750.88333333333,27472.08333333334,27825.66666666667,27407.46666666668,27393.961548957628,27574.605,27755.24845104237,1.3102160559860891,0.6927000386625393,52.037182957392815,27574.605,27443.0975,27350.77,27572.84414410597,27506.103691132823,27542.98644950502,88.8757272199655,85.87237339608116,278.7025178851246,1.3240858080909432,141.0264372133166,1
1679559720,1.7629914574859191,1.760520141616947,1.7334817055375906,1.7842356204446168,-0.4354713737786969,-0.3164971467463124,0.6388012184200995,-75.1526118204929,67.61404643512591,-142.7666582556188,27655.608333333334,27728.61666666667,27571.216666666667,27813.00833333333,27498.20833333333,27886.01666666667,27413.816666666666,27566.19521751674,27617.675,27669.15478248326,0.3728031594495942,0.4915015180931997,50.74685102512934,27617.675,27482.865,27340.296250000003,27587.49609607065,27526.23029274504,27550.01631145693,85.19488765016797,87.22735318572627,265.88090946475864,1.4610131662939174,96.47442326943346,1
1679562180,1.7631638381066514,1.7564210607554855,1.7244045695852255,1.7898571384018376,-0.5245599065167719,-0.42145176425656544,0.6222960643517355,-62.69999211194954,64.05333291493542,-126.75332502688497,27611.2,27663.6,27564.4,27710.4,27512.0,27762.800000000003,27465.2,27597.13033751288,27624.715000000004,27652.299662487127,0.199710024064486,0.1471771222669392,50.18248628425588,27624.715000000004,27515.360000000004,27361.74375,27593.4140640471,27540.59751224594,27555.276662746743,81.53180427335845,85.20080638116401,251.01084450299024,1.1911525899641893,77.44397753651525,0
1679564640,1.7612003864257957,1.7590118218194395,1.7370351579840588,1.7908597021139532,-0.5709485217514392,-0.47583939430412153,0.5595502768276756,-51.64680012250028,60.085219923507765,-111.73202004600805,27603.983333333334,27633.466666666667,27575.766666666663,27661.68333333333,27546.283333333333,27691.166666666668,27518.066666666666,27593.670269073737,27620.095,27646.519730926266,0.1913442435752998,0.3572360108215404,50.55675480597036,27620.095,27542.6075,27392.97,27599.792709364738,27553.67978274668,27560.73126629467,79.34287398831533,82.02318863728063,239.5672127527766,0.9966139449141912,72.45610196087003,1
1679567100,1.7615141053070928,1.757734186226257,1.7370351579840588,1.7891052156177514,-0.5135893201664397,-0.40824020491123403,0.536154874542703,-42.68550383307229,55.23721297034861,-97.9227168034209,27619.316666666666,27661.33333333333,27570.533333333333,27710.116666666665,27528.516666666663,27752.13333333333,27479.733333333334,27589.808028912623,27617.555,27645.301971087378,0.2009372016268454,0.3449380299402461,50.35583839671783,27617.555,27566.305,27411.09375,27602.845139576493,27563.728913156367,27565.32352664756,78.9221203837702,79.93226621514805,229.2909832704352,0.8657577686666826,62.4057045045053,1
1679569560,1.7610321152959307,1.7297238003396023,1.7167023869238593,1.7399079820303547,-0.03786740700420656,0.14726352791186256,0.5355531180170269,-41.474112109637645,45.15888375502661,-86.63299586466425,27616.483333333334,27660.566666666666,27564.86666666667,27712.18333333333,27520.783333333336,27756.266666666663,27469.16666666667,27529.573602989283,27594.715000000004,27659.856397010724,0.4721295147329518,0.0034647476983332,46.03633578432121,27594.715000000004,27584.660000000003,27426.807500000003,27578.571759717663,27557.60092894612,27561.961762204937,72.66912606848301,76.97804014685623,225.43505862930925,0.6712016813867342,9.191841179707492,0
1679572020,1.7467852333503309,1.7427485854145488,1.7287672240739584,1.7649720748332494,-0.05134212719760481,0.1344501516547139,0.5215618346880901,-37.1247412481498,39.60660369321157,-76.73134494136137,27525.11101276489,27615.22202552978,27439.913987235108,27700.41905105956,27349.80297447021,27790.53006382445,27264.60594894044,27520.834868633177,27584.7,27648.565131366824,0.4630474963789588,0.3592737569366385,48.25890690227625,27584.7,27601.1875,27450.35,27574.62283981178,27559.25985095591,27562.415403899708,67.48737773039208,73.02620806088181,219.3039830129299,0.603161511525842,29.5171020524364,1
1679574480,1.7461745076223671,1.7283042052360658,1.724369386887735,1.734000017298244,0.021093690964836518,0.2173005959093575,0.49573070956464477,-36.540764177207166,32.15246461132337,-68.69322878853053,27572.108333333334,27639.216666666667,27499.61666666667,27711.70833333333,27432.50833333333,27778.816666666666,27360.01666666667,27494.7546531419,27568.855000000003,27642.955346858107,0.5375656468729214,0.2110000032657221,45.996394077184206,27568.855000000003,27596.785,27466.996250000004,27558.42355987452,27553.217150782108,27558.949651147355,59.67690038059624,66.61113472649049,218.8965556548634,-0.1596841500106146,-15.69386703055213,1
1679576940,1.738646596789316,1.6757082066500386,1.6945117242822796,1.683442161530119,0.44027295456503446,0.7004236966979429,0.5044460207524865,-47.48903554125718,16.963354597818693,-64.45239013907587,27525.541666666668,27632.583333333336,27418.983333333337,27739.141666666663,27311.94166666667,27846.18333333333,27205.38333333334,27365.89046402947,27521.910000000003,27677.929535970536,1.133784217523654,0.0382469281692619,38.853389078893336,27521.910000000003,27571.0025,27472.44,27498.22403991635,27521.327668821723,27541.69968437142,48.04319190238513,58.40249000445786,222.54218595000424,-0.932943498705466,-130.96303801156768,0
1679579400,1.7085833389399623,1.6652475652308518,1.6647101535639286,1.6845521427828194,0.2925478223711995,0.5273977859073542,0.5137226462155886,-57.87683748697964,5.260442121676995,-63.13727960865664,27400.78679326228,27524.27358652456,27254.338206737724,27670.722173049115,27130.851413475444,27794.208966311395,26984.40282695089,27292.268712249977,27469.79,27647.311287750024,1.2924837630722583,0.1579565145702187,37.60265224569934,27469.79,27543.6725,27475.3225,27448.2660266109,27489.877183581408,27523.285428717,32.9034941763729,46.87452881978479,219.65561480310524,-0.989441253509486,-167.32695049259968,1
1679581860,1.6883211301285932,1.8401771718641404,1.9740961736702543,1.7001992978611968,3.162162895705494,3.976928350239033,0.5805661506700457,-26.03620553576912,29.680859258310026,-55.717064794079135,27363.760063297803,27447.120126595604,27264.989936702183,27545.89025319122,27181.629873404385,27629.250316489022,27082.85974680877,27180.6100882415,27532.035,27883.45991175849,2.552843709217245,0.9399446220996728,60.50128951765125,27532.035,27563.375,27503.23625,27579.260684407272,27553.76315020297,27553.567768839188,32.062460620718134,37.6697155664921,276.6659280314551,0.7127166704800061,226.668033550506,0
1679584320,1.7656591631665075,2.077311661440521,2.1232708110269574,1.8073465212994655,3.1166719786364907,4.028310557131452,0.6494607416430994,52.508576825279306,86.58051329548675,-34.07193647020745,27835.75,28347.4,27329.6,28853.550000000003,26817.95,29365.200000000004,26311.8,26857.68427980156,27720.575,28583.46572019844,6.22563363276873,0.9570972786789208,74.28045418537859,27720.575,27652.6375,27567.75125,27889.31545627152,27727.519850166063,27644.601790854504,51.4285616891523,38.79817216208116,338.515144066826,3.2321811361200563,347.71156670768283,0
1679586780,1.9229012998140445,2.0855808029186194,2.088123296234658,1.965980736734554,1.6984264160049924,2.300275556646064,0.7005858091730819,115.30681284233287,119.50299945003226,-4.1961866076993815,28299.55668249112,28975.76831750889,27833.213364982243,29442.11163501777,27157.001729964475,30118.323270035537,26690.6584124556,26882.771338803577,27921.915,28961.058661196425,7.443211980241496,0.7939006524356499,74.61303798306572,27921.915,27745.385,27630.372500000005,28103.78530418101,27873.920786499504,27729.18495363026,73.35987500032283,52.28363243673113,357.1651320808614,3.359777578540309,229.65518007783763,1
1679589240,2.0056571437564688,2.036489429744448,2.0360529039497712,2.034733325086119,0.8149435179504808,1.2177623282088066,0.7233964127823755,152.15919931903045,125.08430874138386,27.074890577646585,28421.70334124556,28777.02165875444,28177.40668249112,29021.31831750888,27822.08836498224,29376.636635017763,27577.7917062278,27199.898648858783,28125.23,29050.561351141216,6.58008024212578,0.6454451962899739,68.91553736249362,28125.23,27823.57,27683.088749999995,28200.65686945401,27968.553370772323,27792.53876757024,80.71678086792959,68.50173918580163,351.2479797893711,2.831502342232073,153.12582494017735,0
1679591700,2.0224881628328024,1.9947710786392674,1.9939743977519848,1.9886512001756538,0.9850274027695476,1.4105166583021451,0.7505858045362698,169.92093574015598,114.27683613000752,55.64409961014847,28390.266666666663,28522.13333333333,28262.533333333333,28649.866666666665,28130.666666666668,28781.73333333333,28002.93333333333,27807.08774154509,28310.93,28814.772258454912,3.559347986483748,0.4661798911979794,64.41404160428044,28310.93,27890.360000000004,27728.3325,28226.05457963601,28024.60730335917,27838.66364684926,75.50886739218048,76.52850775347768,345.3516955187018,2.4191430677370844,98.51861484680688,0
1679594160,2.0100434631875745,1.9825359433406626,1.9903505799105354,1.9912650269965269,0.6983505375179949,1.0655036882900002,0.7754661947249138,179.15026272832984,98.80493049454508,80.34533223378475,28268.31666666667,28406.93333333333,28138.233333333337,28537.01666666667,27999.61666666667,28675.63333333334,27869.533333333336,28155.797384008936,28391.155,28626.51261599106,1.6579643624295146,0.1839277977610706,63.11202025461056,28391.155,27961.595,27773.1275,28231.494719757346,28064.20143002114,27877.112347149334,69.00723274665228,75.07762700225416,338.6194315530801,2.5875385147670533,79.78827802195615,0
1679596620,1.9977032425729797,1.9111303096327752,1.9513133985408333,1.860287239177972,1.8710627143759835,2.441247838286975,0.8370256340806668,168.2894760355448,70.35531504140803,97.93416099413676,28255.825,28374.65,28123.550000000003,28506.925,28004.725,28625.75,27872.450000000004,27970.22762008361,28297.505,28624.782379916385,2.31311827609104,0.1083902895068935,55.99795116665976,28297.505,28009.04,27805.11375,28168.05481317156,28060.01480638093,27892.73736170654,61.09767566841318,68.53792526908202,350.5712133338276,1.7210967207747774,30.958077754188743,0
1679599080,1.9558285462367664,1.9410660213786024,2.011038006034532,1.8623997841427864,0.9395382476346136,1.3444825895871673,0.8583233428173476,164.59125881430373,53.32567825613357,111.26558055817016,28029.83979216118,28288.47958432236,27782.535207838813,28535.784168644725,27523.895415677634,28794.423960805903,27276.590831355268,27971.157820430093,28216.064999999995,28460.972179569897,1.73594141897463,0.3151544594180599,58.12884928756524,28216.064999999995,28068.99,27832.8875,28153.878208781043,28071.925750675306,27914.90761297258,57.7091450579963,62.60468449102064,373.3732695242687,2.177938877843786,40.594490425735806,1
1679601540,1.9498597956409212,1.9839023036278158,1.9892950989858418,1.9721805106194659,0.7129875052825098,1.0780805841814336,0.8783422903172763,169.4466013467827,46.54481663089004,122.90178471589266,28116.50833333333,28455.916666666664,27786.11666666666,28786.30833333333,27446.70833333333,29125.716666666667,27116.31666666666,28008.240223624176,28186.43,28364.619776375825,1.2643656992093308,0.6677845980172376,61.03657713753224,28186.43,28155.83,27863.41625,28184.660472520696,28103.6165232798,27946.46164983233,57.7953558153074,58.867392180572345,368.2323217011065,3.1719101133855374,55.63094972455031,1
1679604000,1.9682946227967257,1.941944395848915,1.955414161303176,1.9300370288637412,-0.005337506312173109,0.21290879541266322,0.8856633802496485,161.88857511044262,31.189432315639976,130.69914279480264,28238.341666666664,28392.983333333326,28091.58333333333,28539.74166666666,27936.941666666666,28694.383333333324,27790.18333333333,28000.46391936784,28156.66,28312.856080632155,1.109478756586602,0.4082563407353016,56.87063107137493,28156.66,28233.795,27888.73375,28165.77364834713,28108.049882683463,27963.75101651497,59.739576335706886,58.41469240300358,364.9871558653131,2.850811840568084,28.786209742257604,0
1679606460,1.9565320429190192,1.9398061307242127,1.9297307921356304,1.9631216313635627,-0.3012493624150667,-0.1430612578132413,0.8892966900668832,153.64153375593014,18.35391276890197,135.28762098702816,28127.6,28289.200000000004,27966.400000000005,28450.4,27804.800000000003,28612.000000000004,27643.60000000001,28001.57381539472,28132.58,28263.58618460528,0.9313485261947628,0.4595248116264427,56.658394535532,28132.58,28261.8675,27912.62125,28151.17409889809,28110.58172219556,27978.819967323067,59.66008329974462,59.06500515025302,350.1595018749335,1.008306020742598,24.16875405714656,1
1679608920,1.9495815674392942,1.9544190878212429,1.9290975035808144,1.9752240076026744,-0.4134037740903229,-0.2772890287617355,0.8945504103293112,148.71389128437295,10.741016237875812,137.97287504649714,28132.05833333333,28205.71666666666,28048.316666666666,28289.45833333333,27974.658333333333,28363.116666666658,27890.916666666664,28062.922477413693,28156.975,28251.027522586304,0.6680584301851014,0.532827402339669,57.81698761846898,28156.975,28227.24,27939.93875,28155.166065932062,28120.13959088728,27996.3752085304,57.79983429620668,59.06649797721944,333.8481088838668,-1.2145983302013332,23.07883691483413,0
1679611380,1.9534131703045008,2.002498999484145,2.009032592277614,1.9967627315605345,0.03241670566116652,0.2648714200080707,0.9075091742594038,153.96558004558028,12.794163999266516,141.17141604631377,28156.45,28220.7,28098.9,28278.25,28034.65,28342.5,27977.1,28052.62667481448,28191.595,28330.563325185525,0.9858848013780278,0.8850877523965004,61.46680543950293,28191.595,28203.83,27974.6075,28202.98571062138,28152.591483453223,28025.160902956068,61.59870285496292,59.686206816971456,330.6336576059077,-0.8204614175477406,60.77963726376687,0
1679613840,1.9793701188159636,2.0162424545802575,1.9995332639553711,2.0229494792732976,-0.2565632692799,-0.08326232732028428,0.9185314530877629,159.41473129672158,14.594652200326236,144.82007909639535,28297.393069669182,28442.43193033081,28153.58613933837,28586.238860661622,28008.547278676742,28731.27772132325,27864.74034834593,28029.288397766813,28209.82,28390.351602233182,1.2799202705524977,0.8532068580305204,62.466505117305445,28209.82,28198.125,28010.8475,28247.77380708092,28186.183941007184,28054.893197912632,66.10997772416023,61.83617162510999,320.49628174093067,-0.2009198996985423,65.83455182319427,1
1679616300,1.9992206611331795,2.006047987242986,1.9845454348247205,2.038528744853414,-0.618010356263163,-0.5203290381128832,0.9124725328945612,159.57586425648697,11.80462812807329,147.77123612841368,28325.679868167925,28425.87013183208,28237.15973633585,28514.390263664154,28136.96947267169,28614.580527328308,28048.44934083962,28073.24314880869,28245.945,28418.646851191304,1.222843499775311,0.6814688133555923,61.19819217492881,28245.945,28201.3025,28045.83125,28268.05753805395,28208.44595173315,28079.058131444763,66.26628452867011,64.6583217025978,304.9322616165784,0.1123710738643146,54.37095825784501,1
1679618760,2.0040484460408883,1.987007667916802,1.9621340565237262,1.9902266574375491,-0.47992923875057164,-0.35594854486679034,0.9122196113464427,153.60380758101385,4.666057162080108,148.93775041893372,28316.408333333336,28363.81666666668,28261.216666666674,28419.00833333333,28213.80833333333,28466.41666666667,28158.61666666668,28151.029266842022,28272.545,28394.06073315798,0.8596023680074036,0.427704834825129,58.79699024676941,28272.545,28202.5625,28082.078750000004,28263.69669203597,28216.905778690754,28095.812118926216,61.43991553963331,64.60539259748793,295.6174572153943,0.0446138116925313,-3.003984391638108,1
1679621220,1.9969417070809694,1.9980982546631811,1.9663911629199902,2.0317972456434936,-0.676951504924394,-0.592013172345404,0.9012011982481962,149.6672525494505,0.583601704413411,149.08365084503708,28232.325,28330.550000000003,28156.75,28406.125000000004,28058.525,28504.35000000001,27982.95,28243.13795260324,28297.16,28351.18204739676,0.3818195705629578,0.398791321997783,59.786737661860606,28297.16,28227.0675,28118.053750000003,28271.20612802398,28229.50927347425,28113.94667902848,61.002418887714136,62.90287298533923,279.4876388428661,0.8738934798559592,48.14806426217135,1
1679623680,1.9989339057590803,1.988382900673353,1.9645264799530315,2.0151475268529997,-0.5282177896177638,-0.4128204206307392,0.8904911594081348,142.69368661247427,-5.111971386050243,147.8056579985245,28285.474999999995,28320.74999999999,28250.94999999999,28355.275,28215.675,28390.54999999999,28181.14999999999,28227.256138792287,28289.205,28351.15386120771,0.4379682017059946,0.2549995318055896,58.46191645131989,28289.205,28240.4,28154.695,28267.08741868265,28234.843951024384,28127.74699531148,65.06633452485003,62.50288965073253,267.4528074969471,0.4740355957799795,37.28825518746208,1
1679626140,1.9950720873916648,1.969165131959228,1.948705146381342,1.9916230854651396,-0.6497557704966691,-0.5605106820068868,0.8556388086933164,131.2842695779509,-13.217110736458892,144.5013803144098,28259.08333333333,28314.466666666664,28203.466666666664,28370.08333333333,28148.08333333333,28425.466666666664,28092.466666666664,28192.812127135265,28262.675,28332.537872864734,0.4943825937547279,0.0850800459333584,55.82665888003252,28262.675,28236.2475,28196.03875,28246.291612455105,28229.36323265632,28135.075852900867,68.42984658176277,64.8328666647757,257.7583873286468,-0.1470107952478528,-7.796142853459937,1
1679628600,1.9835318177036545,1.9742490569237685,1.9426076594168937,1.999428760080898,-0.7201535709650059,-0.6448414271249882,0.813908125628674,121.9918856383374,-18.00759574085791,139.99948137919532,28204.14364171358,28270.28728342716,28138.55635828642,28335.874566854323,28072.41271657284,28402.018208567904,28006.82543314568,28186.17640830557,28244.755,28303.333591694423,0.4147927053672514,0.2803805173892201,56.38673808024659,28244.755,28245.35,28239.5725,28237.20274163674,28227.48355399153,28143.071009767453,67.53366878792349,67.00994996484548,245.96135966231503,0.3236099260523373,0.952807902149407,0
1679631060,1.9803037713033091,1.9656959964249603,1.9374358028858945,1.9913008328433874,-0.727906516663768,-0.6543640505540814,0.7911795005925337,111.39879980942716,-22.880545255814525,134.27934506524167,28210.408333333336,28261.01666666668,28168.41666666667,28303.00833333334,28117.80833333333,28353.61666666668,28075.81666666667,28163.771415165706,28232.745000000003,28301.7185848343,0.4886070046274074,0.2258370716060173,55.12051690408865,28232.745000000003,28252.645,28257.25625,28223.11016109116,28221.56381690216,28148.00948502769,64.27065527701312,66.74472354889984,235.57840540072127,0.2594056782996242,-35.31075200002999,1
1679633520,1.974413005939633,1.964436105770572,1.941728091979649,1.9768710765582926,-0.6800234092062588,-0.5970724928415311,0.7792582110380175,101.54668071486958,-26.186131480297675,127.73281219516726,28189.908333333336,28242.716666666674,28142.116666666672,28290.50833333334,28089.30833333333,28343.31666666668,28041.51666666667,28164.795361323493,28213.775,28262.75463867651,0.3472037235464473,0.271333552009797,54.924858933512006,28213.775,28255.4675,28241.35375,28212.53177406077,28216.074941101768,28152.13953407268,58.69455814193085,63.49962740228919,229.6870907292413,0.1002196132179764,-56.84810406223197,1
1679635980,1.9708376467150384,1.9911866010028383,1.9590027964471346,2.0143414684289396,-0.6112099505649403,-0.512759149010918,0.7506623407704092,98.68337737053662,-23.23954785970452,121.92292523024112,28179.358333333334,28261.916666666668,28108.816666666666,28332.458333333336,28026.25833333333,28415.01666666667,27955.716666666664,28160.503423861453,28215.355,28270.206576138546,0.388806563933334,0.9684915513656808,58.308724495645855,28215.355,28252.28,28228.055,28230.60451604052,28225.28858817417,28163.054816541942,57.69903392188018,60.221415780274754,220.9683699628669,-0.112637981527371,35.245804141282285,0
1679638440,1.9824258775000045,1.993954811454734,1.9741665390652328,2.025889280911383,-0.6823877314989624,-0.5984716159440373,0.7197313918283441,95.9376738686151,-20.78820108930084,116.72587495791592,28255.73293594043,28310.01706405956,28212.465871880857,28353.28412811913,28158.181743761725,28407.568256238264,28114.91467970216,28159.036544298568,28229.325,28299.61345570144,0.497981837691359,0.8217100130361553,58.65462792801119,28229.325,28246.0,28222.0625,28245.25301069368,28234.245208506138,28173.67340544271,55.72735254847302,57.37364820409473,212.92777210837625,-0.2216156415472839,59.41661731856717,1
1679640900,1.9896041667047417,1.9786764191529227,1.9497849297048098,2.000502935486736,-0.6510912290206086,-0.561599102682769,0.7085573679807939,89.2589868073519,-21.97351052045124,111.23249732780316,28283.45,28333.2,28224.800000000003,28391.85,28175.050000000003,28441.6,28116.400000000005,28162.28957928436,28231.82,28301.35042071564,0.4925677530930737,0.4976988489591598,55.89805417856494,28231.82,28238.2875,28219.794999999995,28240.66867379579,28233.74607968684,28179.18070016245,53.22289959004437,55.54976202013256,205.70078838634936,-0.2724434690840689,-32.36965924127635,0
1679643360,1.9855537366125553,1.9718180003089616,1.9654060473902764,1.9869683253731734,-0.36665005466538086,-0.21886740000177454,0.7097401196106974,81.46760535699286,-23.81191357664824,105.2795189336411,28222.36666666667,28281.93333333333,28171.93333333333,28332.36666666667,28112.36666666667,28391.93333333333,28061.93333333333,28171.972153236497,28235.27,28298.567846763504,0.4483601308824311,0.3175688338476214,54.65629172345452,28235.27,28234.0075,28218.285,28231.170782530528,28229.82406519832,28182.32301443269,43.29328257201271,50.74784490351008,204.73644635875303,-0.1514777486088707,-50.137363346768126,0
1679645820,1.9800991422175092,1.926444191812176,1.9338625339570477,1.9170753122999584,0.8807557597385717,1.2673146434048816,0.7442852827456217,64.23598051290173,-32.8348307365915,97.07081124949325,28218.125,28311.25,28119.05,28410.325,28025.925,28503.45,27926.85,28076.531333637577,28213.86,28351.188666362417,0.9734837158929714,0.0283759631869433,47.1877320955635,28213.86,28213.8175,28220.4425,28182.222188353688,28203.36968970772,28172.98987020101,35.10487316400017,43.8736851086858,211.3798198680442,-0.7137749911838637,-217.39836043280155,0
1679648280,1.9546838165716942,1.924492248544813,1.9190000694012448,1.9447174260768654,0.3189059132016352,0.5988916225365412,0.7345619355381283,49.56463933290797,-38.00493753326822,87.56957686617619,28080.55622516294,28231.312450325884,27933.56877483705,28378.29990065177,27782.812549674112,28529.05612581472,27635.825099348225,28016.40532493667,28176.275,28336.144675063333,1.1347821886557514,0.1952204976916468,46.89088570910166,28176.275,28195.814999999995,28218.1075,28147.756458902462,28180.72520066995,28164.021787324724,33.04396858980683,37.14737477527328,209.01697559175528,-0.6370570635393791,-171.3580613681342,1
1679650740,1.9410001337529652,1.9128515686958139,1.895103864766491,1.9197249449676934,-0.12245855420168657,0.06730828765661358,0.7178120897000999,34.88863539606973,-42.144753176085175,77.0333885721549,28090.375,28173.75,27995.45,28268.675,27912.075,28352.05,27817.15,27978.7536820206,28130.57,28282.38631797941,1.0793689426087452,0.2215549648244446,45.06998642018836,28130.57,28179.9475,28208.097500000003,28113.845972601644,28156.2342550936,28152.783998055704,31.273680195072533,33.140840649626554,206.95716796893035,-0.5625835410410296,-186.54962430188988,1
1679653200,1.9283376640048917,1.9036596904004144,1.882551616119417,1.9276738429708975,-0.5255530907865551,-0.41466061419211425,0.6888252353352109,20.926653560702107,-44.88538800916224,65.81204156986435,28033.534889624065,28129.86977924813,27949.690110375923,28213.71455849627,27853.35522075186,28310.04944812033,27769.51044150372,27955.97539296916,28088.295,28220.61460703084,0.9421690211587452,0.2424040112811355,43.62924580408109,28088.295,28160.057500000003,28202.703750000004,28082.6056484011,28131.487117803845,28140.149807764683,27.94278104247353,30.75347660911768,200.9103941451569,-0.704843629430859,-149.69856704695877,0
1679655660,1.9174102622414462,1.9090718967326474,1.8875115551478843,1.9307889516478276,-0.283611933980963,-0.12487319911308681,0.6823930173828305,10.965822737427516,-43.876975065949466,54.84279780337698,28020.4091114787,28081.4182229574,27959.115888521297,28142.711445914803,27898.1067770426,28203.720557393503,27836.813554085194,28003.230094761457,28052.935000000005,28102.63990523856,0.3543650975453957,0.3233574743203973,44.74917837674267,28052.935000000005,28144.1025,28198.37375000001,28066.862098934067,28114.01218729405,28130.17125464424,25.23445711051856,28.150306116021586,195.6810802776457,-0.5658819805337283,-108.84803559830335,1
1679658120,1.9146527986208612,1.8961003464740827,2.029368191426711,1.716634181570524,4.456148386389365,5.501373295788223,0.7931937461033023,0.1211168475419981,-43.77734476466799,43.89846161220999,28033.091666666664,28098.08333333333,27970.383333333328,28160.791666666664,27905.391666666663,28225.78333333333,27842.683333333327,27982.402934676247,28035.835,28089.26706532375,0.3811697802027433,0.1536723802856023,42.56641180582828,28035.835,28124.8475,28190.1575,28044.183065956047,28093.06906233149,28117.66208753526,34.40382202828439,29.193686727092203,262.3467174006711,-0.6830103178720416,-136.4912585745152,0
1679660580,1.9067879702928947,1.9007317754993702,1.8883559398876395,1.9136379510012762,0.811296562710635,1.1807142067074698,0.7722344241316048,-7.335802204052015,-40.9874110530096,33.651608848957586,27955.941666666666,28541.88333333333,27412.88333333333,29084.941666666666,26826.941666666666,29670.88333333333,26283.88333333333,27988.99996442292,28022.445,28055.89003557708,0.2387017662240558,0.3419795372075693,43.62377940861251,28022.445,28099.36,28175.82,28033.413710637367,28078.30650554395,28107.587126817616,46.0524282075801,35.23023578212773,256.3219518720517,-0.9016777662801702,-81.97936932622522,1
1679663040,1.9051713853917167,1.8397335483942854,1.8595869895366595,1.8204711374682303,1.019280203606362,1.4156514282408184,0.769933778556095,-26.8053450256266,-48.36556309966734,21.56021807404075,28010.091666666664,28099.983333333326,27921.983333333326,28188.091666666664,27832.091666666664,28277.983333333326,27743.983333333326,27838.022362801494,27981.24,28124.45763719851,1.0236689810637976,0.0069043074484085,34.59118725641132,27981.24,28055.905,28150.952500000003,27968.94247375825,28034.978049990503,28082.10263854928,51.393563625627415,43.94993795383068,263.47251483849493,-1.536894486384396,-164.37638874054326,0
1679665500,1.8738624680717473,1.8735110393890586,1.942291015139485,1.8258420144974221,1.9703175521205105,2.5586944491697245,0.8049824745139701,-34.16147863198057,-44.57735736481706,10.415878732836486,27838.80994446742,28017.61988893484,27661.19005553258,28195.23977786968,27482.38011106516,28374.04972233709,27304.760222130324,27823.379122936247,27964.25,28105.12087706376,1.0075069208990275,0.396802658555044,41.77998526764428,27964.25,28026.272500000003,28132.28000000001,27957.686649172167,28016.83204090132,28068.10953011601,49.514319456746456,48.98677042998471,285.8316209214596,-1.049625418415589,-81.43074723307639,1
1679667960,1.875097591793979,1.9099147813253723,1.9308566384553039,1.9177538181850475,0.7408644284476567,1.0998695718274016,0.82294832353135,-31.352905490159173,-33.41502737839653,2.0621218882373533,27953.891666666663,28232.783333333333,27656.283333333333,28530.391666666663,27377.391666666663,28809.283333333333,27079.783333333333,27822.885340508336,27964.725,28106.56465949166,1.0144184109921557,0.7574209507471839,48.36648972086165,27964.725,28008.83,28121.41875,27984.37443278145,28020.635306191987,28065.21814629544,50.27826985532928,50.39538431256776,285.936865259172,-0.6182614420901589,-8.601991676627174,1
1679670420,1.8939179265771409,1.8865180795252112,1.8819526889444977,1.884921661818531,0.28551079806237256,0.5497614152731483,0.8388052626396186,-34.05413273812883,-28.893003701092944,-5.161129037035883,28062.814986116853,28193.93501388314,27906.629972233703,28350.120027766287,27775.50994446742,28481.240055532573,27619.32493058428,27821.07909950126,27959.325,28097.57090049874,0.988907282266217,0.5452092971831521,44.854284318462895,27959.325,27997.58,28105.69875,27980.191288520968,28011.760705066168,28056.323560933964,54.17035724830243,51.32098218679277,282.6556605978026,-0.4005793267240711,-67.44129463099708,1
1679672880,1.8916291633824587,1.89212548018418,1.8759012649762539,1.9143540679385018,-0.11655111826304441,0.07321117183382754,0.8436912298537865,-34.52199872741403,-23.48869575230252,-11.033302975111512,27963.941666666666,28087.88333333333,27847.88333333333,28203.941666666666,27723.941666666666,28327.88333333333,27607.88333333333,27822.37901594029,27954.475,28086.57098405971,0.9450793410336608,0.6254769410136536,45.86883636808857,27954.475,27988.46,28092.1375,27982.66919234731,28007.37239505413,28049.78084084501,55.7189253026277,53.389184135419846,272.5088276979594,-0.3247999159509015,-39.80093422415391,1
1679675340,1.893288621045838,1.853583473123164,1.8478076593071242,1.8658013395946078,0.20267176887215718,0.44834544406318977,0.8616526709571323,-43.158395172264136,-25.70007375772209,-17.458321414542038,27990.875,28059.55,27918.95,28131.475,27850.275,28200.15,27778.35,27856.09046000331,27962.28,28068.469539996688,0.7595198960649049,0.1079886964262515,40.37102591382771,27962.28,27971.76,28075.85375,27948.12112823154,27984.03650504429,28033.51837981216,51.03262474165934,53.64063576419653,267.4028400052481,-0.595449800818476,-125.46094706527852,0
1679677800,1.874846391414604,1.7895774788924614,1.8295259609857595,1.7833762801199469,1.0556983638468822,1.4463547583392506,0.8950919484180759,-63.81986366698038,-37.08923380195067,-26.73062986502971,27882.858123264607,27979.11624652921,27782.7668767354,28079.207493058428,27686.508753470785,28175.46561632304,27586.41750694157,27675.544433709874,27914.980000000003,28154.41556629013,1.715462925569919,0.0483022774112448,33.24470293774099,27914.980000000003,27939.615,28049.83625,27864.97241882103,27932.15259503624,28001.628534115764,42.96796575140255,49.90650526522992,275.05886464036666,-1.147211156267137,-219.0569959860865,0
1679680260,1.8336206936451354,1.7640691293757882,1.7886591143636594,1.7666907554825906,0.37405585707059763,0.6377770057754593,0.9158760295658651,-85.01395022361976,-46.626656286872034,-38.38729393674773,27728.68739496564,27900.97478993128,27526.38760503437,28103.274579862547,27354.100210068733,28275.561974828182,27151.800420137464,27541.776602362337,27832.79,28123.803397637665,2.091155055872327,0.1460815864971334,30.903446289325817,27832.79,27898.7575,28021.43,27785.58161254736,27876.633941393287,27965.930578485688,32.31473280188968,42.1051077649839,277.19973805522983,-1.4573552164007106,-202.8864181502091,1
1679682720,1.8002530379968436,1.800836642557385,1.7904776754710479,1.8160312124574314,-0.002770013505981619,0.19796498042547067,0.9319405391109281,-92.3857963836781,-43.1988019575443,-49.1869944261338,27650.47703081615,27791.1540616323,27486.12296918385,27955.5081232646,27345.4459383677,28096.18515408075,27181.0918767354,27523.190213957223,27784.505,28045.81978604277,1.8810109162842696,0.396475433289987,37.71260300966211,27784.505,27871.915,27998.38125,27767.18774169824,27850.04595204905,27943.499094820385,27.92663123708306,34.40310993012514,271.1997567655706,-0.9587009454861026,-114.26735012268745,0
1679685180,1.8019538777303277,1.8231242856829082,1.8110595535025742,1.8439625562378477,-0.24615207152680574,-0.08701139715677295,0.939714596096817,-92.09894313149198,-34.329558964286534,-57.769384167205445,27732.666666666668,27817.733333333337,27645.333333333336,27905.06666666667,27560.266666666663,27990.13333333334,27472.93333333333,27574.472287761266,27745.620000000003,27916.76771223874,1.2336917483821723,0.6390027344730964,41.47742903360882,27745.620000000003,27850.0475,27974.70375,27775.85849446549,27839.71032440377,27929.184895313683,30.71744906997346,30.319604369648776,262.74921891716474,-0.7806510631651729,-61.571399962731526,0
1679687640,1.8139486713675255,1.802620008906202,1.8059228796690656,1.807724255985616,-0.29295289669713315,-0.14421329637773464,0.9480884189277964,-95.43347185833407,-30.13127015290292,-65.30220170543117,27799.10259103737,27872.597408962632,27719.705182074744,27951.99481792526,27646.210364149483,28025.48963585052,27566.81295518685,27608.098249074144,27716.9,27825.70175092586,0.7850932169604613,0.5851319020252793,39.133938101342686,27716.9,27839.590000000004,27947.747500000005,27762.380662977,27820.74935633036,27910.73157195048,33.92456451136703,30.85621493947456,261.0885604230816,-0.3756285919540256,-82.01296375378007,1
1679690100,1.809693421775489,1.733352640323017,1.7649401186282785,1.7023118428260127,0.6686599878862802,0.9780368231270539,0.9728136092766261,-112.52794910177543,-37.78059791707543,-74.74735118470002,27741.24166666667,27858.083333333336,27618.583333333336,27980.74166666667,27501.74166666667,28097.583333333336,27379.083333333336,27504.88052851851,27685.215000000004,27865.549471481496,1.3027492940292646,0.0980663075420893,32.46144397324457,27685.215000000004,27800.097500000003,27913.185000000005,27688.337108651333,27769.749473361204,27875.4476127171,29.279032091454184,31.307015224264934,272.2546949127208,-1.4137194415284775,-160.18700306172997,0
1679692560,1.7729303964914287,1.6525066991766122,1.7284970989358204,1.5781013600642386,1.8025993344432563,2.266279919145083,1.031181917884833,-142.81076803493488,-54.45073348018788,-88.360034554747,27539.22148109268,27748.44296218536,27331.02851890733,27956.63592437071,27121.807037814648,28165.857405463383,26913.61407562929,27268.58926449249,27622.345,27976.10073550752,2.561373666917237,0.0619929673289818,26.7323494106744,27622.345,27727.5675,27868.19875,27563.04140576756,27686.604114568258,27821.82879245833,25.43946012723053,29.54768557668396,300.0030896788845,-2.5868694884575234,-206.9053244511948,0
1679695020,1.714123910204335,1.6741111621585587,1.6702024966487223,1.6826544328991706,-0.07926575842620634,0.09368328985494737,1.0433226967319282,-160.0530248283285,-57.35439221886517,-102.69863260946332,27313.127407213004,27643.15481442601,26982.422592787,27973.859628852017,26652.39518557399,28303.88703606502,26321.690371147983,27170.12719879653,27550.930000000004,27931.73280120348,2.7643553317690093,0.2668018729921267,30.27382253914426,27550.930000000004,27667.7175,27832.648750000004,27499.80260384504,27629.64427555585,27779.11414555753,24.90545950042528,26.54131723970337,293.0772340460717,-2.139653025857269,-146.96963658247924,0
1679697480,1.6955234338327085,1.6701096784604645,1.6517639290536283,1.684946007098293,-0.43644094349232665,-0.3236683147118695,1.0466174027714967,-172.63737958294223,-55.95099757878313,-116.6863820041591,27375.52203693984,27475.94407387967,27272.902963060165,27578.56314775933,27172.48092612033,27678.985184699173,27069.86185224066,27153.48778461579,27464.7,27775.91221538421,2.26627063382604,0.3350803809656477,29.98473184348109,27464.7,27605.16,27796.81,27453.885069230026,27580.990770909328,27739.393750742536,28.86904761904771,26.404655748901217,282.4455070006201,-2.2351843002041107,-124.19017385242331,0
1679699940,1.684222354655466,1.6923884491165915,1.6837333712870293,1.714915500921183,-0.28337749716888594,-0.14268479948875756,1.034243180233891,-175.521846931053,-47.06837194151512,-128.45347498953788,27356.427685136583,27431.35537027317,27287.122314863416,27500.660740546333,27212.19462972684,27575.58842568292,27142.889259453663,27247.480491927592,27402.580000000005,27557.67950807242,1.1320066072056958,0.5717120262870515,33.776434453366406,27402.580000000005,27559.74,27765.75,27444.198379486686,27552.59699438036,27709.43482210039,32.12750649357772,28.63400453768361,273.31011364343294,-1.6291817952744068,-80.87693631195944,1
1679702400,1.6897117523827712,1.7185001265522666,1.702626479839046,1.7307267412527847,-0.5099502106458749,-0.4062487308319686,1.0181881725863207,-169.91227750941837,-33.16704201590437,-136.74523549351397,27435.541666666668,27505.88333333333,27354.483333333337,27586.941666666666,27284.14166666667,27657.283333333333,27203.08333333334,27267.88349999189,27394.210000000003,27520.53650000811,0.922286132785784,0.9123837832652344,38.013515308343074,27394.210000000003,27539.7125,27739.66375,27462.26558632445,27542.74299540211,27689.33626761464,37.531742986266245,32.842765699630604,265.2838009651566,-0.7230490267133769,-52.13824161463808,0
1679704860,1.705512936917784,1.729706055400807,1.7074465093951472,1.7466678150965944,-0.6938426215858062,-0.6216058225746474,1.0126984518065807,-161.06219004221566,-19.453563638961327,-141.60862640325433,27492.686087950813,27576.01391204919,27415.072175901627,27653.627824098377,27331.74435180325,27736.95564819676,27254.130439754063,27304.35235678861,27437.715000000004,27571.0776432114,0.9721118774751644,0.8458989630767663,39.79381482336762,27437.715000000004,27530.03,27714.39375,27484.83539088297,27540.421541692634,27674.15900403229,44.4565502147128,38.03859989818563,255.62930575862995,-0.3504749011829119,-33.3070558415202,1
1679707320,1.719016771252204,1.7142147238334655,1.6877441988008657,1.7355396687132785,-0.5536308125383528,-0.4579301817202078,1.0099305726608234,-155.77494555888552,-11.333055324504954,-144.44189023438057,27522.61804397541,27591.3569560246,27461.23608795081,27652.73891204919,27392.497175901623,27721.47782409838,27331.11521987703,27340.66533387282,27460.315,27579.964666127184,0.8714369527602378,0.6086923216833349,38.1620652505822,27460.315,27505.622500000005,27688.76875,27485.33192725532,27530.585806839423,27656.27005126731,49.31952386220069,43.76927235439329,245.0254267758706,-0.8801712200328907,-41.23444074937936,0
1679709780,1.7180226388162247,1.7369637353676377,1.734150176789897,1.7498978133046519,-0.5620819772755977,-0.46619953013059023,1.0105150590500955,-144.74391417668812,-0.2416191538460452,-144.50229502284208,27479.041666666668,27535.283333333336,27430.083333333336,27584.24166666667,27373.841666666667,27640.483333333337,27324.88333333333,27411.91177043891,27497.99,27584.068229561093,0.6260692476874969,0.8045775933552596,41.92792174621717,27497.99,27481.345,27665.69625,27507.02961817021,27534.19293286862,27646.18957019424,53.61075224624478,49.12894210771947,241.5950391490228,-0.8735050300073451,3.122923060815769,1
1679712240,1.7289006420040651,1.7521090406284927,1.7202530112814307,1.7702625736409008,-0.7391463252356888,-0.6741765663756194,1.0057907134462976,-131.0475914222443,10.763762880478223,-141.81135430272252,27557.74166666667,27652.583333333336,27455.583333333336,27754.74166666667,27360.74166666667,27849.583333333336,27258.583333333336,27455.27051863092,27531.645,27608.019481369083,0.5548123359071555,0.9023267909539988,44.35741807606284,27531.645,27467.1125,27653.35125,27535.71974544681,27544.903308710687,27641.133420651928,59.435863419432415,54.12204650929268,231.52571374617983,-0.5131524034695727,21.124563770677607,0
1679714700,1.7419126714746451,1.7533511863440874,1.7288375894689383,1.7796524720463733,-0.6001174683421208,-0.5106268891454961,0.9937584949409427,-118.54423209699962,18.61369776457832,-137.15792986157794,27577.758505496924,27635.74149450307,27535.117010993847,27678.382989006142,27477.134021987706,27736.36597801229,27434.492527484625,27468.93646871734,27551.285,27633.63353128265,0.5977835972634746,0.7751415191878863,44.56226693052263,27551.285,27472.7475,27636.4225,27556.013163631207,27554.302707126924,27636.8921424946,65.49812433306452,59.51491333291395,222.04530562145263,0.2046096168335383,34.966195778548155,0
1679717160,1.7490397898436387,1.7376380430418181,1.7151867028429006,1.7607469849036188,-0.6532662836318318,-0.5736571397352548,0.9779867115621778,-110.9291302655729,20.983039676804022,-131.91216994237692,27595.8,27645.6,27546.8,27694.6,27497.0,27744.4,27448.0,27476.13760614405,27555.755,27635.37239385595,0.5778639986888502,0.4784594808126826,42.43404969839245,27555.755,27496.735,27612.151249999995,27554.783775754146,27553.94312401293,27628.83812892369,66.7383292383292,63.89077233027543,214.24206950563456,0.8782624773683796,17.829161719614955,1
1679719620,1.744746388061783,1.7269289724795147,1.700558419616648,1.7658672210047814,-0.5653569128822747,-0.4709038303700518,0.9771994514675623,-106.1058552664108,20.6450517407729,-126.7509070071837,27550.50833333333,27607.816666666666,27495.016666666663,27663.30833333333,27437.70833333333,27720.61666666666,27382.216666666664,27506.52321459144,27562.92,27619.31678540856,0.4092221390807678,0.1385432280878547,40.99699244927507,27562.92,27511.6175,27589.6675,27543.905850502764,27548.162556010582,27618.67735474048,64.4296853037874,65.55537962506041,203.00491736675687,0.5436862346828554,21.396665847063417,1
1679722080,1.7372448865574235,1.7091840336853081,1.6931222153071808,1.7194986493194262,-0.41126636279987205,-0.29188841277286987,0.9771616850076038,-105.106356560329,17.315640357483773,-122.42199691781278,27531.35731318712,27555.214626374225,27498.29268681288,27588.27925274846,27474.435373625765,27612.13656593557,27441.37074725153,27454.16969612055,27547.265000000003,27640.360303879457,0.6758950761859962,0.0965693387860606,38.660651776717685,27547.265000000003,27522.6275,27563.89375,27519.987233668515,27534.34209128138,27604.722368574723,62.919212412285695,64.69574231813415,200.31070682489383,0.4023821314558017,-19.80424603904248,1
1679724540,1.724621226752333,1.7114376409121719,1.6911217377598848,1.7280562467192722,-0.6574398997426832,-0.5797246643103058,0.972564973451043,-102.61892758479009,15.842455466418173,-118.46138305120824,27464.47865659356,27550.957313187108,27385.67134340644,27629.764626374228,27299.19268681288,27716.243282967785,27220.38537362576,27431.24477226456,27524.345,27617.445227735447,0.6764936839401302,0.2537868536139635,39.13504652253139,27524.345,27527.995000000003,27543.8675,27506.15815577901,27524.18898377567,27592.701190615226,66.12763007911721,64.49217593173015,195.6956563374012,0.1957168368439881,-7.723985190271144,1
1679727000,1.7194362562995067,1.7281445007869176,1.7075520574876164,1.7539796798468368,-0.6639459271111644,-0.5866539750248652,0.9666668393193795,-95.74537009586857,18.17281036427174,-113.9181804601403,27472.666666666668,27543.43333333333,27407.733333333337,27608.366666666665,27336.96666666667,27679.13333333333,27272.03333333334,27449.43492109896,27510.140000000003,27570.84507890105,0.4413287529692423,0.6271310430644348,42.67460472588848,27510.140000000003,27530.7125,27535.2125,27512.63043718601,27524.44098672555,27586.30822008044,67.42503351378221,65.49062533506175,189.57453802758684,0.098823931574198,38.31727443806179,0
1679729460,1.7251976149464094,1.724675365252651,1.7037171434612302,1.7467468987808583,-0.6760571032426042,-0.6009296507149028,0.9657855935825699,-90.04876100801266,19.09553556170212,-109.14429656971478,27528.05833333333,27581.81666666667,27471.81666666667,27638.05833333333,27418.05833333333,27691.81666666667,27361.81666666667,27457.297942515168,27502.835000000003,27548.37205748484,0.3311444619060893,0.6423565851210069,42.1267681465426,27502.835000000003,27529.295,27529.6625,27513.68695812401,27522.86989823,27579.59315150135,66.73608663186859,66.76291674158938,184.55492816847368,-0.0514893311744585,12.304766245326656,1
1679731920,1.7263436405500179,1.6989984388174333,1.682315859740669,1.7033144065381283,-0.3888056063095575,-0.2664251823546516,0.9627989844092775,-90.3309190046166,15.050702052078549,-105.38162105669514,27514.43333333333,27574.76666666667,27455.466666666667,27633.733333333337,27395.13333333333,27694.06666666668,27336.166666666664,27427.04968041249,27487.095,27547.14031958751,0.4368982578006796,0.1365661778484409,38.21623581671604,27487.095,27525.0075,27515.314999999995,27490.274638749343,27508.429916733632,27566.627137072654,53.61281201111786,62.59131071892293,184.4438618707258,-0.1559866588203406,-130.22089605848967,0
1679734380,1.7140775539522577,1.6851041517415704,1.6701565439069588,1.6976928885809073,-0.4975700724965614,-0.3941598679706784,0.9574225423364158,-92.64564770276048,10.188778683147731,-102.8344263859082,27429.60699937043,27526.41399874086,27346.643000629563,27609.377997481726,27249.836001259133,27706.18499685216,27166.872002518267,27383.11378385756,27473.525,27563.936216142447,0.6581697553731854,0.1171658619715248,36.25502679241093,27473.525,27510.395,27495.870000000003,27461.616425832897,27489.497204600244,27551.167409732403,40.39458441497344,53.58116101932001,182.76290738393453,-0.5303910919704373,-162.49115225774997,0
1679736840,1.7009970228649487,1.6975078639587198,1.6842259290518868,1.7240101860239467,-0.468403227205887,-0.358539473334978,0.9242737806709704,-90.61535653802277,9.775255878308355,-100.39061241633112,27399.80349968522,27482.50699937044,27321.59650031479,27560.713998740863,27238.89300062957,27643.417498426086,27160.686001259142,27371.61269084085,27465.675,27559.737309159143,0.6849444563743233,0.3595345987344901,39.2521656999089,27465.675,27495.01,27481.06125,27454.16095055527,27480.36134921838,27540.508608805507,31.63272358803961,41.88004000471035,178.8084139993679,-0.5575669279638698,-77.58841926102416,1
1679739300,1.7006589207492793,1.7064956754579856,1.6898199779527636,1.7262659543762082,-0.37564960931498664,-0.24970153579112545,0.8902086099944128,-85.9717910210602,11.535057116216734,-97.50684813727692,27449.283333333336,27507.966666666674,27380.56666666668,27576.68333333333,27321.88333333333,27635.36666666668,27253.16666666667,27380.10662803809,27453.475,27526.843371961902,0.5344924237234634,0.5756456747177465,41.402122680980376,27453.475,27481.807500000003,27477.277500000004,27457.632300370184,27477.491103905944,27533.27683653832,34.697102294827395,35.57480343261353,175.82209871369875,-0.4784103838878623,-48.29172744955527,0
1679741760,1.7049839981267454,1.7132831145467697,1.679792909168174,1.743309537482176,-0.7719148394156559,-0.7137684673443442,0.8002643961661106,-79.82829335368297,14.14284382687518,-93.97113718055816,27465.125,27533.35,27396.35,27602.125,27328.125,27670.35,27259.35,27393.750512343373,27447.055000000004,27500.359487656635,0.3884168094291423,0.8437327850897958,43.04155601121334,27447.055000000004,27474.945,27485.840000000004,27466.321533580125,27478.61999410486,27528.55523305848,42.41783352781039,36.24921980355918,167.6133773770061,-0.2490715393347022,-31.031626805689548,0
1679744220,1.7105404245282156,1.7096454020939573,1.6875331026159275,1.7287365578096356,-0.6341564200503819,-0.552810557210181,0.7537993453309447,-74.92295138233385,15.238548638579443,-90.1615000209133,27477.86666666667,27511.233333333337,27450.333333333336,27538.76666666667,27416.966666666667,27572.13333333334,27389.43333333333,27396.09599365034,27453.055,27510.014006349666,0.4149556859858522,0.6790322664233204,42.35756566258175,27453.055,27470.075,27490.84625,27468.697689053417,27477.679995176703,27523.30711562433,46.443933247851696,41.1862896901632,164.4695647072201,-0.1769483852097337,-37.358241362778,1
1679746680,1.7114996913731035,1.697667568407868,1.6683233497865022,1.7182812505261422,-0.6626707655063889,-0.586605437144378,0.715012041628222,-72.91821962264294,13.794624318616286,-86.71284394125922,27468.216666666664,27532.633333333328,27409.03333333333,27591.816666666666,27344.61666666666,27656.23333333333,27285.433333333323,27424.289950071925,27460.135,27495.980049928072,0.2610697283758686,0.2149536680657094,40.09802782431762,27460.135,27466.83,27494.72875,27459.03179270228,27470.77454150821,27515.34453318392,44.57445175864215,44.47873951143479,159.7824529424188,-0.1181196229636221,-85.50956543383273,0
1679749140,1.7059901111848335,1.708829134909424,1.6990730273925778,1.7123374799471707,-0.34322286068770647,-0.21266340493563377,0.7004123863534675,-68.00775206593244,14.964073500261437,-82.97182556619387,27429.03333333333,27483.46666666666,27385.26666666666,27527.23333333333,27330.83333333333,27581.66666666666,27287.06666666666,27437.016396569485,27466.515000000003,27496.01360343052,0.2147968421222598,0.5785630413133925,43.14180762239357,27466.515000000003,27466.095,27497.045,27463.071195134857,27470.84280668853,27511.13553002355,46.14884592183244,45.72241030944215,162.8122777322461,-0.0267481849445877,-23.22490450585429,1
1679751600,1.708816380884982,1.7384010754099684,1.7303856281584895,1.7500005047505443,-0.25458278589838695,-0.10460969890267822,0.6319978932695237,-56.7384939851363,20.986665264846067,-77.72515924998237,27463.11666666667,27568.233333333337,27366.033333333336,27665.31666666667,27260.916666666668,27770.43333333333,27163.833333333336,27408.576593770915,27484.495000000003,27560.41340622909,0.5524453422126755,0.9608895488982444,50.341371450581626,27484.495000000003,27468.985,27499.84875,27493.539130089903,27486.04866001789,27515.26309859273,54.07072706821959,48.26467491623144,164.46948641038017,0.1049932653541218,161.79290726462804,0
1679754060,1.7250162186717282,1.738747101716456,1.7162773664650837,1.7663437611592039,-0.6994275961689256,-0.627855624184493,0.4708778199287315,-47.18493287927413,24.432181096566595,-71.61711397584072,27555.62060025796,27648.054399742043,27462.04120051592,27741.633799484083,27369.60740103184,27834.06759896817,27276.0280012898,27404.150235602094,27498.845,27593.53976439791,0.6887181217822597,0.7988813603365934,50.42048109323631,27498.845,27472.95,27501.122500000005,27514.17608672661,27498.667085469184,27519.090422536283,65.52348830861116,55.24768709955445,159.88374449628603,0.1440990267409917,151.31777164983896,1
1679756520,1.733289159291634,1.7423581967610768,1.722645434710736,1.7566293125145718,-0.5404712182862222,-0.4411797798548122,0.2834972776924182,-38.35054816238335,26.6132526507659,-64.96380081314925,27557.793633462312,27606.756366537687,27506.487266924625,27658.06273307537,27457.52453384925,27707.02546615075,27406.218167311563,27414.03547760588,27517.28,27620.52452239412,0.7503977311283504,0.7341286437233575,51.29253772659244,27517.28,27485.1675,27505.0875,27531.325724484406,27510.841251747515,27523.52228705664,72.69396768041743,64.09606101908277,158.85633417512275,0.4451881960905035,117.4944347024541,1
1679758980,1.739231266593855,1.7768188678994254,1.7798876835266222,1.7806846561799414,0.26655267531326043,0.5151638462080177,0.13797224056565577,-23.246109445015463,33.37415309450703,-56.62026253952249,27558.175,27634.65,27489.15,27703.675,27412.675,27780.15,27343.65,27440.19079058795,27561.885,27683.579209412048,0.883061586042098,0.9143171663105256,58.749196786446205,27561.885,27511.01,27510.702500000003,27575.12548298961,27538.456478702512,27536.77968828933,73.23555754005545,70.48433784302806,164.72497279856174,0.9430089438518612,199.5970159490527,0
1679761440,1.7594335096257194,1.7749379043872398,1.7584966034528298,1.8010657514875712,-0.6676264061359776,-0.5890123391654223,0.06205474234095071,-11.570026581608545,36.04018876633116,-47.61021534793971,27667.16924169892,27785.455758301094,27544.438483397826,27908.18651660218,27426.151966795645,28026.47303320436,27303.42120849456,27499.271178016097,27599.140000000003,27699.00882198391,0.7237096661990623,0.7918077876666502,58.225232916553566,27599.140000000003,27532.827500000003,27513.91875,27602.558655326407,27560.087118938416,27548.26971797607,73.30562484746837,73.07838335598046,161.76577027378093,0.7951201290122699,154.34887911200525,1
1679763900,1.7685941027820418,1.7332195532820605,1.7289431375614075,1.7180664154449752,-0.21458969654880206,-0.060264645129781365,0.018387436383002248,-11.667454234702744,28.75420889058957,-40.42166312529232,27664.109620849456,27722.415379150545,27599.119241698914,27787.405758301087,27540.813483397826,27845.711516602176,27475.823104247283,27490.6094967134,27596.22,27701.83050328661,0.7653983283696617,0.2332414947067746,48.00002168190854,27596.22,27540.3575,27511.0825,27581.66410355094,27556.412188222337,27547.470221025967,64.0669063733782,70.20269625363404,170.4557152542251,0.2741713643848458,11.906744793549109,0
1679766360,1.7523141901768096,1.7203012378398777,1.708060347419802,1.7453146649064073,-0.7047849276729482,-0.6349643496142758,-0.011891029832788459,-14.514527703828207,20.72570833717129,-35.2402360409995,27519.658333333336,27665.31666666668,27394.216666666674,27790.75833333333,27248.55833333333,27936.41666666667,27123.11666666668,27458.2596912188,27585.825,27713.3903087812,0.9248612922122056,0.1772241576224706,45.34450431321028,27585.825,27542.335,27508.640000000003,27555.60106903396,27546.78724490918,27543.28019997588,52.83946700507596,63.40399940864089,167.9692152815728,0.071951738666911,-0.3459258051493203,1
1679768820,1.7377147560836752,1.6809518360637246,1.6935879948306496,1.6675443655237123,0.0028230153656245787,0.1900178508413249,-0.028905593683489147,-25.42446244227176,7.852618878982192,-33.27708132125395,27513.10657187903,27576.113143758063,27440.46842812097,27648.751287516123,27377.46185624194,27711.757859395155,27304.82371248388,27348.67328340253,27551.22,27753.76671659747,1.4703284761797817,0.1084360125293084,38.37946513938529,27551.22,27534.25,27502.1625,27501.267379355973,27518.75320038024,27528.92970474008,38.40303409105842,51.76980248983758,178.2364040342138,-0.2942841179393275,-128.2482816282523,1
1679771280,1.7107393632122785,1.63052072001059,1.6668474106151732,1.6408690096120602,0.32544569099102283,0.56090294255718,-0.024662447077845585,-45.018007181028224,-9.392740687819412,-35.62526649320881,27390.03661927285,27547.1732385457,27235.46338072716,27701.7464770914,27078.326761454304,27858.883096364247,26923.75352290861,27192.666718696542,27468.775,27744.88328130346,2.0103428806232464,0.1047293493524293,31.666121134135203,27468.775,27515.33,27491.08,27417.678252903985,27469.97989122019,27502.412590002925,27.5583978343548,39.60029964349644,187.6627272395756,-0.6895119115733799,-185.85660038195488,0
1679773740,1.6720348592482037,1.6338922583814892,1.6284798119409374,1.641119650540088,-0.2148217016213968,-0.06872300536297796,-0.02326152757616545,-59.098214515601285,-18.77835841791397,-40.31985609768731,27292.50164296976,27426.60328593952,27116.39835703024,27602.70657187904,26982.29671406048,27736.8082148488,26806.19342812096,27149.78454159814,27389.29,27628.795458401863,1.7488986271777156,0.2300896587854218,32.51599609933819,27389.29,27494.215000000004,27480.155,27365.118835269328,27431.801729180155,27479.32567666932,19.781485003598387,28.58097230967058,188.5762798977945,-0.7686245388343824,-169.00167747322186,1
1679776200,1.65436845998622,1.6717954476459156,1.6519633954537505,1.6930023226420805,-0.2162608039673156,-0.06587942279188097,-0.026798165488068876,-60.9365739427958,-16.49337427608679,-44.44319966670901,27259.55082148488,27360.001642969764,27159.549178515124,27460.00328593952,27059.09835703024,27560.454107424404,26959.096714060484,27168.0362098082,27354.675,27541.3137901918,1.3645842269505946,0.5324825294558099,41.34755579358493,27354.675,27475.4475,27472.21625,27365.67922351289,27419.98323296558,27468.60894555795,21.224597519134253,22.85482678569586,186.985117047952,-0.6811053376992146,-77.22194284481189,0
1679778660,1.664487794092247,1.6831699534130005,1.6610053487086265,1.7052794729893552,-0.5785960923220755,-0.48851094304257814,-0.03350416815199625,-59.12575498754086,-11.74604425666547,-47.37971073087539,27365.7,27427.4,27305.1,27488.0,27243.4,27549.7,27182.800000000003,27203.632330161345,27333.75,27463.86766983865,0.9520659978133648,0.7501581840526423,43.72753925072036,27333.75,27459.7875,27466.36875,27376.7361490086,27416.14082697184,27461.965236457192,29.05515967273671,23.35374739848983,181.7513146792653,-0.5683086286016094,-50.14610377968178,1
1679781120,1.6752349958481758,1.6967803214681576,1.6877441988008657,1.7161218206896787,-0.3960759663753422,-0.27375775402561625,-0.03559226939527637,-53.97396515094442,-5.275403536055229,-48.69856161488919,27396.37937203789,27454.47062796212,27340.75874407577,27510.091255924228,27282.66748815155,27568.182511848456,27227.04686018944,27192.99299306758,27342.67,27492.347006932425,1.0948236359684185,0.8157799649303443,46.52375541575373,27342.67,27446.945,27466.05625,27396.89076600573,27419.96976752241,27459.606642508887,38.40855106888349,29.56276942025153,180.15700234097284,-0.4658882212901005,-19.818543520420523,1
1679783580,1.6874141179697222,1.7018908638408883,1.6775763992263162,1.7284087656754896,-0.7531326257095291,-0.6921042649274154,-0.04110477890070103,-48.17385670175281,0.4197639305091059,-48.59362063226192,27444.589686018942,27520.61031398105,27361.179372037885,27604.020627962112,27285.15874407577,27680.041255924225,27201.748430094714,27246.402045937088,27382.890000000003,27519.37795406292,0.9968849457666108,0.751707194498362,47.577117161471975,27382.890000000003,27425.8325,27468.421250000003,27415.12717733716,27425.72071888197,27458.84410512709,42.88466613882256,36.78279229348097,174.161178671731,-0.7632111442383207,-14.806371913705394,1
1679786040,1.6960590768377355,1.7034435459853814,1.6746914180321546,1.7371302591424087,-0.8115822826937095,-0.7603900177366959,-0.04931967666018793,-42.73161952130977,4.689600888761724,-47.42122041007149,27451.194843009474,27499.505156990537,27403.28968601895,27547.41031398106,27354.979372037888,27595.720627962124,27307.074215047363,27353.707067855827,27422.085,27490.46293214417,0.4987070249703662,0.7478138701865356,47.9128144102318,27422.085,27405.6875,27469.2575,27428.74311822477,27431.221497267063,27458.570857019746,45.89997360781174,42.39773027183932,166.26807558702126,-0.7283758339758699,-6.167910516735554,1
1679788500,1.701157935813871,1.7061940114984833,1.673917398687379,1.733355512054741,-0.7316358681787044,-0.6668841243022849,-0.05563979662273752,-37.36255484123103,8.046932455072366,-45.4094872963034,27458.0390881714,27488.835911828595,27425.1781763428,27521.6968236572,27394.381352685607,27552.49364731439,27361.52044085701,27395.48744456504,27441.47,27487.452555434964,0.3351318674616389,0.7419939451981377,48.54144112011784,27441.47,27398.0725,27469.215000000004,27440.403745483185,27437.131225036686,27459.06172777977,47.30007917656327,45.36157297439923,159.53464161651976,-0.276508154085672,-2.530902957829892,0
1679790960,1.7050826662051408,1.7330332314247208,1.7235953675429605,1.746233735158608,-0.3399284336419563,-0.2052911882217916,-0.05039357365321842,-26.697475050961657,14.969609796273389,-41.667084847235046,27456.375,27496.05,27424.05,27528.375,27384.375,27568.05,27352.05,27397.68690459953,27469.57,27541.453095400462,0.5233652758340676,0.9853714187685774,54.33320489652334,27469.57,27401.66,27471.9975,27473.385830322124,27455.7164568482,27466.70822989598,51.9319081551856,48.37732031318692,160.79882320615758,0.1304380628266064,62.61359260736029,0
1679793420,1.7204653063433053,1.751177431341797,1.7299986184861011,1.7617525591943548,-0.7121309664497615,-0.642397866982381,-0.06350287154988157,-13.959050998171731,22.166427079250653,-36.12547807742239,27540.63893870952,27628.61106129049,27451.377877419043,27717.87212258097,27363.40575483808,27805.84424516194,27274.144693547594,27389.48013553948,27500.225,27610.96986446052,0.8054106063533475,0.907468104456328,57.7918216924732,27500.225,27421.4475,27477.84875,27512.41555354808,27480.218010148525,27478.495541334458,61.46114912242819,53.56437881805906,160.17687811541188,0.7223666245628382,104.09342940846246,0
1679795880,1.737229175918984,1.750787042688325,1.7179309532471039,1.7786648408161372,-0.8561240490919496,-0.8118446902449968,-0.10646231687334648,-3.907476016665896,25.774401648605192,-29.681877665271088,27578.19446935476,27660.38053064523,27508.28893870952,27730.28606129048,27426.10287741904,27812.472122580948,27356.197346773795,27410.7587267015,27527.78,27644.801273298497,0.8502049442308699,0.7631786437790863,57.69058198537936,27527.78,27455.335,27485.3325,27538.068702365388,27500.064735576063,27489.055489778795,74.68074759361095,62.691268290408296,153.77555081915852,1.243555164125429,119.8385202456616,1
1679798340,1.745415906707664,1.7517097795056231,1.7200770977939817,1.7861691361751262,-0.7868287840925012,-0.7303007542501797,-0.11865863544397343,4.219626615762536,27.1212034248269,-22.901576809064363,27582.13890134405,27621.03609865596,27550.47780268809,27652.69719731191,27511.58060537618,27691.594394623826,27479.919506720227,27455.447842360245,27554.98,27654.51215763976,0.7224259109587783,0.6858444591038517,57.87840751579221,27554.98,27488.5325,27491.37375,27556.0374682436,27516.77569274405,27498.8573478951,84.08550674589851,73.4091344873126,146.7701543320758,1.2178099779897231,117.07659812553416,1
1679800800,1.7499706633727559,1.7389600409819874,1.7133923852709219,1.764793045598943,-0.6952337601234321,-0.6231623847499637,-0.12378531850968856,7.67311583927949,24.45975411867508,-16.786638279395593,27592.025000000005,27619.85000000001,27564.15000000001,27647.72500000001,27536.325000000004,27675.55000000001,27508.450000000008,27530.06572609597,27573.445,27616.82427390401,0.3146452966179731,0.299501023939679,54.29198536611329,27573.445,27507.4575,27491.452500000003,27556.04164549573,27523.91647588149,27504.304267143187,85.91654754611699,81.56093396187553,143.17228616549906,0.6915313445488693,79.9266432175841,1
1679803260,1.7458728565507826,1.721454658861501,1.7016750827043658,1.7538364564593925,-0.7810449852745412,-0.7242450951617625,-0.13644637999802003,6.356640264093585,18.514622834791343,-12.157982570697758,27553.81666666667,27603.13333333334,27506.733333333337,27650.21666666667,27457.416666666668,27699.53333333334,27410.333333333336,27501.02060391449,27566.92,27632.81939608552,0.4781048886528593,0.043281095308567,49.73515068139086,27566.92,27518.245000000003,27489.01625,27539.60276366382,27520.790752993948,27504.53481312955,80.29065414199187,83.43090281133584,139.63825415396457,0.3937209043445254,42.210069390914505,0
1679805720,1.7350708283590996,1.7188905152057388,1.6909670813071391,1.7491816963674263,-0.7742256165624559,-0.7163191835419785,-0.14529823273272588,4.676419910156255,13.467521984683213,-8.791102074526956,27516.07361266801,27558.247225336017,27464.551387332,27609.769450672025,27422.377774664,27651.94306334004,27370.855549327985,27469.9151465271,27548.725,27627.5348534729,0.5721488270175822,0.1876976809954004,49.08526919083612,27548.725,27524.475,27485.71,27526.235175775884,27516.91970699505,27504.05530711721,73.98150433351056,80.06290200720652,135.1112659288247,0.2270639861210301,19.07066867370029,1
1679808180,1.7283876789051127,1.72737259594937,1.7042800666210662,1.7534067862970568,-0.7108856221702186,-0.6418205921521791,-0.150167036093237,5.213268123905436,11.203496158745914,-5.990228034840477,27499.186806334004,27537.473612668007,27461.213193666,27575.44722533601,27422.926387332,27613.734031670014,27384.952774663994,27466.93184110044,27535.53,27604.128158899555,0.4982519595559369,0.4115865484250204,51.34990891207098,27535.53,27531.655,27478.74375,27525.29011718393,27518.097942086857,27505.897658820333,68.1674235060904,74.14652732719766,132.76760407676574,0.2615512392720385,30.40493535949584,0
1679810640,1.7292873547054104,1.724027674986661,1.6943585459289456,1.7566651183614326,-0.7435786125426831,-0.6802340522916454,-0.1546779645135143,4.822613383981661,8.650273135057711,-3.82765975107605,27523.7,27574.7,27472.4,27626.0,27421.4,27677.0,27370.1,27480.494845576613,27519.93,27559.365154423387,0.2865934210107863,0.4244963017506258,50.39791024876815,27519.93,27537.455,27471.57125,27521.518411455952,27517.348316252883,27506.66692940887,63.35986222578239,68.5029300217945,127.92706092842532,0.211247278597828,9.036001932353184,1
1679813100,1.7280646492490863,1.7207892236567182,1.6870757275485593,1.7560564189647907,-0.7703185406185924,-0.7116861839576022,-0.16138645392891915,3.733666070544132,6.049060657296145,-2.3153945867520136,27514.191666666666,27546.58333333333,27481.58333333333,27579.191666666666,27449.191666666666,27611.58333333333,27416.58333333333,27493.139996846297,27509.69,27526.240003153707,0.1203212624620989,0.3537764629090025,49.442190495665386,27509.69,27541.5675,27469.82,27515.96227430397,27515.07589511599,27506.49388851279,56.40719061008887,62.644825447320606,122.07512800496636,0.1497429791479488,-19.342447581586857,1
1679815560,1.7258339906187672,1.723459836945247,1.6912624685498445,1.7561638365053756,-0.6919404975801738,-0.6197841311793938,-0.17847777838860465,3.438238220183848,4.60290624554869,-1.1646680253648412,27503.68333333333,27527.266666666663,27481.266666666663,27549.68333333333,27457.68333333333,27573.266666666663,27435.266666666663,27494.46367387252,27510.82,27527.17632612748,0.1189083140922956,0.5475351245714987,50.27954894666019,27510.82,27538.870000000003,27470.265000000003,27514.76651620265,27514.58482327672,27507.053994368714,50.03725204535223,56.60143496040788,117.46976171889725,-0.0979507504715926,-18.06788246901018,1
1679818020,1.7260540341160704,1.7531293746091596,1.766025700715645,1.7560564189647907,-0.11046787516068562,0.06798646785886509,-0.18002276985350135,9.836541320666583,8.80096747682514,1.035573843841444,27510.25833333333,27540.11666666666,27482.516666666663,27567.85833333333,27452.658333333333,27597.71666666666,27424.916666666664,27463.205160630856,27530.115,27597.02483936914,0.4860847066504589,0.9921548207330956,58.50252913336095,27530.115,27539.42,27480.43375,27541.83601080177,27529.38303722641,27515.522661571697,49.037155298684674,51.82719931804197,128.39335016754754,0.0199344157721097,135.02279647978392,1
1679820480,1.74099955980119,1.784706493193451,1.7719363938939292,1.7824686042461875,-0.1860354082190207,-0.019867185358118582,-0.18543517817636318,21.83508031596648,16.639605177700027,5.195475138266452,27608.858333333334,27737.61666666667,27467.216666666667,27879.25833333333,27338.45833333333,28008.01666666667,27196.816666666666,27422.982499289377,27562.425,27701.86750071062,1.0118304228355957,0.9393387933219566,65.11519893786898,27562.425,27548.9775,27502.15625,27589.540673867847,27557.667939548875,27531.65859856487,58.289907679614224,52.45477167455042,134.46775325937233,0.3464195908751131,186.65791454909703,0
1679822940,1.764261664303405,1.7843604668869633,1.748997275130587,1.8059366502531529,-0.7689738642658079,-0.708595336522129,-0.21703352709220203,30.909034453979984,20.570847452570824,10.33818700140916,27668.70500218229,27783.54499781769,27570.1100043646,27882.1399956354,27455.270008729203,27996.979991270782,27356.675010911506,27439.06613941548,27596.425,27753.78386058452,1.140429317091048,0.7781857967031156,64.99297874832229,27596.425,27558.1775,27523.355,27621.018782578565,27580.632859630896,27546.16492251108,67.9119278191231,58.41299693247405,130.76952064988487,0.3334302818120124,151.47396757766742,1
1679825400,1.7757196948279816,1.783136066110164,1.7534654777117902,1.8121999868432757,-0.7515405318643625,-0.687958546389536,-0.2443161856879021,37.39080439739337,21.642093916787367,15.748710480606,27668.494167757814,27717.580832242176,27634.88833551563,27751.18666448436,27585.801671031262,27800.273328968724,27552.19583878908,27494.54393669176,27631.56,27768.57606330824,0.9917359954214776,0.6786834288540626,64.53141580148176,27631.56,27570.625,27539.04125,27640.854188385714,27598.79506697073,27558.961120367163,73.90255041224503,66.7014619703275,126.99312631775008,0.4517156849403254,131.31583706625204,0
1679827860,1.780836479365617,1.7870044627673016,1.7628240752440747,1.8201846906933403,-0.6590395687872046,-0.5784596479704389,-0.34416651142028,42.912523818617046,21.73105067040884,21.18147314820821,27677.408333333336,27717.91666666667,27640.01666666668,27755.30833333333,27599.50833333334,27795.81666666667,27562.11666666668,27595.62754113137,27667.370000000003,27739.11245886864,0.5186070007278143,0.6676482823375696,65.36823419520407,27667.370000000003,27589.095,27553.67,27657.71112559048,27615.63687297605,27571.576727951244,73.47752526574767,71.76400116570532,123.79361729505368,0.6714721581722447,125.61301303662454,0
1679830320,1.7853291658079722,1.8253956378485658,1.8467699914547093,1.8151002604390387,0.09887422812749203,0.32357136591246083,-0.42302338728141403,55.37897038716983,27.35799779116929,28.02097259600054,27697.34166666667,27735.48333333334,27653.28333333334,27779.54166666667,27615.14166666667,27817.68333333334,27571.08333333334,27616.31864463245,27708.095,27799.871355367548,0.6624515714093429,0.9985216488143231,72.3423317352622,27708.095,27619.105,27571.79,27705.00741706032,27649.084714253127,27593.293230051124,70.72111339016702,72.70039635605329,138.87978748826416,1.091292568955794,178.9080783330869,1
1679832780,1.8067720477651226,1.854435230185285,1.8316414315341003,1.8488233819655966,-0.26377694860604317,-0.10594456315266856,-0.47429694499790925,71.04238042934594,34.41712626667632,36.62525416266962,27808.2,27971.4,27636.4,28143.2,27473.2,28306.4,27301.4,27586.602595006385,27747.390000000003,27908.17740499362,1.158937146835202,0.9168081449082292,76.2399902699383,27747.390000000003,27654.9075,27593.28125,27763.813278040216,27691.32840257074,27620.734350998635,73.83152174824252,72.67672013471912,143.0895682780601,1.3008022264691057,161.97491002143528,1
1679835240,1.832014004408787,1.8587649952510719,1.8376576728048537,1.8742888079232065,-0.5419712094238878,-0.4362244553811993,-0.5097539454521838,83.47790248028832,37.48211865409496,45.99578382619336,27852.5360938182,27965.888906181804,27768.0721876364,28050.35281236361,27654.71937527279,28163.70562472721,27570.25546909099,27608.4591131156,27789.32,27970.180886884405,1.3016575208346643,0.7883569847433766,76.76573587124989,27789.32,27692.8725,27615.16375,27807.08385202681,27728.10960210333,27646.72393661781,76.53952353432202,73.69738622424391,143.14001763482017,1.3798442427893516,146.13824078557943,1
1679837700,1.846799972539529,1.9023643098684369,1.9241367432347547,1.8892056775605488,0.8922032535829295,1.2842169803692296,-0.5121794964713299,102.06951773410036,44.8589871263256,57.21053060777477,27886.009713575768,27961.71528642424,27817.919427151537,28029.80557284847,27742.213854303067,28105.51114569694,27674.12356787884,27640.95696799936,27856.51,28072.063032000635,1.5475953879408186,0.8710571790971788,81.26200389304636,27856.51,27744.035000000003,27642.80125,27876.880901351207,27780.539674448177,27681.93832360659,79.85010770784255,76.74038433013574,157.76826134921532,1.86012648678324,181.0566359856381,0
1679840160,1.8759936941479027,1.8572566754535642,1.8762882746486425,1.8258420144974221,0.8517445156279105,1.2173863587368619,-0.5081712192805808,105.33338133484358,38.49828058165504,66.83510075318854,28022.77985678788,28193.595143212115,27845.65971357576,28370.715286424234,27674.84442715153,28541.530572848467,27497.72428393941,27757.33661143983,27896.1,28034.863388560167,0.9948586975252318,0.4757681040014291,66.84848800240081,27896.1,27781.735000000004,27660.3025,27881.045600900805,27800.3279154576,27701.694197548823,71.94615428594801,76.11192850937091,174.2776712528429,1.3702924593024048,86.857421574321,1
1679842620,1.8680356201395887,1.8212255772319272,1.8227744744098213,1.8519086710124322,-0.2758976625826877,-0.12253485433335748,-0.5642725891938057,98.59129861366456,25.40495828838081,73.18634032528374,27876.091666666664,28077.183333333327,27688.28333333333,28264.991666666665,27487.191666666666,28466.08333333333,27299.383333333324,27748.29265915844,27893.75,28039.20734084156,1.0429385854649154,0.1359757459221205,57.9990548866309,27893.75,27800.9225,27670.171250000003,27849.980400600536,27798.05920355621,27709.899512067983,58.410923542061205,70.06906184528397,173.5433656341335,0.6953006733771864,47.07112627529025,1
1679845080,1.8460401413034946,1.8223080184983749,1.8110243708050848,1.8402001590887942,-0.23292119118506724,-0.07177073838000375,-0.5949096616760903,92.42879735218594,15.393965621521758,77.03483173066418,27815.8157975303,27883.8315950606,27719.83420246969,27979.81319012121,27651.81840493939,28047.828987651512,27555.83680987878,27707.75322710841,27875.645,28043.536772891595,1.2045767758313386,0.2476201527316126,58.178172540868296,27875.645,27811.5175,27680.2475,27830.286933733696,27796.75753018236,27717.613844251984,47.744045006288125,59.36704094476583,172.81169666026702,0.3826989031946987,28.510971520515053,1
1679847540,1.8355836493376765,1.8010584542923127,1.7911109640258638,1.8053610700927707,-0.3967354393809254,-0.2670461792809338,-0.6239073917170835,81.77095394387652,3.7888977705698608,77.98205617330666,27794.8,27874.5,27711.2,27958.1,27631.5,28037.800000000003,27547.9,27642.05094149255,27843.125,28044.19905850745,1.4443354221729714,0.2212469852349311,53.36667929667573,27843.125,27816.2225,27687.2,27797.199622489134,27784.806161058288,27718.891097180367,40.26465684912485,48.80654179915811,175.0394326131051,0.1699539173836232,-21.366057791986343,0
1679850000,1.8197300947639068,1.8133290794685055,1.8041285620970855,1.820900807630566,-0.4425011693097541,-0.32117709945841133,-0.6353307419724756,75.24704866450338,-2.188006007042617,77.435054671546,27723.541666666668,27829.283333333336,27625.283333333336,27927.541666666668,27519.541666666668,28033.283333333336,27421.283333333336,27687.457929186046,27792.95,27898.442070813955,0.7591282739972139,0.3703694041221515,55.6477403118743,27792.95,27824.73,27697.6775,27786.66641499276,27781.31413177496,27723.33956411557,39.23427804019645,42.41432663186986,176.65090171216892,0.3073460492530293,-10.470022185265185,1
1679852460,1.8179389340871095,1.8442673802562055,1.8312896045592024,1.860089129737213,-0.5068738276850747,-0.3955230845703109,-0.6407038333034218,76.23234169445641,-0.9621703816716832,77.19451207612809,27761.86666666667,27862.533333333336,27664.93333333333,27959.466666666667,27564.26666666667,28060.13333333333,27467.33333333334,27706.010609116805,27785.63,27865.24939088319,0.573097611126269,0.9216623567147806,60.847830150792674,27785.63,27840.865,27714.98,27808.702609995176,27794.307016906787,27735.66674848552,40.26418795614192,39.921040948487786,176.20440873272838,0.5826713504270673,49.59902824833192,0
1679854920,1.8325132706824614,1.8333719878365624,1.8041989274920653,1.8612898028900875,-0.6295736017407294,-0.5420602283625232,-0.6463524813153954,73.68654743935622,-2.8063717094175047,76.49291914877372,27853.14057067898,27935.63442932103,27770.28114135796,28018.49385864205,27687.78728271591,28100.9877172841,27604.927853394893,27707.56046058173,27792.475,27877.389539418265,0.6110613712399989,0.6742928843681308,58.25736910380196,27792.475,27843.1125,27731.108750000003,27813.16007333012,27799.35574110555,27743.89610577261,40.34165118379693,39.946705726711805,169.68980810896207,0.0808464869998208,13.356447977278634,1
1679857380,1.8343524728216511,1.8298318725471174,1.801982417550209,1.865228446044828,-0.6436627932738301,-0.5585947129055048,-0.66401884650199,70.05652006069795,-5.149119270460631,75.20563933115858,27818.358333333334,27862.716666666667,27777.716666666667,27903.358333333334,27733.358333333334,27947.716666666667,27692.716666666667,27710.4323447058,27796.715000000004,27882.997655294213,0.6208118858232685,0.5891546507669151,57.40226263080888,27796.715000000004,27836.18,27745.54375,27812.80671555341,27801.67287908636,27750.39171474665,38.24676750984501,39.617535549928,162.40482181546483,-0.2486422412053929,2.1916704607268,0
1679859840,1.833501928535189,1.8386156172502497,1.8185886507653894,1.8721389744890544,-0.6087170640648618,-0.5166009792342118,-0.6732208376144495,68.38847558954149,-5.453730993293675,73.84220658283516,27816.599999999995,27848.19999999999,27780.49999999999,27884.3,27748.9,27915.89999999999,27712.79999999999,27758.809013850816,27817.88,27876.95098614918,0.4246979723054482,0.6605695218299995,59.00992562293148,27817.88,27830.5025,27761.6875,27820.82114370228,27808.06871925247,27758.62583715173,35.36763442707424,37.985351040238776,157.63304882864605,-0.2035411317102078,25.10600658266321,1
1679862300,1.8374687463731492,1.8204536723943796,1.8037767351221876,1.828241006237128,-0.24832506065077625,-0.09213095826192189,-0.6635607378085974,62.2199111111222,-9.297836377370372,71.51774748849257,27847.016666666663,27889.733333333326,27794.133333333324,27942.616666666665,27751.41666666666,27985.33333333333,27698.53333333332,27776.41894691005,27821.895,27867.371053089948,0.3269083798206497,0.1017684304269464,54.435291479201375,27821.895,27807.4225,27775.72875,27809.105762468185,27803.99713393384,27761.201947899182,33.28322739506363,35.632543110661004,158.95211676945695,-0.8238009956641558,-77.62982591119598,1
1679864760,1.830370732876474,1.818359769616664,1.7939255798250469,1.8518370593187095,-0.6674137157371139,-0.5871322660820372,-0.6684598203018242,56.20727613673444,-12.248377081406517,68.45565321814095,27775.05833333333,27868.416666666668,27692.31666666667,27951.158333333333,27598.958333333336,28044.516666666663,27516.21666666667,27764.030148161262,27807.295,27850.559851838738,0.311176271109692,0.1819589247343589,53.91633551119634,27807.295,27796.4625,27789.09875,27799.32884164546,27799.593109582234,27762.970810004022,31.43217087556544,33.361010899234486,153.4698227144958,-0.3929811980368816,-59.31758914150217,1
1679867220,1.825774722859894,1.8640884768893338,1.8836062757265182,1.862543007530232,0.04704364585442164,0.2662251543738651,-0.6495413902249911,61.134615958664654,-5.85682980758105,66.9914457662457,27785.724999999995,27823.84999999999,27741.64999999999,27867.925,27703.525,27906.049999999992,27659.44999999999,27731.262836940416,27824.605,27917.947163059584,0.6709325293896102,0.9500645648546152,62.35659744446126,27824.605,27808.54,27804.73125,27835.76089443031,27819.4170896582,27776.84263762269,35.54228941189947,33.419229227509554,164.45054966346044,0.4346324022909346,104.02106984965668,0
1679869680,1.8463422044809559,1.9035266033594578,1.8889188630474758,1.888743856840154,-0.04192681105612998,0.1631130097827064,-0.6368343135753528,73.16304897061855,4.937282563498272,68.22576640712028,27923.608333333334,28069.716666666667,27762.516666666663,28230.80833333333,27616.408333333333,28376.916666666668,27455.316666666666,27686.819767505167,27866.135,28045.45023249483,1.2869759835357968,0.928337843536046,67.82908051541368,27866.135,27831.425,27821.471249999995,27897.09059628688,27855.841255174884,27799.976672134813,48.94634369810458,38.64026799518987,170.4987404731926,0.8234709923032306,151.11287734866653,0
1679872140,1.8763459856615814,1.9128693136346078,1.9065805771873499,1.9190132641959154,-0.047801915293462435,0.15833660186218904,-0.6211048961795435,83.85326800880648,12.502001281348951,71.35126672745753,27990.07492633343,28129.47507366657,27880.34985266686,28239.20014733314,27740.94970533372,28378.60029466628,27631.224631667148,27683.55502276995,27907.98,28132.40497723005,1.608321184335448,0.8076640615149644,68.97957511897754,27907.98,27862.93,27839.57625,27946.75206419125,27890.42920877945,27823.414608121973,66.49520762672041,50.32794691224152,173.66223118938296,1.136092156708954,199.5256068127143,1
1679874600,1.896019462868252,1.8880530167309102,1.8560230408945235,1.9174333707685711,-0.48392809102480366,-0.3659186960205114,-0.6149321818736433,85.69514026939578,11.475098833550604,74.22004143584518,28043.76246316672,28152.312536833284,27937.524926333423,28258.55007366657,27828.97485266685,28367.10014733314,27722.73731583357,27755.51644468238,27946.075,28136.63355531762,1.363758991683953,0.5789127519094383,62.577936834570295,27946.075,27883.985000000004,27854.3575,27956.551376127507,27906.014807183183,27837.960835919883,72.28599505481542,62.57584879321352,169.49171467585572,0.7583124441755371,106.45978723264297,0
1679877060,1.893447438161093,1.8858881341980163,1.8620744648627674,1.9139243977761662,-0.6101779087081998,-0.5163569108910693,-0.6118558623219797,85.67501010012347,9.16397493142263,76.51103516870084,27971.08333333333,28011.366666666665,27935.866666666665,28046.58333333333,27895.58333333333,28086.866666666665,27860.366666666665,27890.02835599328,27984.130000000005,28078.23164400673,0.6725357837225963,0.4251872794114036,62.037053226240566,27984.130000000005,27895.7125,27868.28875,27961.05091741834,27917.65756951351,27850.540756308463,71.33126644118765,70.03748970757454,164.70659219900887,0.4210531984694444,86.58332961732565,0
1679879520,1.8910789309030567,1.8573986349639184,1.8456172035226672,1.8729983148137255,-0.22672524042672887,-0.062478104571280176,-0.6000109076965422,78.27918150482219,1.4145170688970836,76.8646644359251,27971.516666666663,28022.033333333333,27919.533333333333,28074.016666666663,27869.016666666663,28124.533333333333,27817.033333333333,27873.77784105788,27980.360000000004,28086.942158942133,0.7618355084933034,0.0750461385887846,55.26711734834208,27980.360000000004,27902.4825,27872.7975,27937.292278278896,27912.588011420143,27854.27735094576,61.54171364148835,68.38632504583052,165.08636587675957,0.2433319585257416,17.556146180203907,0
1679881980,1.8756492217895893,1.8360159837168994,1.830321803083607,1.862829454305122,-0.6111228526631545,-0.5196327633236889,-0.6000086317758219,66.78639065090101,-8.062619028019284,74.8490096789203,27891.06614122917,27975.43228245834,27805.40885877082,28061.08956491669,27721.04271754165,28145.45570614585,27635.385435083303,27792.215804116964,27942.315,28092.41419588304,1.0743504672611284,0.1242817979921417,50.787398269042434,27942.315,27904.225,27870.202500000003,27901.369852185933,27897.48564570739,27851.919984189022,50.575935529325655,61.14963853733392,164.362283445831,0.0626525864641753,-27.971020364779992,0
1679884440,1.8572425118240983,1.8472751473818243,1.819644131690083,1.880231095879704,-0.6167426749272167,-0.5258888363136387,-0.5982932868438757,59.55173809411281,-12.237817267845998,71.7895553619588,27847.02473728125,27915.749474562497,27760.80026271873,28001.973949125007,27692.07552543749,28070.698686406256,27605.85105087498,27788.2669482602,27905.35,28022.4330517398,0.8391441192445364,0.3116721449232476,52.94998244176826,27905.35,27906.665,27868.58375,27887.99656812396,27890.897346487865,27852.8085571234,41.29369675848496,51.137115309766365,158.05069177112875,0.0876535958630559,-21.358291012156805,1
1679886900,1.8536690176354247,1.856032274676765,1.8284749887600193,1.880768183582623,-0.5193435878939437,-0.4097702465428792,-0.5948506414977552,55.17328679641287,-13.293014852436755,68.46630164884962,27863.68333333333,27900.466666666667,27824.466666666667,27939.68333333333,27787.68333333333,27976.466666666667,27748.466666666667,27794.04351060223,27887.305000000004,27980.566489397777,0.6688454793159353,0.4926014477738227,54.62029808096196,27887.305000000004,27916.69,27862.05625,27887.30604541597,27889.993283490072,27855.962504064028,38.79568248038623,43.55510492273233,153.87564235890514,0.3607974252920026,-6.760463988964039,0
1679889360,1.8562610511587,1.8623672178262962,1.8316414315341003,1.8965227562015856,-0.6085563958077017,-0.5154998365656119,-0.6011718001341364,52.5380524543798,-12.742599355575862,65.28065180995566,27880.775000000005,27933.15000000001,27833.55000000001,27980.375000000004,27781.175000000007,28032.750000000007,27733.95000000001,27821.757113249696,27874.05,27926.342886750303,0.3752083873732256,0.7842164761522731,55.84158574226832,27874.05,27929.090000000004,27862.776250000003,27892.795696943984,27892.49905012824,27860.51607510555,43.12406576980616,41.07114833622583,147.4988107618404,0.4463679061475479,11.308905375220087,0
